110 150 22
500 -143 483 -143 444 -148 370 -159 311 -164 257 -166 228 -168 162 -168 86 -173 43 -170 -3 -157 -27 -137 -33 -69 -23 42 -13 121 -4 195 4 321 7 400 12 447 15 498 0 0 0 0 0 0 0 0 0 0 0 0 0 0 0 0 0 0 0 0 0 0 0 0 0 0 0 0 0 0 0 0 0 0 0 0 0 0 0 0 0 0 0 0 0 0 0 0 0 0 0 0 0 0 0 0 0 0 0 0 0 0 0 0 0 0 0 0 0 0 0 0 0 0 0 0 0 0 0 0 0 0 0 0 0 0 0 0 0 0 0 0 0 0 0 0 0 0 0 0 0 0 0 0 0 0 0 0 0 0 
1 0 0 0 0 0 0 0 0 0 0 0 0 0 0 0 0 0 0 0 0 0 
500 -75 484 -77 450 -85 383 -92 345 -100 282 -105 243 -110 184 -120 140 -125 113 -127 69 -132 18 -137 -18 -135 -43 -110 -52 -17 -46 115 -43 180 -39 282 -37 345 -39 440 -43 500 0 0 0 0 0 0 0 0 0 0 0 0 0 0 0 0 0 0 0 0 0 0 0 0 0 0 0 0 0 0 0 0 0 0 0 0 0 0 0 0 0 0 0 0 0 0 0 0 0 0 0 0 0 0 0 0 0 0 0 0 0 0 0 0 0 0 0 0 0 0 0 0 0 0 0 0 0 0 0 0 0 0 0 0 0 0 0 0 0 0 0 0 0 0 0 0 0 0 0 0 0 0 0 0 0 0 0 0 
1 0 0 0 0 0 0 0 0 0 0 0 0 0 0 0 0 0 0 0 0 0 
500 -147 484 -147 439 -152 376 -161 335 -166 309 -168 250 -175 223 -177 160 -180 99 -180 72 -180 25 -180 -16 -180 -49 -173 -77 -140 -81 -78 -72 50 -61 138 -54 221 -52 279 -51 371 -52 438 -51 498 0 0 0 0 0 0 0 0 0 0 0 0 0 0 0 0 0 0 0 0 0 0 0 0 0 0 0 0 0 0 0 0 0 0 0 0 0 0 0 0 0 0 0 0 0 0 0 0 0 0 0 0 0 0 0 0 0 0 0 0 0 0 0 0 0 0 0 0 0 0 0 0 0 0 0 0 0 0 0 0 0 0 0 0 0 0 0 0 0 0 0 0 0 0 0 0 0 0 0 0 0 0 0 0 
1 0 0 0 0 0 0 0 0 0 0 0 0 0 0 0 0 0 0 0 0 0 
499 -188 485 -190 433 -190 373 -188 348 -190 306 -188 248 -184 222 -186 181 -182 122 -180 97 -177 55 -175 14 -173 -24 -169 -55 -162 -81 -145 -97 -93 -97 -34 -89 93 -84 177 -78 255 -77 312 -78 394 -79 464 -84 498 0 0 0 0 0 0 0 0 0 0 0 0 0 0 0 0 0 0 0 0 0 0 0 0 0 0 0 0 0 0 0 0 0 0 0 0 0 0 0 0 0 0 0 0 0 0 0 0 0 0 0 0 0 0 0 0 0 0 0 0 0 0 0 0 0 0 0 0 0 0 0 0 0 0 0 0 0 0 0 0 0 0 0 0 0 0 0 0 0 0 0 0 0 0 0 0 0 0 0 0 
1 0 0 0 0 0 0 0 0 0 0 0 0 0 0 0 0 0 0 0 0 0 
499 -169 481 -171 439 -171 380 -176 305 -179 245 -179 185 -179 124 -179 98 -181 55 -181 13 -181 -17 -179 -49 -150 -61 -89 -61 7 -53 118 -49 205 -46 268 -44 365 -46 435 -47 498 0 0 0 0 0 0 0 0 0 0 0 0 0 0 0 0 0 0 0 0 0 0 0 0 0 0 0 0 0 0 0 0 0 0 0 0 0 0 0 0 0 0 0 0 0 0 0 0 0 0 0 0 0 0 0 0 0 0 0 0 0 0 0 0 0 0 0 0 0 0 0 0 0 0 0 0 0 0 0 0 0 0 0 0 0 0 0 0 0 0 0 0 0 0 0 0 0 0 0 0 0 0 0 0 0 0 0 0 
1 0 0 0 0 0 0 0 0 0 0 0 0 0 0 0 0 0 0 0 0 0 
500 289 486 295 413 332 378 353 327 378 291 396 239 418 200 433 151 452 100 470 61 489 10 498 -29 489 -53 433 -61 353 -56 193 -49 83 -41 -3 -35 -76 -29 -187 -28 -276 0 0 0 0 0 0 0 0 0 0 0 0 0 0 0 0 0 0 0 0 0 0 0 0 0 0 0 0 0 0 0 0 0 0 0 0 0 0 0 0 0 0 0 0 0 0 0 0 0 0 0 0 0 0 0 0 0 0 0 0 0 0 0 0 0 0 0 0 0 0 0 0 0 0 0 0 0 0 0 0 0 0 0 0 0 0 0 0 0 0 0 0 0 0 0 0 0 0 0 0 0 0 0 0 0 0 0 0 
0 1 0 0 0 0 0 0 0 0 0 0 0 0 0 0 0 0 0 0 0 0 
499 372 483 372 443 378 375 390 333 400 286 409 232 424 205 430 139 448 114 460 77 469 19 487 -31 500 -63 490 -76 400 -65 278 -58 203 -50 63 -47 -15 -46 -139 -47 -187 -47 -263 0 0 0 0 0 0 0 0 0 0 0 0 0 0 0 0 0 0 0 0 0 0 0 0 0 0 0 0 0 0 0 0 0 0 0 0 0 0 0 0 0 0 0 0 0 0 0 0 0 0 0 0 0 0 0 0 0 0 0 0 0 0 0 0 0 0 0 0 0 0 0 0 0 0 0 0 0 0 0 0 0 0 0 0 0 0 0 0 0 0 0 0 0 0 0 0 0 0 0 0 0 0 0 0 0 0 
0 1 0 0 0 0 0 0 0 0 0 0 0 0 0 0 0 0 0 0 0 0 
499 386 483 389 436 402 393 415 335 424 274 433 199 449 160 459 101 474 62 484 7 493 -28 500 -67 449 -74 371 -71 245 -65 125 -62 75 -53 -44 -49 -94 -45 -176 -42 -248 0 0 0 0 0 0 0 0 0 0 0 0 0 0 0 0 0 0 0 0 0 0 0 0 0 0 0 0 0 0 0 0 0 0 0 0 0 0 0 0 0 0 0 0 0 0 0 0 0 0 0 0 0 0 0 0 0 0 0 0 0 0 0 0 0 0 0 0 0 0 0 0 0 0 0 0 0 0 0 0 0 0 0 0 0 0 0 0 0 0 0 0 0 0 0 0 0 0 0 0 0 0 0 0 0 0 0 0 
0 1 0 0 0 0 0 0 0 0 0 0 0 0 0 0 0 0 0 0 0 0 
499 357 481 360 446 373 385 391 344 403 300 415 260 431 219 443 195 452 137 474 99 489 62 498 20 489 0 467 -19 391 -22 314 -19 183 -16 103 -8 -12 -3 -128 -3 -238 -6 -308 0 0 0 0 0 0 0 0 0 0 0 0 0 0 0 0 0 0 0 0 0 0 0 0 0 0 0 0 0 0 0 0 0 0 0 0 0 0 0 0 0 0 0 0 0 0 0 0 0 0 0 0 0 0 0 0 0 0 0 0 0 0 0 0 0 0 0 0 0 0 0 0 0 0 0 0 0 0 0 0 0 0 0 0 0 0 0 0 0 0 0 0 0 0 0 0 0 0 0 0 0 0 0 0 0 0 
0 1 0 0 0 0 0 0 0 0 0 0 0 0 0 0 0 0 0 0 0 0 
499 328 483 335 453 352 393 379 353 396 310 410 271 423 215 444 175 457 119 477 84 488 36 498 -7 474 -30 403 -36 318 -38 176 -33 3 -30 -91 -29 -149 -29 -264 -30 -342 -35 -416 0 0 0 0 0 0 0 0 0 0 0 0 0 0 0 0 0 0 0 0 0 0 0 0 0 0 0 0 0 0 0 0 0 0 0 0 0 0 0 0 0 0 0 0 0 0 0 0 0 0 0 0 0 0 0 0 0 0 0 0 0 0 0 0 0 0 0 0 0 0 0 0 0 0 0 0 0 0 0 0 0 0 0 0 0 0 0 0 0 0 0 0 0 0 0 0 0 0 0 0 0 0 0 0 0 0 
0 1 0 0 0 0 0 0 0 0 0 0 0 0 0 0 0 0 0 0 0 0 
-134 99 -113 94 -74 92 11 94 41 96 111 99 159 99 211 101 257 99 307 96 354 89 397 79 445 75 482 101 499 169 499 242 490 382 489 421 484 498 0 0 0 0 0 0 0 0 0 0 0 0 0 0 0 0 0 0 0 0 0 0 0 0 0 0 0 0 0 0 0 0 0 0 0 0 0 0 0 0 0 0 0 0 0 0 0 0 0 0 0 0 0 0 0 0 0 0 0 0 0 0 0 0 0 0 0 0 0 0 0 0 0 0 0 0 0 0 0 0 0 0 0 0 0 0 0 0 0 0 0 0 0 0 0 0 0 0 0 0 0 0 0 0 0 0 0 0 0 0 0 0 
0 0 1 0 0 0 0 0 0 0 0 0 0 0 0 0 0 0 0 0 0 0 
-150 54 -116 46 -55 41 -21 39 25 34 90 32 120 32 190 27 253 22 283 19 331 12 375 9 415 7 463 24 486 61 498 115 500 187 496 261 491 325 480 401 475 448 463 500 0 0 0 0 0 0 0 0 0 0 0 0 0 0 0 0 0 0 0 0 0 0 0 0 0 0 0 0 0 0 0 0 0 0 0 0 0 0 0 0 0 0 0 0 0 0 0 0 0 0 0 0 0 0 0 0 0 0 0 0 0 0 0 0 0 0 0 0 0 0 0 0 0 0 0 0 0 0 0 0 0 0 0 0 0 0 0 0 0 0 0 0 0 0 0 0 0 0 0 0 0 0 0 0 0 0 
0 0 1 0 0 0 0 0 0 0 0 0 0 0 0 0 0 0 0 0 0 0 
-146 -10 -131 -13 -89 -15 -11 -19 46 -26 111 -28 179 -32 207 -34 257 -34 322 -39 384 -45 432 -50 474 -34 494 10 499 67 494 178 489 239 482 294 474 372 469 427 460 472 450 498 0 0 0 0 0 0 0 0 0 0 0 0 0 0 0 0 0 0 0 0 0 0 0 0 0 0 0 0 0 0 0 0 0 0 0 0 0 0 0 0 0 0 0 0 0 0 0 0 0 0 0 0 0 0 0 0 0 0 0 0 0 0 0 0 0 0 0 0 0 0 0 0 0 0 0 0 0 0 0 0 0 0 0 0 0 0 0 0 0 0 0 0 0 0 0 0 0 0 0 0 0 0 0 0 0 0 
0 0 1 0 0 0 0 0 0 0 0 0 0 0 0 0 0 0 0 0 0 0 
-120 43 -96 41 -18 41 18 38 80 35 125 33 194 25 223 25 274 20 343 20 369 25 419 35 455 48 479 94 493 169 498 241 499 317 498 382 493 446 487 500 0 0 0 0 0 0 0 0 0 0 0 0 0 0 0 0 0 0 0 0 0 0 0 0 0 0 0 0 0 0 0 0 0 0 0 0 0 0 0 0 0 0 0 0 0 0 0 0 0 0 0 0 0 0 0 0 0 0 0 0 0 0 0 0 0 0 0 0 0 0 0 0 0 0 0 0 0 0 0 0 0 0 0 0 0 0 0 0 0 0 0 0 0 0 0 0 0 0 0 0 0 0 0 0 0 0 0 0 0 0 
0 0 1 0 0 0 0 0 0 0 0 0 0 0 0 0 0 0 0 0 0 0 
-194 57 -172 50 -110 33 -74 28 -44 26 24 21 55 19 108 14 180 11 251 14 303 14 354 14 397 23 429 45 458 83 481 148 490 206 491 275 493 342 495 426 499 498 0 0 0 0 0 0 0 0 0 0 0 0 0 0 0 0 0 0 0 0 0 0 0 0 0 0 0 0 0 0 0 0 0 0 0 0 0 0 0 0 0 0 0 0 0 0 0 0 0 0 0 0 0 0 0 0 0 0 0 0 0 0 0 0 0 0 0 0 0 0 0 0 0 0 0 0 0 0 0 0 0 0 0 0 0 0 0 0 0 0 0 0 0 0 0 0 0 0 0 0 0 0 0 0 0 0 0 0 
0 0 1 0 0 0 0 0 0 0 0 0 0 0 0 0 0 0 0 0 0 0 
-139 412 -123 416 -61 432 -26 435 31 445 90 451 131 461 194 470 208 470 269 480 316 487 347 490 358 493 420 499 457 499 493 451 500 348 490 225 479 109 476 61 468 -58 463 -141 457 -212 451 -270 0 0 0 0 0 0 0 0 0 0 0 0 0 0 0 0 0 0 0 0 0 0 0 0 0 0 0 0 0 0 0 0 0 0 0 0 0 0 0 0 0 0 0 0 0 0 0 0 0 0 0 0 0 0 0 0 0 0 0 0 0 0 0 0 0 0 0 0 0 0 0 0 0 0 0 0 0 0 0 0 0 0 0 0 0 0 0 0 0 0 0 0 0 0 0 0 0 0 0 0 0 0 
0 0 0 1 0 0 0 0 0 0 0 0 0 0 0 0 0 0 0 0 0 0 
-56 471 -36 471 68 483 126 485 188 494 237 497 304 500 374 500 414 497 449 488 480 471 494 390 499 272 499 199 497 56 492 -53 490 -98 487 -205 484 -266 0 0 0 0 0 0 0 0 0 0 0 0 0 0 0 0 0 0 0 0 0 0 0 0 0 0 0 0 0 0 0 0 0 0 0 0 0 0 0 0 0 0 0 0 0 0 0 0 0 0 0 0 0 0 0 0 0 0 0 0 0 0 0 0 0 0 0 0 0 0 0 0 0 0 0 0 0 0 0 0 0 0 0 0 0 0 0 0 0 0 0 0 0 0 0 0 0 0 0 0 0 0 0 0 0 0 0 0 0 0 0 0 
0 0 0 1 0 0 0 0 0 0 0 0 0 0 0 0 0 0 0 0 0 0 
-88 431 -72 431 5 448 20 448 98 468 128 474 193 482 221 488 275 494 342 497 368 500 410 494 458 468 484 405 494 331 500 228 498 148 496 62 493 -54 491 -94 491 -165 0 0 0 0 0 0 0 0 0 0 0 0 0 0 0 0 0 0 0 0 0 0 0 0 0 0 0 0 0 0 0 0 0 0 0 0 0 0 0 0 0 0 0 0 0 0 0 0 0 0 0 0 0 0 0 0 0 0 0 0 0 0 0 0 0 0 0 0 0 0 0 0 0 0 0 0 0 0 0 0 0 0 0 0 0 0 0 0 0 0 0 0 0 0 0 0 0 0 0 0 0 0 0 0 0 0 0 0 
0 0 0 1 0 0 0 0 0 0 0 0 0 0 0 0 0 0 0 0 0 0 
-58 493 -38 490 5 487 61 484 138 490 171 490 240 500 304 500 357 493 404 484 440 465 468 384 477 303 482 187 486 100 489 -25 491 -75 495 -150 499 -209 0 0 0 0 0 0 0 0 0 0 0 0 0 0 0 0 0 0 0 0 0 0 0 0 0 0 0 0 0 0 0 0 0 0 0 0 0 0 0 0 0 0 0 0 0 0 0 0 0 0 0 0 0 0 0 0 0 0 0 0 0 0 0 0 0 0 0 0 0 0 0 0 0 0 0 0 0 0 0 0 0 0 0 0 0 0 0 0 0 0 0 0 0 0 0 0 0 0 0 0 0 0 0 0 0 0 0 0 0 0 0 0 
0 0 0 1 0 0 0 0 0 0 0 0 0 0 0 0 0 0 0 0 0 0 
-138 410 -101 419 -35 431 0 437 48 443 120 452 186 465 240 477 284 486 354 498 382 498 438 480 471 437 487 379 495 306 499 221 495 127 491 45 484 -66 476 -145 471 -212 462 -273 0 0 0 0 0 0 0 0 0 0 0 0 0 0 0 0 0 0 0 0 0 0 0 0 0 0 0 0 0 0 0 0 0 0 0 0 0 0 0 0 0 0 0 0 0 0 0 0 0 0 0 0 0 0 0 0 0 0 0 0 0 0 0 0 0 0 0 0 0 0 0 0 0 0 0 0 0 0 0 0 0 0 0 0 0 0 0 0 0 0 0 0 0 0 0 0 0 0 0 0 0 0 0 0 0 0 
0 0 0 1 0 0 0 0 0 0 0 0 0 0 0 0 0 0 0 0 0 0 
500 -34 463 -22 394 2 340 22 286 42 228 71 167 97 104 123 4 163 -19 174 -72 194 -105 209 -139 223 -161 237 -101 292 -67 309 6 335 26 338 92 355 180 383 237 409 289 435 361 472 394 487 423 498 0 0 0 0 0 0 0 0 0 0 0 0 0 0 0 0 0 0 0 0 0 0 0 0 0 0 0 0 0 0 0 0 0 0 0 0 0 0 0 0 0 0 0 0 0 0 0 0 0 0 0 0 0 0 0 0 0 0 0 0 0 0 0 0 0 0 0 0 0 0 0 0 0 0 0 0 0 0 0 0 0 0 0 0 0 0 0 0 0 0 0 0 0 0 0 0 0 0 0 0 
0 0 0 0 1 0 0 0 0 0 0 0 0 0 0 0 0 0 0 0 0 0 
499 87 476 90 414 97 382 106 326 116 269 126 204 142 137 158 101 171 18 197 -33 213 -90 233 -138 258 -160 268 -192 288 -120 326 -80 333 -47 343 40 365 97 388 204 436 223 443 280 466 346 478 405 491 439 495 476 498 0 0 0 0 0 0 0 0 0 0 0 0 0 0 0 0 0 0 0 0 0 0 0 0 0 0 0 0 0 0 0 0 0 0 0 0 0 0 0 0 0 0 0 0 0 0 0 0 0 0 0 0 0 0 0 0 0 0 0 0 0 0 0 0 0 0 0 0 0 0 0 0 0 0 0 0 0 0 0 0 0 0 0 0 0 0 0 0 0 0 0 0 0 0 0 0 
0 0 0 0 1 0 0 0 0 0 0 0 0 0 0 0 0 0 0 0 0 0 
500 -58 466 -46 391 -6 329 24 298 36 216 76 164 107 132 123 100 138 37 166 -41 206 -86 230 -123 255 -143 267 -184 295 -48 347 -34 347 45 375 77 384 138 403 198 424 253 440 307 455 331 464 370 483 411 498 0 0 0 0 0 0 0 0 0 0 0 0 0 0 0 0 0 0 0 0 0 0 0 0 0 0 0 0 0 0 0 0 0 0 0 0 0 0 0 0 0 0 0 0 0 0 0 0 0 0 0 0 0 0 0 0 0 0 0 0 0 0 0 0 0 0 0 0 0 0 0 0 0 0 0 0 0 0 0 0 0 0 0 0 0 0 0 0 0 0 0 0 0 0 0 0 0 0 
0 0 0 0 1 0 0 0 0 0 0 0 0 0 0 0 0 0 0 0 0 0 
486 200 467 200 394 210 356 218 321 225 256 240 188 254 79 280 61 287 3 294 -61 309 -118 320 -156 327 -190 330 -74 360 -6 378 55 403 122 429 188 443 277 472 315 483 381 498 423 498 462 490 499 483 0 0 0 0 0 0 0 0 0 0 0 0 0 0 0 0 0 0 0 0 0 0 0 0 0 0 0 0 0 0 0 0 0 0 0 0 0 0 0 0 0 0 0 0 0 0 0 0 0 0 0 0 0 0 0 0 0 0 0 0 0 0 0 0 0 0 0 0 0 0 0 0 0 0 0 0 0 0 0 0 0 0 0 0 0 0 0 0 0 0 0 0 0 0 0 0 0 0 0 0 
0 0 0 0 1 0 0 0 0 0 0 0 0 0 0 0 0 0 0 0 0 0 
500 80 452 99 380 127 323 145 265 158 204 170 140 177 74 186 11 195 -47 214 -101 232 -132 245 -173 260 -134 285 -59 301 0 316 58 338 111 369 168 403 241 440 300 459 353 475 385 487 426 496 453 500 0 0 0 0 0 0 0 0 0 0 0 0 0 0 0 0 0 0 0 0 0 0 0 0 0 0 0 0 0 0 0 0 0 0 0 0 0 0 0 0 0 0 0 0 0 0 0 0 0 0 0 0 0 0 0 0 0 0 0 0 0 0 0 0 0 0 0 0 0 0 0 0 0 0 0 0 0 0 0 0 0 0 0 0 0 0 0 0 0 0 0 0 0 0 0 0 0 0 0 0 
0 0 0 0 1 0 0 0 0 0 0 0 0 0 0 0 0 0 0 0 0 0 
-202 400 -180 396 -120 396 -87 400 -51 407 7 423 34 430 72 442 134 453 192 453 232 453 293 457 334 465 376 473 416 484 456 492 491 496 499 500 404 484 349 473 294 457 241 434 183 400 128 361 103 346 56 323 26 300 -19 265 -47 250 0 0 0 0 0 0 0 0 0 0 0 0 0 0 0 0 0 0 0 0 0 0 0 0 0 0 0 0 0 0 0 0 0 0 0 0 0 0 0 0 0 0 0 0 0 0 0 0 0 0 0 0 0 0 0 0 0 0 0 0 0 0 0 0 0 0 0 0 0 0 0 0 0 0 0 0 0 0 0 0 0 0 0 0 0 0 0 0 0 0 0 0 
0 0 0 0 0 1 0 0 0 0 0 0 0 0 0 0 0 0 0 0 0 0 
-130 498 -95 494 -22 494 77 487 141 480 166 477 212 466 242 463 322 442 334 439 391 425 431 411 443 407 479 393 500 383 342 418 252 425 130 432 99 428 10 421 -26 414 -68 411 -108 418 0 0 0 0 0 0 0 0 0 0 0 0 0 0 0 0 0 0 0 0 0 0 0 0 0 0 0 0 0 0 0 0 0 0 0 0 0 0 0 0 0 0 0 0 0 0 0 0 0 0 0 0 0 0 0 0 0 0 0 0 0 0 0 0 0 0 0 0 0 0 0 0 0 0 0 0 0 0 0 0 0 0 0 0 0 0 0 0 0 0 0 0 0 0 0 0 0 0 0 0 0 0 0 0 
0 0 0 0 0 1 0 0 0 0 0 0 0 0 0 0 0 0 0 0 0 0 
-156 500 -123 481 -52 463 4 455 45 452 109 448 167 444 209 437 274 426 301 422 341 419 405 408 460 393 492 389 500 389 417 404 356 415 301 426 243 430 159 433 94 430 33 426 -21 422 -60 411 -109 393 0 0 0 0 0 0 0 0 0 0 0 0 0 0 0 0 0 0 0 0 0 0 0 0 0 0 0 0 0 0 0 0 0 0 0 0 0 0 0 0 0 0 0 0 0 0 0 0 0 0 0 0 0 0 0 0 0 0 0 0 0 0 0 0 0 0 0 0 0 0 0 0 0 0 0 0 0 0 0 0 0 0 0 0 0 0 0 0 0 0 0 0 0 0 0 0 0 0 0 0 
0 0 0 0 0 1 0 0 0 0 0 0 0 0 0 0 0 0 0 0 0 0 
-109 500 -26 483 8 479 70 483 130 491 190 487 247 466 302 445 356 425 393 412 435 395 470 391 500 391 401 458 341 475 285 483 226 491 166 491 104 483 46 475 -8 462 -44 458 -80 454 0 0 0 0 0 0 0 0 0 0 0 0 0 0 0 0 0 0 0 0 0 0 0 0 0 0 0 0 0 0 0 0 0 0 0 0 0 0 0 0 0 0 0 0 0 0 0 0 0 0 0 0 0 0 0 0 0 0 0 0 0 0 0 0 0 0 0 0 0 0 0 0 0 0 0 0 0 0 0 0 0 0 0 0 0 0 0 0 0 0 0 0 0 0 0 0 0 0 0 0 0 0 0 0 
0 0 0 0 0 1 0 0 0 0 0 0 0 0 0 0 0 0 0 0 0 0 
-79 500 -57 495 -10 491 34 491 87 487 139 474 198 465 221 461 264 457 322 461 377 465 417 465 465 465 500 461 452 474 390 487 365 487 304 482 278 482 233 474 174 461 147 457 105 457 44 461 19 465 -41 470 -63 478 -102 482 -139 482 0 0 0 0 0 0 0 0 0 0 0 0 0 0 0 0 0 0 0 0 0 0 0 0 0 0 0 0 0 0 0 0 0 0 0 0 0 0 0 0 0 0 0 0 0 0 0 0 0 0 0 0 0 0 0 0 0 0 0 0 0 0 0 0 0 0 0 0 0 0 0 0 0 0 0 0 0 0 0 0 0 0 0 0 0 0 0 0 0 0 0 0 
0 0 0 0 0 1 0 0 0 0 0 0 0 0 0 0 0 0 0 0 0 0 
242 -305 269 -251 304 -167 315 -134 338 -60 356 15 373 91 390 169 405 240 413 292 427 370 438 416 448 464 463 498 486 390 490 336 496 240 498 143 498 47 496 -39 494 -117 494 -175 494 -258 492 -301 0 0 0 0 0 0 0 0 0 0 0 0 0 0 0 0 0 0 0 0 0 0 0 0 0 0 0 0 0 0 0 0 0 0 0 0 0 0 0 0 0 0 0 0 0 0 0 0 0 0 0 0 0 0 0 0 0 0 0 0 0 0 0 0 0 0 0 0 0 0 0 0 0 0 0 0 0 0 0 0 0 0 0 0 0 0 0 0 0 0 0 0 0 0 0 0 0 0 0 0 0 0 
0 0 0 0 0 0 1 0 0 0 0 0 0 0 0 0 0 0 0 0 0 0 
253 -354 288 -250 318 -157 325 -134 353 -32 364 11 386 104 395 150 411 236 419 273 434 345 450 422 458 452 471 498 487 354 487 299 489 194 491 90 491 44 493 -51 495 -141 495 -183 500 -248 497 -303 0 0 0 0 0 0 0 0 0 0 0 0 0 0 0 0 0 0 0 0 0 0 0 0 0 0 0 0 0 0 0 0 0 0 0 0 0 0 0 0 0 0 0 0 0 0 0 0 0 0 0 0 0 0 0 0 0 0 0 0 0 0 0 0 0 0 0 0 0 0 0 0 0 0 0 0 0 0 0 0 0 0 0 0 0 0 0 0 0 0 0 0 0 0 0 0 0 0 0 0 0 0 
0 0 0 0 0 0 1 0 0 0 0 0 0 0 0 0 0 0 0 0 0 0 
318 -273 344 -166 357 -122 374 -36 380 2 393 88 406 176 417 261 424 322 435 408 443 481 456 498 471 386 478 286 478 190 478 110 480 12 484 -53 487 -154 491 -227 497 -286 500 -342 0 0 0 0 0 0 0 0 0 0 0 0 0 0 0 0 0 0 0 0 0 0 0 0 0 0 0 0 0 0 0 0 0 0 0 0 0 0 0 0 0 0 0 0 0 0 0 0 0 0 0 0 0 0 0 0 0 0 0 0 0 0 0 0 0 0 0 0 0 0 0 0 0 0 0 0 0 0 0 0 0 0 0 0 0 0 0 0 0 0 0 0 0 0 0 0 0 0 0 0 0 0 0 0 0 0 
0 0 0 0 0 0 1 0 0 0 0 0 0 0 0 0 0 0 0 0 0 0 
293 -318 299 -261 316 -150 329 -65 341 13 352 90 362 172 373 252 386 311 390 347 400 406 411 454 424 500 436 397 440 345 443 297 449 206 455 113 462 20 468 -68 474 -150 485 -227 491 -286 500 -352 0 0 0 0 0 0 0 0 0 0 0 0 0 0 0 0 0 0 0 0 0 0 0 0 0 0 0 0 0 0 0 0 0 0 0 0 0 0 0 0 0 0 0 0 0 0 0 0 0 0 0 0 0 0 0 0 0 0 0 0 0 0 0 0 0 0 0 0 0 0 0 0 0 0 0 0 0 0 0 0 0 0 0 0 0 0 0 0 0 0 0 0 0 0 0 0 0 0 0 0 0 0 
0 0 0 0 0 0 1 0 0 0 0 0 0 0 0 0 0 0 0 0 0 0 
281 -327 291 -278 314 -166 324 -126 338 -39 355 39 367 119 379 203 391 283 397 346 404 384 412 449 418 498 432 348 440 241 446 185 459 74 461 46 471 -42 483 -140 491 -238 497 -316 500 -367 0 0 0 0 0 0 0 0 0 0 0 0 0 0 0 0 0 0 0 0 0 0 0 0 0 0 0 0 0 0 0 0 0 0 0 0 0 0 0 0 0 0 0 0 0 0 0 0 0 0 0 0 0 0 0 0 0 0 0 0 0 0 0 0 0 0 0 0 0 0 0 0 0 0 0 0 0 0 0 0 0 0 0 0 0 0 0 0 0 0 0 0 0 0 0 0 0 0 0 0 0 0 0 0 
0 0 0 0 0 0 1 0 0 0 0 0 0 0 0 0 0 0 0 0 0 0 
330 438 332 394 350 236 352 195 384 -4 388 -23 420 -188 444 -308 465 -373 478 -407 492 -288 496 -147 496 -119 496 58 498 97 496 203 485 316 487 340 483 414 478 453 469 498 0 0 0 0 0 0 0 0 0 0 0 0 0 0 0 0 0 0 0 0 0 0 0 0 0 0 0 0 0 0 0 0 0 0 0 0 0 0 0 0 0 0 0 0 0 0 0 0 0 0 0 0 0 0 0 0 0 0 0 0 0 0 0 0 0 0 0 0 0 0 0 0 0 0 0 0 0 0 0 0 0 0 0 0 0 0 0 0 0 0 0 0 0 0 0 0 0 0 0 0 0 0 0 0 0 0 0 0 
0 0 0 0 0 0 0 1 0 0 0 0 0 0 0 0 0 0 0 0 0 0 
232 465 244 371 253 321 259 266 265 217 286 68 290 50 313 -57 329 -142 344 -215 354 -263 363 -305 383 -302 412 -199 423 -149 448 -43 462 32 475 110 487 194 495 279 497 337 500 426 497 500 0 0 0 0 0 0 0 0 0 0 0 0 0 0 0 0 0 0 0 0 0 0 0 0 0 0 0 0 0 0 0 0 0 0 0 0 0 0 0 0 0 0 0 0 0 0 0 0 0 0 0 0 0 0 0 0 0 0 0 0 0 0 0 0 0 0 0 0 0 0 0 0 0 0 0 0 0 0 0 0 0 0 0 0 0 0 0 0 0 0 0 0 0 0 0 0 0 0 0 0 0 0 0 0 
0 0 0 0 0 0 0 1 0 0 0 0 0 0 0 0 0 0 0 0 0 0 
193 480 201 432 221 328 227 284 243 198 258 111 274 31 288 -52 302 -129 316 -200 320 -239 332 -298 338 -348 376 -268 388 -234 404 -166 418 -109 432 -34 446 47 456 134 466 223 474 298 486 400 490 432 500 498 0 0 0 0 0 0 0 0 0 0 0 0 0 0 0 0 0 0 0 0 0 0 0 0 0 0 0 0 0 0 0 0 0 0 0 0 0 0 0 0 0 0 0 0 0 0 0 0 0 0 0 0 0 0 0 0 0 0 0 0 0 0 0 0 0 0 0 0 0 0 0 0 0 0 0 0 0 0 0 0 0 0 0 0 0 0 0 0 0 0 0 0 0 0 0 0 0 0 0 0 
0 0 0 0 0 0 0 1 0 0 0 0 0 0 0 0 0 0 0 0 0 0 
213 495 217 448 227 359 236 314 242 270 255 183 265 89 278 4 290 -80 307 -160 316 -227 322 -258 330 -305 368 -234 381 -191 395 -154 414 -80 429 -4 444 78 454 160 467 243 479 321 490 395 492 428 500 500 0 0 0 0 0 0 0 0 0 0 0 0 0 0 0 0 0 0 0 0 0 0 0 0 0 0 0 0 0 0 0 0 0 0 0 0 0 0 0 0 0 0 0 0 0 0 0 0 0 0 0 0 0 0 0 0 0 0 0 0 0 0 0 0 0 0 0 0 0 0 0 0 0 0 0 0 0 0 0 0 0 0 0 0 0 0 0 0 0 0 0 0 0 0 0 0 0 0 0 0 
0 0 0 0 0 0 0 1 0 0 0 0 0 0 0 0 0 0 0 0 0 0 
198 454 205 427 229 329 235 293 246 220 256 151 263 111 274 28 287 -57 302 -144 315 -229 325 -298 332 -349 340 -394 377 -325 388 -280 407 -207 418 -131 433 -48 446 33 457 118 471 204 476 280 482 334 489 418 491 449 499 498 0 0 0 0 0 0 0 0 0 0 0 0 0 0 0 0 0 0 0 0 0 0 0 0 0 0 0 0 0 0 0 0 0 0 0 0 0 0 0 0 0 0 0 0 0 0 0 0 0 0 0 0 0 0 0 0 0 0 0 0 0 0 0 0 0 0 0 0 0 0 0 0 0 0 0 0 0 0 0 0 0 0 0 0 0 0 0 0 0 0 0 0 0 0 0 0 
0 0 0 0 0 0 0 1 0 0 0 0 0 0 0 0 0 0 0 0 0 0 
62 193 62 166 77 49 88 -10 112 -111 116 -128 147 -215 177 -256 210 -283 245 -297 286 -288 345 -253 371 -237 391 -215 423 -171 452 -130 473 -76 493 8 499 76 473 237 454 294 430 337 395 400 365 435 330 468 251 498 210 487 170 465 112 389 75 283 62 188 0 0 0 0 0 0 0 0 0 0 0 0 0 0 0 0 0 0 0 0 0 0 0 0 0 0 0 0 0 0 0 0 0 0 0 0 0 0 0 0 0 0 0 0 0 0 0 0 0 0 0 0 0 0 0 0 0 0 0 0 0 0 0 0 0 0 0 0 0 0 0 0 0 0 0 0 0 0 0 0 0 0 0 0 0 0 0 0 
0 0 0 0 0 0 0 0 1 0 0 0 0 0 0 0 0 0 0 0 0 0 
-23 248 -13 188 0 125 15 81 27 39 56 -23 82 -60 111 -102 146 -133 187 -151 238 -164 287 -162 369 -133 380 -123 425 -75 455 -36 478 13 494 68 500 136 488 230 470 282 437 348 421 376 378 424 345 455 306 481 257 500 199 497 142 473 95 437 64 397 41 350 15 287 3 235 -3 191 0 0 0 0 0 0 0 0 0 0 0 0 0 0 0 0 0 0 0 0 0 0 0 0 0 0 0 0 0 0 0 0 0 0 0 0 0 0 0 0 0 0 0 0 0 0 0 0 0 0 0 0 0 0 0 0 0 0 0 0 0 0 0 0 0 0 0 0 0 0 0 0 0 0 0 0 0 0 0 0 
0 0 0 0 0 0 0 0 1 0 0 0 0 0 0 0 0 0 0 0 0 0 
55 148 59 97 92 -19 126 -70 142 -92 176 -126 222 -160 276 -167 341 -153 393 -121 411 -104 454 -58 469 -29 493 36 499 94 487 189 476 240 443 323 408 374 391 399 346 442 298 476 276 489 228 498 178 481 137 457 102 425 70 374 46 316 35 265 27 192 29 138 0 0 0 0 0 0 0 0 0 0 0 0 0 0 0 0 0 0 0 0 0 0 0 0 0 0 0 0 0 0 0 0 0 0 0 0 0 0 0 0 0 0 0 0 0 0 0 0 0 0 0 0 0 0 0 0 0 0 0 0 0 0 0 0 0 0 0 0 0 0 0 0 0 0 0 0 0 0 0 0 0 0 0 0 0 0 
0 0 0 0 0 0 0 0 1 0 0 0 0 0 0 0 0 0 0 0 0 0 
55 85 64 22 92 -94 118 -166 148 -220 179 -252 228 -292 259 -303 313 -303 357 -292 409 -257 447 -200 470 -151 489 -63 496 -20 499 54 487 189 468 272 447 326 423 369 386 426 357 458 311 489 261 498 207 487 170 461 128 412 88 326 73 277 50 171 41 97 38 48 0 0 0 0 0 0 0 0 0 0 0 0 0 0 0 0 0 0 0 0 0 0 0 0 0 0 0 0 0 0 0 0 0 0 0 0 0 0 0 0 0 0 0 0 0 0 0 0 0 0 0 0 0 0 0 0 0 0 0 0 0 0 0 0 0 0 0 0 0 0 0 0 0 0 0 0 0 0 0 0 0 0 0 0 0 0 
0 0 0 0 0 0 0 0 1 0 0 0 0 0 0 0 0 0 0 0 0 0 
-18 243 -15 187 0 106 11 75 32 30 66 -30 85 -50 132 -98 162 -126 223 -154 250 -162 316 -162 382 -136 414 -113 446 -81 482 -22 496 22 500 91 484 210 464 260 433 321 405 362 373 402 333 448 297 473 255 491 196 498 147 488 104 468 60 420 37 377 18 321 5 212 5 156 9 93 0 0 0 0 0 0 0 0 0 0 0 0 0 0 0 0 0 0 0 0 0 0 0 0 0 0 0 0 0 0 0 0 0 0 0 0 0 0 0 0 0 0 0 0 0 0 0 0 0 0 0 0 0 0 0 0 0 0 0 0 0 0 0 0 0 0 0 0 0 0 0 0 0 0 0 0 0 0 0 0 
0 0 0 0 0 0 0 0 1 0 0 0 0 0 0 0 0 0 0 0 0 0 
51 71 52 129 70 274 93 345 112 387 149 440 170 461 221 493 244 498 292 493 353 459 399 422 433 366 464 308 484 245 491 208 500 97 491 -2 478 -55 448 -126 420 -160 385 -189 346 -203 301 -213 251 -213 205 -205 144 -171 105 -118 84 -71 70 -13 61 42 0 0 0 0 0 0 0 0 0 0 0 0 0 0 0 0 0 0 0 0 0 0 0 0 0 0 0 0 0 0 0 0 0 0 0 0 0 0 0 0 0 0 0 0 0 0 0 0 0 0 0 0 0 0 0 0 0 0 0 0 0 0 0 0 0 0 0 0 0 0 0 0 0 0 0 0 0 0 0 0 0 0 0 0 0 0 0 0 
0 0 0 0 0 0 0 0 0 1 0 0 0 0 0 0 0 0 0 0 0 0 
-3 44 3 96 26 206 48 283 73 342 105 399 122 423 171 467 223 495 274 500 342 482 377 458 422 406 456 344 479 273 494 194 500 135 496 39 486 -24 451 -110 424 -140 360 -184 281 -204 255 -209 191 -201 118 -167 90 -133 60 -68 43 -19 30 34 18 83 0 0 0 0 0 0 0 0 0 0 0 0 0 0 0 0 0 0 0 0 0 0 0 0 0 0 0 0 0 0 0 0 0 0 0 0 0 0 0 0 0 0 0 0 0 0 0 0 0 0 0 0 0 0 0 0 0 0 0 0 0 0 0 0 0 0 0 0 0 0 0 0 0 0 0 0 0 0 0 0 0 0 0 0 0 0 0 0 
0 0 0 0 0 0 0 0 0 1 0 0 0 0 0 0 0 0 0 0 0 0 
-57 151 -20 242 -5 277 24 326 48 361 96 428 124 456 175 491 224 498 290 489 344 456 374 426 416 372 448 319 470 251 487 179 496 125 500 37 488 -46 466 -116 446 -158 416 -193 355 -240 331 -251 285 -258 216 -244 179 -226 118 -174 92 -142 53 -72 42 -41 25 6 14 60 7 109 5 158 0 0 0 0 0 0 0 0 0 0 0 0 0 0 0 0 0 0 0 0 0 0 0 0 0 0 0 0 0 0 0 0 0 0 0 0 0 0 0 0 0 0 0 0 0 0 0 0 0 0 0 0 0 0 0 0 0 0 0 0 0 0 0 0 0 0 0 0 0 0 0 0 0 0 0 0 0 0 0 0 
0 0 0 0 0 0 0 0 0 1 0 0 0 0 0 0 0 0 0 0 0 0 
77 21 81 48 110 206 131 282 151 346 170 395 210 449 260 489 286 498 353 486 379 474 401 455 448 395 475 325 494 234 499 182 493 36 479 -60 451 -145 418 -209 401 -237 358 -285 337 -306 284 -331 222 -322 177 -300 141 -273 93 -200 70 -151 39 -48 31 -15 18 48 10 100 0 0 0 0 0 0 0 0 0 0 0 0 0 0 0 0 0 0 0 0 0 0 0 0 0 0 0 0 0 0 0 0 0 0 0 0 0 0 0 0 0 0 0 0 0 0 0 0 0 0 0 0 0 0 0 0 0 0 0 0 0 0 0 0 0 0 0 0 0 0 0 0 0 0 0 0 0 0 0 0 0 0 0 0 
0 0 0 0 0 0 0 0 0 1 0 0 0 0 0 0 0 0 0 0 0 0 
-13 44 5 152 17 197 28 239 55 302 83 366 114 415 146 453 180 481 243 500 273 495 338 462 363 441 403 384 442 319 460 284 482 211 496 133 500 79 496 -14 486 -68 444 -140 425 -159 370 -192 346 -201 296 -204 228 -187 174 -157 144 -122 115 -84 95 -37 74 32 62 86 53 145 0 0 0 0 0 0 0 0 0 0 0 0 0 0 0 0 0 0 0 0 0 0 0 0 0 0 0 0 0 0 0 0 0 0 0 0 0 0 0 0 0 0 0 0 0 0 0 0 0 0 0 0 0 0 0 0 0 0 0 0 0 0 0 0 0 0 0 0 0 0 0 0 0 0 0 0 0 0 0 0 0 0 
0 0 0 0 0 0 0 0 0 1 0 0 0 0 0 0 0 0 0 0 0 0 
438 363 438 363 447 500 452 500 458 500 466 363 469 500 472 500 472 500 475 500 475 500 480 500 486 363 497 363 500 363 500 438 500 438 452 447 384 452 348 458 254 466 211 469 150 472 121 472 73 475 29 475 -30 480 -87 486 -139 497 -177 500 -115 -136 -115 -136 0 0 0 0 0 0 0 0 0 0 0 0 0 0 0 0 0 0 0 0 0 0 0 0 0 0 0 0 0 0 0 0 0 0 0 0 0 0 0 0 0 0 0 0 0 0 0 0 0 0 0 0 0 0 0 0 0 0 0 0 0 0 0 0 0 0 0 0 0 0 0 0 0 0 0 0 0 0 0 0 0 0 0 0 0 0 
0 0 0 0 0 0 0 0 0 0 1 0 0 0 0 0 0 0 0 0 0 0 
458 363 458 363 479 363 484 500 494 204 494 500 497 500 497 363 497 204 500 500 500 500 500 204 497 500 492 204 499 458 499 458 412 479 374 484 280 494 253 494 187 497 139 497 76 497 30 500 -33 500 -74 500 -125 497 -156 492 -160 492 0 0 0 0 0 0 0 0 0 0 0 0 0 0 0 0 0 0 0 0 0 0 0 0 0 0 0 0 0 0 0 0 0 0 0 0 0 0 0 0 0 0 0 0 0 0 0 0 0 0 0 0 0 0 0 0 0 0 0 0 0 0 0 0 0 0 0 0 0 0 0 0 0 0 0 0 0 0 0 0 0 0 0 0 0 0 0 0 0 0 0 0 
0 0 0 0 0 0 0 0 0 0 1 0 0 0 0 0 0 0 0 0 0 0 
484 500 469 500 453 500 453 500 446 500 438 500 438 363 446 500 453 500 461 500 469 500 476 500 492 500 500 204 499 484 499 484 439 469 374 453 351 453 281 446 238 438 177 438 149 446 86 453 43 461 -4 469 -60 476 -107 492 -129 500 -129 500 0 0 0 0 0 0 0 0 0 0 0 0 0 0 0 0 0 0 0 0 0 0 0 0 0 0 0 0 0 0 0 0 0 0 0 0 0 0 0 0 0 0 0 0 0 0 0 0 0 0 0 0 0 0 0 0 0 0 0 0 0 0 0 0 0 0 0 0 0 0 0 0 0 0 0 0 0 0 0 0 0 0 0 0 0 0 0 0 0 0 
0 0 0 0 0 0 0 0 0 0 1 0 0 0 0 0 0 0 0 0 0 0 
469 500 469 500 474 500 474 204 472 500 472 363 472 204 469 204 474 204 482 204 487 500 492 204 497 363 500 363 500 500 499 -160 438 469 438 469 383 474 315 474 271 472 242 472 177 472 117 469 43 474 -30 482 -57 487 -99 492 -140 497 -176 500 -203 500 -149 -138 -149 -138 0 0 0 0 0 0 0 0 0 0 0 0 0 0 0 0 0 0 0 0 0 0 0 0 0 0 0 0 0 0 0 0 0 0 0 0 0 0 0 0 0 0 0 0 0 0 0 0 0 0 0 0 0 0 0 0 0 0 0 0 0 0 0 0 0 0 0 0 0 0 0 0 0 0 0 0 0 0 0 0 0 0 0 0 
0 0 0 0 0 0 0 0 0 0 1 0 0 0 0 0 0 0 0 0 0 0 
495 499 492 499 492 499 495 315 492 499 492 499 495 499 497 499 500 315 497 315 497 499 492 499 487 499 500 495 485 492 434 492 355 495 298 492 229 492 168 495 88 497 40 500 -6 497 -35 497 -81 492 -126 487 0 0 0 0 0 0 0 0 0 0 0 0 0 0 0 0 0 0 0 0 0 0 0 0 0 0 0 0 0 0 0 0 0 0 0 0 0 0 0 0 0 0 0 0 0 0 0 0 0 0 0 0 0 0 0 0 0 0 0 0 0 0 0 0 0 0 0 0 0 0 0 0 0 0 0 0 0 0 0 0 0 0 0 0 0 0 0 0 0 0 0 0 0 0 0 0 0 0 
0 0 0 0 0 0 0 0 0 0 1 0 0 0 0 0 0 0 0 0 0 0 
251 387 282 387 294 387 300 387 325 489 349 489 380 489 404 489 435 489 435 489 453 387 453 489 453 489 472 489 484 489 496 387 -145 251 -145 251 -67 282 -32 294 -3 300 53 325 107 349 159 380 188 404 244 435 258 435 319 453 348 453 360 453 419 472 462 484 499 496 0 0 0 0 0 0 0 0 0 0 0 0 0 0 0 0 0 0 0 0 0 0 0 0 0 0 0 0 0 0 0 0 0 0 0 0 0 0 0 0 0 0 0 0 0 0 0 0 0 0 0 0 0 0 0 0 0 0 0 0 0 0 0 0 0 0 0 0 0 0 0 0 0 0 0 0 0 0 0 0 0 0 0 0 
0 0 0 0 0 0 0 0 0 0 0 1 0 0 0 0 0 0 0 0 0 0 
500 204 497 363 492 204 481 363 478 500 473 363 468 204 460 363 457 204 444 363 441 363 436 204 430 500 425 500 425 204 433 500 441 363 -205 500 -192 497 -155 492 -85 481 -35 478 8 473 35 468 80 460 108 457 161 444 173 441 216 436 257 430 314 425 354 425 389 433 419 441 499 -247 499 -247 0 0 0 0 0 0 0 0 0 0 0 0 0 0 0 0 0 0 0 0 0 0 0 0 0 0 0 0 0 0 0 0 0 0 0 0 0 0 0 0 0 0 0 0 0 0 0 0 0 0 0 0 0 0 0 0 0 0 0 0 0 0 0 0 0 0 0 0 0 0 0 0 0 0 0 0 0 0 
0 0 0 0 0 0 0 0 0 0 0 1 0 0 0 0 0 0 0 0 0 0 
442 204 450 363 457 500 465 363 470 363 473 363 475 204 475 363 475 204 475 500 480 363 480 363 488 500 493 204 498 500 496 204 -231 442 -204 450 -176 457 -132 465 -76 470 -52 473 4 475 74 475 132 475 156 475 214 480 236 480 275 488 314 493 349 498 386 496 495 -140 499 -138 0 0 0 0 0 0 0 0 0 0 0 0 0 0 0 0 0 0 0 0 0 0 0 0 0 0 0 0 0 0 0 0 0 0 0 0 0 0 0 0 0 0 0 0 0 0 0 0 0 0 0 0 0 0 0 0 0 0 0 0 0 0 0 0 0 0 0 0 0 0 0 0 0 0 0 0 0 0 0 0 0 0 
0 0 0 0 0 0 0 0 0 0 0 1 0 0 0 0 0 0 0 0 0 0 
461 500 461 500 469 363 474 500 479 500 484 363 488 204 496 363 496 363 498 363 496 363 493 204 488 500 481 363 476 500 474 204 -226 461 -209 461 -159 469 -112 474 -53 479 10 484 54 488 132 496 173 496 253 498 276 496 335 493 379 488 428 481 464 476 500 474 0 0 0 0 0 0 0 0 0 0 0 0 0 0 0 0 0 0 0 0 0 0 0 0 0 0 0 0 0 0 0 0 0 0 0 0 0 0 0 0 0 0 0 0 0 0 0 0 0 0 0 0 0 0 0 0 0 0 0 0 0 0 0 0 0 0 0 0 0 0 0 0 0 0 0 0 0 0 0 0 0 0 0 0 0 0 
0 0 0 0 0 0 0 0 0 0 0 1 0 0 0 0 0 0 0 0 0 0 
469 204 471 204 479 500 484 204 489 204 492 500 494 500 497 204 497 500 500 500 494 363 484 363 471 363 461 204 456 500 448 0 -192 469 -177 471 -128 479 -84 484 -30 489 13 492 60 494 120 497 146 497 208 500 274 494 328 484 398 471 438 461 473 456 500 448 500 448 0 0 0 0 0 0 0 0 0 0 0 0 0 0 0 0 0 0 0 0 0 0 0 0 0 0 0 0 0 0 0 0 0 0 0 0 0 0 0 0 0 0 0 0 0 0 0 0 0 0 0 0 0 0 0 0 0 0 0 0 0 0 0 0 0 0 0 0 0 0 0 0 0 0 0 0 0 0 0 0 0 0 0 0 
0 0 0 0 0 0 0 0 0 0 0 1 0 0 0 0 0 0 0 0 0 0 
-356 203 -330 314 -271 500 -198 407 -105 407 -20 314 46 407 116 314 180 407 248 407 315 314 390 407 454 314 498 203 499 -354 48 -359 44 -334 50 -275 53 -205 61 -113 69 -30 75 35 82 103 86 167 88 232 90 298 96 372 100 435 100 478 100 498 100 498 0 0 0 0 0 0 0 0 0 0 0 0 0 0 0 0 0 0 0 0 0 0 0 0 0 0 0 0 0 0 0 0 0 0 0 0 0 0 0 0 0 0 0 0 0 0 0 0 0 0 0 0 0 0 0 0 0 0 0 0 0 0 0 0 0 0 0 0 0 0 0 0 0 0 0 0 0 0 0 0 0 0 0 0 0 0 0 0 
0 0 0 0 0 0 0 0 0 0 0 0 1 0 0 0 0 0 0 0 0 0 
-295 387 -271 489 -154 265 -133 387 -43 387 46 489 84 387 174 387 259 387 336 489 392 387 450 489 498 -61 413 -326 13 -295 10 -271 6 -154 6 -133 13 -43 23 46 27 84 37 174 42 259 49 336 51 392 54 450 56 498 499 435 499 435 0 0 0 0 0 0 0 0 0 0 0 0 0 0 0 0 0 0 0 0 0 0 0 0 0 0 0 0 0 0 0 0 0 0 0 0 0 0 0 0 0 0 0 0 0 0 0 0 0 0 0 0 0 0 0 0 0 0 0 0 0 0 0 0 0 0 0 0 0 0 0 0 0 0 0 0 0 0 0 0 0 0 0 0 0 0 0 0 0 0 0 0 
0 0 0 0 0 0 0 0 0 0 0 0 1 0 0 0 0 0 0 0 0 0 
-413 122 -392 265 -326 387 -257 387 -196 265 -108 387 -67 387 19 387 106 387 163 387 246 489 331 489 442 387 488 122 498 122 46 -413 48 -392 50 -326 52 -257 55 -196 57 -108 57 -67 61 19 63 106 67 163 72 246 74 331 74 442 74 488 76 498 500 466 500 466 0 0 0 0 0 0 0 0 0 0 0 0 0 0 0 0 0 0 0 0 0 0 0 0 0 0 0 0 0 0 0 0 0 0 0 0 0 0 0 0 0 0 0 0 0 0 0 0 0 0 0 0 0 0 0 0 0 0 0 0 0 0 0 0 0 0 0 0 0 0 0 0 0 0 0 0 0 0 0 0 0 0 0 0 0 0 
0 0 0 0 0 0 0 0 0 0 0 0 1 0 0 0 0 0 0 0 0 0 
-349 265 -324 489 -273 387 -172 387 -154 387 -64 489 -27 489 64 387 177 387 239 489 333 387 365 387 439 489 498 122 38 -349 36 -324 36 -273 38 -172 39 -154 46 -64 48 -27 53 64 54 177 58 239 59 333 58 365 56 439 51 498 499 443 499 443 0 0 0 0 0 0 0 0 0 0 0 0 0 0 0 0 0 0 0 0 0 0 0 0 0 0 0 0 0 0 0 0 0 0 0 0 0 0 0 0 0 0 0 0 0 0 0 0 0 0 0 0 0 0 0 0 0 0 0 0 0 0 0 0 0 0 0 0 0 0 0 0 0 0 0 0 0 0 0 0 0 0 0 0 0 0 0 0 0 0 
0 0 0 0 0 0 0 0 0 0 0 0 1 0 0 0 0 0 0 0 0 0 
-349 -61 -310 265 -271 387 -188 387 -110 489 -75 387 -19 489 36 387 143 265 216 265 275 265 329 387 390 387 453 122 498 -61 -8 -348 -1 -309 5 -270 15 -188 25 -110 30 -75 39 -19 44 36 50 142 61 216 69 274 78 329 81 389 88 452 93 497 497 493 499 500 0 0 0 0 0 0 0 0 0 0 0 0 0 0 0 0 0 0 0 0 0 0 0 0 0 0 0 0 0 0 0 0 0 0 0 0 0 0 0 0 0 0 0 0 0 0 0 0 0 0 0 0 0 0 0 0 0 0 0 0 0 0 0 0 0 0 0 0 0 0 0 0 0 0 0 0 0 0 0 0 0 0 0 0 0 0 
0 0 0 0 0 0 0 0 0 0 0 0 1 0 0 0 0 0 0 0 0 0 
498 363 400 500 318 500 215 204 79 204 13 500 -81 500 -155 363 -220 500 -291 363 -340 204 490 498 490 498 488 400 487 318 487 215 490 79 495 13 499 -81 497 -155 492 -220 485 -291 476 -340 0 0 0 0 0 0 0 0 0 0 0 0 0 0 0 0 0 0 0 0 0 0 0 0 0 0 0 0 0 0 0 0 0 0 0 0 0 0 0 0 0 0 0 0 0 0 0 0 0 0 0 0 0 0 0 0 0 0 0 0 0 0 0 0 0 0 0 0 0 0 0 0 0 0 0 0 0 0 0 0 0 0 0 0 0 0 0 0 0 0 0 0 0 0 0 0 0 0 0 0 0 0 0 0 
0 0 0 0 0 0 0 0 0 0 0 0 0 1 0 0 0 0 0 0 0 0 
438 500 438 500 460 423 479 342 485 280 495 215 498 125 495 57 489 -13 485 -76 479 -143 470 -215 457 -266 451 -296 451 -296 500 265 500 265 423 489 342 387 280 387 215 489 125 387 57 387 -13 387 -76 489 -143 387 -215 387 -266 387 -296 -61 0 0 0 0 0 0 0 0 0 0 0 0 0 0 0 0 0 0 0 0 0 0 0 0 0 0 0 0 0 0 0 0 0 0 0 0 0 0 0 0 0 0 0 0 0 0 0 0 0 0 0 0 0 0 0 0 0 0 0 0 0 0 0 0 0 0 0 0 0 0 0 0 0 0 0 0 0 0 0 0 0 0 0 0 0 0 0 0 0 0 0 0 
0 0 0 0 0 0 0 0 0 0 0 0 0 1 0 0 0 0 0 0 0 0 
500 204 500 204 412 500 341 363 247 500 181 500 80 363 25 363 -89 500 -153 363 -236 204 -300 500 499 428 49 500 49 500 54 412 54 341 54 247 54 181 56 80 54 25 51 -89 49 -153 48 -236 41 -300 38 -334 0 0 0 0 0 0 0 0 0 0 0 0 0 0 0 0 0 0 0 0 0 0 0 0 0 0 0 0 0 0 0 0 0 0 0 0 0 0 0 0 0 0 0 0 0 0 0 0 0 0 0 0 0 0 0 0 0 0 0 0 0 0 0 0 0 0 0 0 0 0 0 0 0 0 0 0 0 0 0 0 0 0 0 0 0 0 0 0 0 0 0 0 0 0 0 0 0 0 
0 0 0 0 0 0 0 0 0 0 0 0 0 1 0 0 0 0 0 0 0 0 
481 498 481 498 481 498 492 423 500 318 500 296 500 170 500 75 496 -2 492 -99 492 -143 485 -218 481 -284 466 -347 455 -394 452 -416 498 489 498 489 423 387 318 387 296 387 170 387 75 387 -2 387 -99 387 -143 387 -218 387 -284 489 -347 387 -394 265 0 0 0 0 0 0 0 0 0 0 0 0 0 0 0 0 0 0 0 0 0 0 0 0 0 0 0 0 0 0 0 0 0 0 0 0 0 0 0 0 0 0 0 0 0 0 0 0 0 0 0 0 0 0 0 0 0 0 0 0 0 0 0 0 0 0 0 0 0 0 0 0 0 0 0 0 0 0 0 0 0 0 0 0 0 0 0 0 0 0 
0 0 0 0 0 0 0 0 0 0 0 0 0 1 0 0 0 0 0 0 0 0 
500 500 500 500 362 204 279 204 190 500 132 500 32 363 -83 500 -125 204 -220 363 -253 363 -320 363 -344 363 500 451 38 500 38 500 60 362 66 279 71 190 71 132 70 32 68 -83 68 -125 64 -220 62 -253 58 -320 56 -344 56 -346 56 -346 0 0 0 0 0 0 0 0 0 0 0 0 0 0 0 0 0 0 0 0 0 0 0 0 0 0 0 0 0 0 0 0 0 0 0 0 0 0 0 0 0 0 0 0 0 0 0 0 0 0 0 0 0 0 0 0 0 0 0 0 0 0 0 0 0 0 0 0 0 0 0 0 0 0 0 0 0 0 0 0 0 0 0 0 0 0 0 0 0 0 0 0 
0 0 0 0 0 0 0 0 0 0 0 0 0 1 0 0 0 0 0 0 0 0 
387 387 489 489 265 265 387 387 387 387 265 265 387 387 387 387 265 265 265 265 387 387 387 387 265 265 387 387 265 265 211 387 258 489 341 265 364 387 400 387 411 265 423 387 435 387 447 265 447 265 447 387 447 387 458 265 470 387 494 265 494 122 499 211 499 211 444 258 390 341 363 364 322 400 274 411 230 423 180 435 121 447 42 447 15 447 -29 447 -74 458 -113 470 -151 494 -159 494 -159 494 -159 494 0 0 0 0 0 0 0 0 0 0 0 0 0 0 0 0 0 0 0 0 0 0 0 0 0 0 0 0 0 0 0 0 0 0 0 0 0 0 0 0 0 0 0 0 0 0 0 0 0 0 
0 0 0 0 0 0 0 0 0 0 0 0 0 0 1 0 0 0 0 0 0 0 
193 193 193 193 193 193 483 483 193 193 193 193 193 193 193 193 193 193 483 483 193 193 483 483 483 483 483 483 170 78 170 78 170 78 167 315 165 78 163 78 158 78 153 78 146 78 139 315 137 78 130 315 127 315 498 499 498 499 113 315 499 170 499 170 437 170 361 170 336 167 283 165 229 163 141 158 114 153 45 146 -15 139 -44 137 -123 130 -139 127 -109 498 -116 498 -225 113 -59 -338 -59 -338 0 0 0 0 0 0 0 0 0 0 0 0 0 0 0 0 0 0 0 0 0 0 0 0 0 0 0 0 0 0 0 0 0 0 0 0 0 0 0 0 0 0 0 0 0 0 0 0 0 0 0 0 
0 0 0 0 0 0 0 0 0 0 0 0 0 0 1 0 0 0 0 0 0 0 
363 363 363 363 500 500 363 363 204 204 500 500 500 500 363 363 204 204 500 500 363 363 363 363 363 363 363 363 498 363 498 363 481 363 477 500 470 363 468 204 468 500 461 500 459 363 459 204 466 500 468 363 470 363 474 363 479 363 490 0 499 498 499 498 418 481 389 477 341 470 272 468 243 468 174 461 106 459 58 459 -5 466 -46 468 -93 470 -139 474 -174 479 -203 490 -136 -284 -136 -284 0 0 0 0 0 0 0 0 0 0 0 0 0 0 0 0 0 0 0 0 0 0 0 0 0 0 0 0 0 0 0 0 0 0 0 0 0 0 0 0 0 0 0 0 0 0 0 0 0 0 0 0 0 0 
0 0 0 0 0 0 0 0 0 0 0 0 0 0 1 0 0 0 0 0 0 0 
204 204 204 204 500 500 204 204 204 204 500 500 500 500 500 500 500 500 500 500 204 204 500 500 204 204 499 204 499 204 472 204 457 500 442 204 435 204 433 500 431 500 429 500 429 500 429 500 429 204 431 500 433 204 500 499 500 499 436 472 389 457 325 442 254 435 222 433 146 431 114 429 22 429 -28 429 -76 429 -123 431 -162 433 -164 435 0 0 0 0 0 0 0 0 0 0 0 0 0 0 0 0 0 0 0 0 0 0 0 0 0 0 0 0 0 0 0 0 0 0 0 0 0 0 0 0 0 0 0 0 0 0 0 0 0 0 0 0 0 0 0 0 0 0 0 0 0 0 0 0 0 0 
0 0 0 0 0 0 0 0 0 0 0 0 0 0 1 0 0 0 0 0 0 0 
363 363 363 363 500 500 204 204 363 363 204 204 363 363 363 363 363 363 363 363 363 363 204 204 500 500 363 363 105 0 487 363 487 363 485 500 490 204 494 363 498 204 498 363 496 363 496 363 494 363 487 363 481 204 474 500 476 363 479 0 468 105 499 487 499 487 426 485 349 490 301 494 225 498 151 498 117 496 41 496 26 494 -39 487 -72 481 -115 474 -157 476 -165 479 0 0 0 0 0 0 0 0 0 0 0 0 0 0 0 0 0 0 0 0 0 0 0 0 0 0 0 0 0 0 0 0 0 0 0 0 0 0 0 0 0 0 0 0 0 0 0 0 0 0 0 0 0 0 0 0 0 0 
0 0 0 0 0 0 0 0 0 0 0 0 0 0 1 0 0 0 0 0 0 0 
363 363 500 500 204 204 500 500 500 500 500 500 500 500 500 500 204 204 363 363 363 363 500 500 363 363 204 204 0 0 0 0 204 204 405 363 418 500 422 204 428 500 435 500 435 500 437 500 437 500 437 204 443 363 452 363 459 500 471 363 480 204 491 0 493 0 500 204 -222 405 -222 405 -176 418 -137 422 -102 428 -51 435 -51 435 16 437 69 437 94 437 172 443 209 452 243 459 278 471 309 480 349 491 358 493 372 500 496 -321 499 -318 0 0 0 0 0 0 0 0 0 0 0 0 0 0 0 0 0 0 0 0 0 0 0 0 0 0 0 0 0 0 0 0 0 0 0 0 0 0 0 0 0 0 
0 0 0 0 0 0 0 0 0 0 0 0 0 0 0 1 0 0 0 0 0 0 
315 315 499 499 315 315 315 315 315 315 315 315 499 499 315 315 499 499 499 499 315 315 499 499 499 499 315 315 500 315 500 315 484 499 464 315 456 315 447 315 438 315 436 499 432 315 429 499 425 499 423 315 421 499 423 499 425 315 425 78 -154 500 -154 500 -115 484 -58 464 -6 456 71 447 129 438 156 436 202 432 244 429 304 425 347 423 402 421 440 423 484 425 494 425 499 425 499 425 0 0 0 0 0 0 0 0 0 0 0 0 0 0 0 0 0 0 0 0 0 0 0 0 0 0 0 0 0 0 0 0 0 0 0 0 0 0 0 0 0 0 0 0 0 0 0 0 0 0 0 0 0 0 
0 0 0 0 0 0 0 0 0 0 0 0 0 0 0 1 0 0 0 0 0 0 
500 500 500 500 204 204 204 204 204 204 363 363 204 204 204 204 204 204 204 204 204 204 363 363 204 204 204 204 0 0 73 204 442 500 442 500 473 204 473 204 485 204 492 363 498 204 498 204 498 204 496 204 494 204 494 363 492 204 494 204 494 0 -206 73 -174 442 -174 442 -87 473 -87 473 -27 485 28 492 104 498 104 498 180 498 204 496 248 494 290 494 316 492 365 494 381 494 500 -323 500 -323 0 0 0 0 0 0 0 0 0 0 0 0 0 0 0 0 0 0 0 0 0 0 0 0 0 0 0 0 0 0 0 0 0 0 0 0 0 0 0 0 0 0 0 0 0 0 0 0 0 0 0 0 
0 0 0 0 0 0 0 0 0 0 0 0 0 0 0 1 0 0 0 0 0 0 
363 363 363 363 204 204 363 363 363 363 500 500 500 500 363 363 500 500 363 363 500 500 363 363 500 500 363 363 204 204 0 0 498 363 498 363 491 363 489 204 487 363 480 363 473 500 463 500 461 363 459 500 463 363 466 500 470 363 470 500 468 363 466 204 461 0 81 0 81 0 -265 498 -265 498 -189 491 -161 489 -134 487 -94 480 -51 473 20 463 44 461 104 459 161 463 200 466 242 470 283 470 316 468 344 466 363 461 347 81 347 81 499 -351 499 -351 0 0 0 0 0 0 0 0 0 0 0 0 0 0 0 0 0 0 0 0 0 0 0 0 0 0 0 0 0 0 0 0 0 0 0 0 0 0 
0 0 0 0 0 0 0 0 0 0 0 0 0 0 0 1 0 0 0 0 0 0 
363 363 363 363 363 363 363 363 500 500 363 363 500 500 363 363 500 500 500 500 204 204 500 500 204 204 363 363 204 204 465 363 465 363 474 363 477 363 477 363 481 363 481 500 483 363 483 500 483 363 483 500 483 500 486 204 486 500 488 204 493 363 495 204 500 204 500 204 -164 465 -164 465 -118 474 -77 477 -77 477 -38 481 -27 481 33 483 43 483 100 483 174 483 187 483 273 486 299 486 354 488 396 493 427 495 435 500 435 500 500 -321 500 -321 0 0 0 0 0 0 0 0 0 0 0 0 0 0 0 0 0 0 0 0 0 0 0 0 0 0 0 0 0 0 0 0 0 0 0 0 0 0 0 0 
0 0 0 0 0 0 0 0 0 0 0 0 0 0 0 1 0 0 0 0 0 0 
387 387 489 489 387 387 387 387 387 387 387 387 489 489 387 387 387 387 489 489 387 387 122 122 -383 387 -291 489 -195 387 -121 387 -46 387 28 387 112 489 216 387 311 387 380 489 455 387 498 122 498 122 451 -386 451 -386 456 -296 466 -204 474 -131 479 -58 483 14 486 95 488 196 491 288 493 355 498 428 500 470 500 470 -11 498 -11 498 0 0 0 0 0 0 0 0 0 0 0 0 0 0 0 0 0 0 0 0 0 0 0 0 0 0 0 0 0 0 0 0 0 0 0 0 0 0 0 0 0 0 0 0 0 0 0 0 0 0 0 0 0 0 0 0 0 0 0 0 0 0 0 0 0 0 0 0 
0 0 0 0 0 0 0 0 0 0 0 0 0 0 0 0 1 0 0 0 0 0 
265 265 265 265 265 265 387 387 387 387 387 387 387 387 489 489 265 265 387 387 387 387 387 387 387 387 387 387 -61 -61 -347 265 -347 265 -266 265 -226 387 -167 387 -126 387 -64 387 0 489 118 265 159 387 247 387 336 387 396 387 450 387 498 -61 500 -409 -103 -347 -103 -347 -87 -266 -79 -226 -68 -167 -61 -126 -53 -64 -44 0 -29 118 -27 159 -22 247 -16 336 -12 396 -11 450 -11 498 -11 498 0 0 0 0 0 0 0 0 0 0 0 0 0 0 0 0 0 0 0 0 0 0 0 0 0 0 0 0 0 0 0 0 0 0 0 0 0 0 0 0 0 0 0 0 0 0 0 0 0 0 0 0 0 0 0 0 
0 0 0 0 0 0 0 0 0 0 0 0 0 0 0 0 1 0 0 0 0 0 
315 315 315 315 78 78 499 499 315 315 315 315 499 499 315 315 315 315 315 315 315 315 315 315 -363 315 -363 315 -257 315 -200 78 -113 499 -77 315 -40 315 51 499 120 315 231 315 311 315 398 315 452 315 500 315 500 315 424 -334 159 -363 159 -363 186 -257 195 -200 208 -113 211 -77 214 -40 219 51 219 120 222 231 221 311 219 398 222 452 500 500 500 500 500 500 0 0 0 0 0 0 0 0 0 0 0 0 0 0 0 0 0 0 0 0 0 0 0 0 0 0 0 0 0 0 0 0 0 0 0 0 0 0 0 0 0 0 0 0 0 0 0 0 0 0 0 0 0 0 0 0 0 0 0 0 0 0 
0 0 0 0 0 0 0 0 0 0 0 0 0 0 0 0 1 0 0 0 0 0 
363 363 363 363 500 500 204 204 363 363 500 500 500 500 500 500 500 500 500 500 500 500 363 363 500 500 363 363 -355 363 -355 363 -332 363 -283 500 -197 204 -98 363 -83 500 -2 500 83 500 146 500 224 500 301 500 370 363 413 500 471 363 498 204 353 -355 353 -355 360 -332 378 -283 406 -197 427 -98 431 -83 445 -2 452 83 455 146 462 224 469 301 480 370 487 413 494 471 498 498 498 498 498 498 0 0 0 0 0 0 0 0 0 0 0 0 0 0 0 0 0 0 0 0 0 0 0 0 0 0 0 0 0 0 0 0 0 0 0 0 0 0 0 0 0 0 0 0 0 0 0 0 0 0 0 0 0 0 
0 0 0 0 0 0 0 0 0 0 0 0 0 0 0 0 1 0 0 0 0 0 
314 314 407 407 314 314 407 407 407 407 407 407 407 407 407 407 407 407 500 500 407 407 314 314 203 203 74 74 -377 314 -283 407 -236 314 -185 407 -106 407 -21 407 29 407 117 407 159 407 219 500 304 407 358 314 443 203 481 74 494 74 498 -92 420 -377 420 -377 438 -283 446 -236 452 -185 460 -106 464 -21 467 29 466 117 464 159 466 219 471 304 474 358 483 443 491 481 494 494 499 498 0 0 0 0 0 0 0 0 0 0 0 0 0 0 0 0 0 0 0 0 0 0 0 0 0 0 0 0 0 0 0 0 0 0 0 0 0 0 0 0 0 0 0 0 0 0 0 0 0 0 0 0 0 0 0 0 
0 0 0 0 0 0 0 0 0 0 0 0 0 0 0 0 1 0 0 0 0 0 
204 204 204 204 204 204 204 204 204 204 0 0 204 204 0 0 204 204 204 204 500 500 204 204 204 204 500 204 500 204 453 204 344 204 298 204 236 204 172 0 110 204 44 0 -19 204 -76 204 -140 500 -204 204 -263 204 -288 0 -288 0 297 500 297 500 278 453 241 344 230 298 221 236 214 172 206 110 201 44 193 -19 184 -76 173 -140 162 -204 154 -263 500 -288 500 -288 -142 -150 -142 -150 0 0 0 0 0 0 0 0 0 0 0 0 0 0 0 0 0 0 0 0 0 0 0 0 0 0 0 0 0 0 0 0 0 0 0 0 0 0 0 0 0 0 0 0 0 0 0 0 0 0 0 0 0 0 0 0 
0 0 0 0 0 0 0 0 0 0 0 0 0 0 0 0 0 1 0 0 0 0 
203 203 314 314 407 407 314 314 203 203 500 500 314 314 314 314 314 314 314 314 203 203 498 203 498 203 419 314 334 407 250 314 213 203 126 500 58 314 -9 314 -77 314 -154 314 -210 203 -243 74 500 498 500 498 472 419 448 334 425 250 425 213 417 126 413 58 409 -9 409 -77 405 -154 409 -210 409 -243 413 -243 413 -243 0 0 0 0 0 0 0 0 0 0 0 0 0 0 0 0 0 0 0 0 0 0 0 0 0 0 0 0 0 0 0 0 0 0 0 0 0 0 0 0 0 0 0 0 0 0 0 0 0 0 0 0 0 0 0 0 0 0 0 0 0 0 0 0 0 0 0 0 0 0 0 0 
0 0 0 0 0 0 0 0 0 0 0 0 0 0 0 0 0 1 0 0 0 0 
483 483 483 483 483 483 483 483 483 483 483 483 483 483 483 483 483 483 483 483 483 483 483 483 500 483 402 483 307 483 244 483 154 483 108 483 0 483 -21 483 -130 483 -171 483 -244 483 -282 483 -364 483 -396 193 -396 193 280 500 280 500 253 402 239 307 230 244 216 154 212 108 210 0 210 -21 212 -130 212 -171 212 -244 212 -282 209 -364 203 -396 203 -396 499 -426 499 -426 0 0 0 0 0 0 0 0 0 0 0 0 0 0 0 0 0 0 0 0 0 0 0 0 0 0 0 0 0 0 0 0 0 0 0 0 0 0 0 0 0 0 0 0 0 0 0 0 0 0 0 0 0 0 0 0 0 0 0 0 
0 0 0 0 0 0 0 0 0 0 0 0 0 0 0 0 0 1 0 0 0 0 
500 500 500 500 500 500 500 500 500 500 500 500 363 363 500 500 500 500 500 500 500 500 498 500 498 500 444 500 334 500 228 500 153 500 81 363 -12 500 -99 500 -178 500 -223 500 -245 0 497 498 497 498 488 444 466 334 449 228 440 153 436 81 436 -12 440 -99 431 -178 422 -223 418 -245 418 -245 0 0 0 0 0 0 0 0 0 0 0 0 0 0 0 0 0 0 0 0 0 0 0 0 0 0 0 0 0 0 0 0 0 0 0 0 0 0 0 0 0 0 0 0 0 0 0 0 0 0 0 0 0 0 0 0 0 0 0 0 0 0 0 0 0 0 0 0 0 0 0 0 0 0 0 0 0 0 
0 0 0 0 0 0 0 0 0 0 0 0 0 0 0 0 0 1 0 0 0 0 
500 500 500 500 500 500 500 500 500 500 500 500 500 500 500 500 500 500 500 500 0 0 498 204 419 500 326 500 287 500 189 500 167 500 52 500 -16 500 -110 500 -191 500 -230 500 -304 0 497 498 497 498 472 419 450 326 446 287 442 189 442 167 433 52 433 -16 437 -110 437 -191 442 -230 450 -304 450 -304 0 0 0 0 0 0 0 0 0 0 0 0 0 0 0 0 0 0 0 0 0 0 0 0 0 0 0 0 0 0 0 0 0 0 0 0 0 0 0 0 0 0 0 0 0 0 0 0 0 0 0 0 0 0 0 0 0 0 0 0 0 0 0 0 0 0 0 0 0 0 0 0 0 0 0 0 
0 0 0 0 0 0 0 0 0 0 0 0 0 0 0 0 0 1 0 0 0 0 
-125 -322 -95 -328 -49 -342 -37 -344 10 -349 59 -346 86 -342 126 -337 165 -326 214 -313 277 -286 304 -265 342 -231 381 -191 396 -168 409 -148 430 -112 463 -40 476 -2 490 49 499 123 497 209 491 243 463 322 442 358 397 412 374 436 345 459 295 484 265 495 216 500 154 490 129 488 74 481 17 475 -5 470 -62 461 -83 454 -119 441 0 0 0 0 0 0 0 0 0 0 0 0 0 0 0 0 0 0 0 0 0 0 0 0 0 0 0 0 0 0 0 0 0 0 0 0 0 0 0 0 0 0 0 0 0 0 0 0 0 0 0 0 0 0 0 0 0 0 0 0 0 0 0 0 0 0 0 0 0 0 0 0 
0 0 0 0 0 0 0 0 0 0 0 0 0 0 0 0 0 0 1 0 0 0 
-104 -273 -75 -288 -23 -306 4 -316 39 -323 97 -331 159 -336 221 -329 246 -323 311 -297 330 -282 368 -243 393 -215 423 -163 440 -131 466 -71 484 -6 489 23 499 105 499 137 491 221 481 273 466 316 434 372 404 413 387 428 341 463 312 480 259 497 232 500 156 489 131 484 88 474 47 461 11 448 -47 435 -69 433 -105 424 -134 418 0 0 0 0 0 0 0 0 0 0 0 0 0 0 0 0 0 0 0 0 0 0 0 0 0 0 0 0 0 0 0 0 0 0 0 0 0 0 0 0 0 0 0 0 0 0 0 0 0 0 0 0 0 0 0 0 0 0 0 0 0 0 0 0 0 0 0 0 0 0 0 0 
0 0 0 0 0 0 0 0 0 0 0 0 0 0 0 0 0 0 1 0 0 0 
-81 -270 -64 -281 0 -301 11 -301 74 -301 122 -296 179 -281 205 -272 245 -257 295 -229 315 -216 373 -165 396 -139 437 -80 451 -58 477 0 489 28 499 78 497 135 475 224 462 248 426 296 389 334 354 358 310 395 265 423 227 438 187 451 142 462 116 471 71 480 -1 491 -48 500 0 0 0 0 0 0 0 0 0 0 0 0 0 0 0 0 0 0 0 0 0 0 0 0 0 0 0 0 0 0 0 0 0 0 0 0 0 0 0 0 0 0 0 0 0 0 0 0 0 0 0 0 0 0 0 0 0 0 0 0 0 0 0 0 0 0 0 0 0 0 0 0 0 0 0 0 0 0 0 0 0 0 0 0 
0 0 0 0 0 0 0 0 0 0 0 0 0 0 0 0 0 0 1 0 0 0 
-110 -301 -97 -303 -60 -303 -7 -308 36 -308 97 -310 161 -308 174 -305 231 -296 292 -267 323 -242 354 -216 374 -203 412 -159 436 -125 449 -107 473 -45 482 -20 493 27 499 105 485 189 466 253 436 305 419 333 383 374 348 408 320 436 274 465 238 481 215 488 158 497 83 500 58 500 6 497 -26 493 0 0 0 0 0 0 0 0 0 0 0 0 0 0 0 0 0 0 0 0 0 0 0 0 0 0 0 0 0 0 0 0 0 0 0 0 0 0 0 0 0 0 0 0 0 0 0 0 0 0 0 0 0 0 0 0 0 0 0 0 0 0 0 0 0 0 0 0 0 0 0 0 0 0 0 0 0 0 0 0 
0 0 0 0 0 0 0 0 0 0 0 0 0 0 0 0 0 0 1 0 0 0 
-126 -325 -106 -331 -48 -338 9 -342 72 -344 114 -340 175 -336 247 -321 297 -299 338 -269 369 -241 394 -219 426 -170 438 -150 471 -81 481 -60 495 8 500 86 487 165 479 200 463 237 431 297 398 342 362 387 322 422 286 454 253 476 231 487 192 497 148 500 100 500 42 495 -9 493 -50 493 0 0 0 0 0 0 0 0 0 0 0 0 0 0 0 0 0 0 0 0 0 0 0 0 0 0 0 0 0 0 0 0 0 0 0 0 0 0 0 0 0 0 0 0 0 0 0 0 0 0 0 0 0 0 0 0 0 0 0 0 0 0 0 0 0 0 0 0 0 0 0 0 0 0 0 0 0 0 0 0 0 0 
0 0 0 0 0 0 0 0 0 0 0 0 0 0 0 0 0 0 1 0 0 0 
499 -328 478 -335 443 -340 379 -344 301 -337 287 -337 186 -317 148 -306 93 -277 71 -262 28 -226 -9 -191 -44 -146 -50 -137 -93 -62 -107 0 -110 71 -102 128 -60 233 -37 262 17 320 36 337 88 380 167 435 251 468 276 477 357 497 385 500 467 488 0 0 0 0 0 0 0 0 0 0 0 0 0 0 0 0 0 0 0 0 0 0 0 0 0 0 0 0 0 0 0 0 0 0 0 0 0 0 0 0 0 0 0 0 0 0 0 0 0 0 0 0 0 0 0 0 0 0 0 0 0 0 0 0 0 0 0 0 0 0 0 0 0 0 0 0 0 0 0 0 0 0 0 0 0 0 0 0 0 0 0 0 
0 0 0 0 0 0 0 0 0 0 0 0 0 0 0 0 0 0 0 1 0 0 
500 -351 480 -353 442 -353 359 -346 318 -340 271 -331 228 -323 160 -297 138 -286 102 -258 63 -230 32 -202 -1 -161 -34 -116 -53 -73 -63 -51 -81 -6 -91 53 -89 122 -81 174 -68 221 -42 275 -21 310 14 355 32 372 62 400 111 426 133 435 204 463 240 476 266 482 330 489 354 491 406 495 444 500 0 0 0 0 0 0 0 0 0 0 0 0 0 0 0 0 0 0 0 0 0 0 0 0 0 0 0 0 0 0 0 0 0 0 0 0 0 0 0 0 0 0 0 0 0 0 0 0 0 0 0 0 0 0 0 0 0 0 0 0 0 0 0 0 0 0 0 0 0 0 0 0 0 0 0 0 0 0 0 0 
0 0 0 0 0 0 0 0 0 0 0 0 0 0 0 0 0 0 0 1 0 0 
499 -354 483 -354 420 -345 390 -336 352 -329 275 -318 248 -316 180 -304 129 -291 91 -273 43 -239 24 -226 -14 -195 -43 -156 -73 -114 -94 -78 -112 -33 -128 38 -132 96 -123 197 -102 257 -70 304 -44 336 -1 374 28 394 60 417 123 452 176 468 212 477 268 493 331 499 393 493 419 488 454 479 0 0 0 0 0 0 0 0 0 0 0 0 0 0 0 0 0 0 0 0 0 0 0 0 0 0 0 0 0 0 0 0 0 0 0 0 0 0 0 0 0 0 0 0 0 0 0 0 0 0 0 0 0 0 0 0 0 0 0 0 0 0 0 0 0 0 0 0 0 0 0 0 0 0 0 0 0 0 0 0 0 0 
0 0 0 0 0 0 0 0 0 0 0 0 0 0 0 0 0 0 0 1 0 0 
488 -361 474 -361 427 -361 357 -359 313 -357 239 -341 197 -324 148 -303 111 -280 67 -241 29 -206 -11 -148 -35 -111 -46 -85 -64 -37 -77 32 -77 85 -72 146 -48 211 -29 252 -14 276 21 320 48 352 90 385 137 412 186 440 234 466 271 482 315 491 377 498 420 496 466 494 500 489 0 0 0 0 0 0 0 0 0 0 0 0 0 0 0 0 0 0 0 0 0 0 0 0 0 0 0 0 0 0 0 0 0 0 0 0 0 0 0 0 0 0 0 0 0 0 0 0 0 0 0 0 0 0 0 0 0 0 0 0 0 0 0 0 0 0 0 0 0 0 0 0 0 0 0 0 0 0 0 0 0 0 0 0 
0 0 0 0 0 0 0 0 0 0 0 0 0 0 0 0 0 0 0 1 0 0 
391 -385 377 -388 335 -388 271 -379 238 -365 189 -341 156 -325 95 -286 54 -250 27 -230 -7 -192 -28 -157 -53 -124 -80 -66 -91 -44 -110 19 -119 86 -118 139 -109 195 -94 239 -72 277 -31 330 -16 343 15 363 71 401 101 419 136 436 172 450 210 458 247 467 318 487 341 494 382 498 433 494 468 483 499 474 0 0 0 0 0 0 0 0 0 0 0 0 0 0 0 0 0 0 0 0 0 0 0 0 0 0 0 0 0 0 0 0 0 0 0 0 0 0 0 0 0 0 0 0 0 0 0 0 0 0 0 0 0 0 0 0 0 0 0 0 0 0 0 0 0 0 0 0 0 0 0 0 0 0 0 0 0 0 
0 0 0 0 0 0 0 0 0 0 0 0 0 0 0 0 0 0 0 1 0 0 
-137 500 -151 460 -157 419 -161 352 -163 281 -160 178 -154 120 -140 34 -132 -4 -123 -41 -102 -117 -93 -151 -73 -215 -54 -262 -48 -272 -17 -325 7 -355 38 -375 76 -387 115 -387 168 -377 208 -357 242 -333 275 -311 319 -281 358 -237 381 -205 415 -151 434 -110 465 -26 473 2 485 61 498 147 500 188 496 301 490 333 476 404 467 441 0 0 0 0 0 0 0 0 0 0 0 0 0 0 0 0 0 0 0 0 0 0 0 0 0 0 0 0 0 0 0 0 0 0 0 0 0 0 0 0 0 0 0 0 0 0 0 0 0 0 0 0 0 0 0 0 0 0 0 0 0 0 0 0 0 0 0 0 0 0 0 0 0 0 
0 0 0 0 0 0 0 0 0 0 0 0 0 0 0 0 0 0 0 0 1 0 
-147 430 -147 409 -141 306 -136 264 -133 227 -120 142 -108 93 -87 23 -69 -44 -60 -70 -32 -133 -11 -173 -4 -180 30 -229 68 -269 110 -290 159 -299 198 -297 250 -281 312 -245 339 -220 382 -180 406 -147 429 -112 456 -51 465 -23 487 65 494 98 499 185 499 252 494 341 489 395 481 451 473 498 0 0 0 0 0 0 0 0 0 0 0 0 0 0 0 0 0 0 0 0 0 0 0 0 0 0 0 0 0 0 0 0 0 0 0 0 0 0 0 0 0 0 0 0 0 0 0 0 0 0 0 0 0 0 0 0 0 0 0 0 0 0 0 0 0 0 0 0 0 0 0 0 0 0 0 0 0 0 0 0 0 0 
0 0 0 0 0 0 0 0 0 0 0 0 0 0 0 0 0 0 0 0 1 0 
-162 498 -163 472 -160 409 -148 288 -139 227 -129 169 -109 92 -94 43 -72 -33 -62 -60 -40 -106 -29 -133 -16 -157 6 -196 31 -230 63 -263 109 -280 145 -280 202 -268 243 -251 289 -215 309 -200 363 -140 386 -106 409 -65 440 -4 458 43 472 92 494 191 499 246 499 319 495 411 492 440 484 489 0 0 0 0 0 0 0 0 0 0 0 0 0 0 0 0 0 0 0 0 0 0 0 0 0 0 0 0 0 0 0 0 0 0 0 0 0 0 0 0 0 0 0 0 0 0 0 0 0 0 0 0 0 0 0 0 0 0 0 0 0 0 0 0 0 0 0 0 0 0 0 0 0 0 0 0 0 0 0 0 0 0 
0 0 0 0 0 0 0 0 0 0 0 0 0 0 0 0 0 0 0 0 1 0 
-180 499 -182 470 -180 400 -173 296 -163 216 -153 156 -134 79 -112 7 -91 -57 -68 -119 -41 -174 -20 -223 -3 -261 43 -315 60 -328 106 -360 126 -365 174 -373 214 -365 265 -338 292 -313 343 -256 375 -206 389 -184 417 -119 429 -92 452 -22 460 7 476 64 486 121 497 206 499 283 494 330 0 0 0 0 0 0 0 0 0 0 0 0 0 0 0 0 0 0 0 0 0 0 0 0 0 0 0 0 0 0 0 0 0 0 0 0 0 0 0 0 0 0 0 0 0 0 0 0 0 0 0 0 0 0 0 0 0 0 0 0 0 0 0 0 0 0 0 0 0 0 0 0 0 0 0 0 0 0 0 0 0 0 0 0 
0 0 0 0 0 0 0 0 0 0 0 0 0 0 0 0 0 0 0 0 1 0 
-143 499 -149 475 -149 415 -147 371 -141 276 -129 189 -121 135 -104 55 -92 -4 -72 -67 -55 -118 -36 -157 -4 -213 26 -259 41 -274 89 -310 117 -327 164 -344 208 -344 261 -327 305 -303 348 -262 380 -213 392 -191 416 -150 434 -106 456 -41 474 33 483 82 496 189 499 228 497 293 491 378 486 424 476 466 0 0 0 0 0 0 0 0 0 0 0 0 0 0 0 0 0 0 0 0 0 0 0 0 0 0 0 0 0 0 0 0 0 0 0 0 0 0 0 0 0 0 0 0 0 0 0 0 0 0 0 0 0 0 0 0 0 0 0 0 0 0 0 0 0 0 0 0 0 0 0 0 0 0 0 0 0 0 0 0 
0 0 0 0 0 0 0 0 0 0 0 0 0 0 0 0 0 0 0 0 1 0 
-118 -251 -121 -217 -125 -130 -125 -111 -118 7 -110 67 -102 101 -88 181 -78 208 -48 288 -33 312 1 360 36 406 54 421 105 455 128 467 162 481 203 493 245 498 287 489 322 474 365 438 401 392 423 355 449 295 465 249 478 191 489 135 495 75 499 0 499 -36 497 -75 495 -113 494 -133 492 -150 484 -217 478 -271 468 -326 0 0 0 0 0 0 0 0 0 0 0 0 0 0 0 0 0 0 0 0 0 0 0 0 0 0 0 0 0 0 0 0 0 0 0 0 0 0 0 0 0 0 0 0 0 0 0 0 0 0 0 0 0 0 0 0 0 0 0 0 0 0 0 0 0 0 0 0 0 0 0 0 0 0 
0 0 0 0 0 0 0 0 0 0 0 0 0 0 0 0 0 0 0 0 0 1 
-129 -246 -129 -224 -116 -71 -104 13 -80 104 -62 162 -32 235 -10 275 15 324 65 388 91 422 115 446 196 491 216 497 278 500 333 482 355 471 395 437 411 415 433 382 453 322 479 184 487 108 493 -37 493 -151 496 -271 500 -342 0 0 0 0 0 0 0 0 0 0 0 0 0 0 0 0 0 0 0 0 0 0 0 0 0 0 0 0 0 0 0 0 0 0 0 0 0 0 0 0 0 0 0 0 0 0 0 0 0 0 0 0 0 0 0 0 0 0 0 0 0 0 0 0 0 0 0 0 0 0 0 0 0 0 0 0 0 0 0 0 0 0 0 0 0 0 0 0 0 0 0 0 0 0 0 0 
0 0 0 0 0 0 0 0 0 0 0 0 0 0 0 0 0 0 0 0 0 1 
-129 -227 -131 -198 -131 -132 -126 -25 -118 28 -100 114 -88 165 -65 242 -54 270 -24 336 -17 346 27 408 57 441 67 448 99 471 165 497 189 500 243 500 285 494 322 479 366 443 394 410 416 369 435 323 466 214 472 186 487 99 491 66 496 -2 500 -73 498 -155 495 -219 0 0 0 0 0 0 0 0 0 0 0 0 0 0 0 0 0 0 0 0 0 0 0 0 0 0 0 0 0 0 0 0 0 0 0 0 0 0 0 0 0 0 0 0 0 0 0 0 0 0 0 0 0 0 0 0 0 0 0 0 0 0 0 0 0 0 0 0 0 0 0 0 0 0 0 0 0 0 0 0 0 0 0 0 0 0 
0 0 0 0 0 0 0 0 0 0 0 0 0 0 0 0 0 0 0 0 0 1 
-104 -272 -107 -240 -110 -186 -107 -102 -104 -63 -99 -24 -81 83 -75 117 -55 203 -39 250 -21 301 1 340 27 382 52 414 94 453 123 475 158 490 210 500 280 477 305 465 339 443 380 399 396 377 424 343 456 284 481 223 489 188 499 102 499 66 495 -24 489 -93 479 -151 471 -213 463 -257 453 -299 0 0 0 0 0 0 0 0 0 0 0 0 0 0 0 0 0 0 0 0 0 0 0 0 0 0 0 0 0 0 0 0 0 0 0 0 0 0 0 0 0 0 0 0 0 0 0 0 0 0 0 0 0 0 0 0 0 0 0 0 0 0 0 0 0 0 0 0 0 0 0 0 0 0 0 0 0 0 0 0 
0 0 0 0 0 0 0 0 0 0 0 0 0 0 0 0 0 0 0 0 0 1 
-94 -236 -104 -190 -109 -140 -112 -70 -111 2 -99 97 -91 158 -79 211 -49 296 -38 326 -11 366 14 407 54 449 88 469 139 494 182 500 247 492 270 484 318 449 360 407 390 371 420 319 441 273 465 203 480 153 491 90 498 27 500 -42 498 -115 488 -201 475 -253 0 0 0 0 0 0 0 0 0 0 0 0 0 0 0 0 0 0 0 0 0 0 0 0 0 0 0 0 0 0 0 0 0 0 0 0 0 0 0 0 0 0 0 0 0 0 0 0 0 0 0 0 0 0 0 0 0 0 0 0 0 0 0 0 0 0 0 0 0 0 0 0 0 0 0 0 0 0 0 0 0 0 0 0 0 0 0 0 
0 0 0 0 0 0 0 0 0 0 0 0 0 0 0 0 0 0 0 0 0 1 
