500 -34 463 -22 394 2 340 22 286 42 228 71 167 97 104 123 4 163 -19 174 -72 194 -105 209 -139 223 -161 237 -101 292 -67 309 6 335 26 338 92 355 180 383 237 409 289 435 361 472 394 487 423 498 0 0 0 0 0 0 0 0 0 0 0 0 0 0 0 0 0 0 0 0 0 0 0 0 0 0 0 0 0 0 0 0 0 0 0 0 0 0 0 0 0 0 0 0 0 0 0 0 0 0 0 0 0 0 0 0 0 0 0 0 0 0 0 0 0 0 0 0 0 0 0 0 0 0 0 0 0 0 0 0 0 0 0 0 0 0 0 0 0 0 0 0 0 0 0 0 0 0 0 0 
0 0 0 0 1 0 0 0 0 0 0 0 0 0 0 0 0 0 0 0 0 0 
499 87 476 90 414 97 382 106 326 116 269 126 204 142 137 158 101 171 18 197 -33 213 -90 233 -138 258 -160 268 -192 288 -120 326 -80 333 -47 343 40 365 97 388 204 436 223 443 280 466 346 478 405 491 439 495 476 498 0 0 0 0 0 0 0 0 0 0 0 0 0 0 0 0 0 0 0 0 0 0 0 0 0 0 0 0 0 0 0 0 0 0 0 0 0 0 0 0 0 0 0 0 0 0 0 0 0 0 0 0 0 0 0 0 0 0 0 0 0 0 0 0 0 0 0 0 0 0 0 0 0 0 0 0 0 0 0 0 0 0 0 0 0 0 0 0 0 0 0 0 0 0 0 0 
0 0 0 0 1 0 0 0 0 0 0 0 0 0 0 0 0 0 0 0 0 0 
500 -58 466 -46 391 -6 329 24 298 36 216 76 164 107 132 123 100 138 37 166 -41 206 -86 230 -123 255 -143 267 -184 295 -48 347 -34 347 45 375 77 384 138 403 198 424 253 440 307 455 331 464 370 483 411 498 0 0 0 0 0 0 0 0 0 0 0 0 0 0 0 0 0 0 0 0 0 0 0 0 0 0 0 0 0 0 0 0 0 0 0 0 0 0 0 0 0 0 0 0 0 0 0 0 0 0 0 0 0 0 0 0 0 0 0 0 0 0 0 0 0 0 0 0 0 0 0 0 0 0 0 0 0 0 0 0 0 0 0 0 0 0 0 0 0 0 0 0 0 0 0 0 0 0 
0 0 0 0 1 0 0 0 0 0 0 0 0 0 0 0 0 0 0 0 0 0 
486 200 467 200 394 210 356 218 321 225 256 240 188 254 79 280 61 287 3 294 -61 309 -118 320 -156 327 -190 330 -74 360 -6 378 55 403 122 429 188 443 277 472 315 483 381 498 423 498 462 490 499 483 0 0 0 0 0 0 0 0 0 0 0 0 0 0 0 0 0 0 0 0 0 0 0 0 0 0 0 0 0 0 0 0 0 0 0 0 0 0 0 0 0 0 0 0 0 0 0 0 0 0 0 0 0 0 0 0 0 0 0 0 0 0 0 0 0 0 0 0 0 0 0 0 0 0 0 0 0 0 0 0 0 0 0 0 0 0 0 0 0 0 0 0 0 0 0 0 0 0 0 0 
0 0 0 0 1 0 0 0 0 0 0 0 0 0 0 0 0 0 0 0 0 0 
500 80 452 99 380 127 323 145 265 158 204 170 140 177 74 186 11 195 -47 214 -101 232 -132 245 -173 260 -134 285 -59 301 0 316 58 338 111 369 168 403 241 440 300 459 353 475 385 487 426 496 453 500 0 0 0 0 0 0 0 0 0 0 0 0 0 0 0 0 0 0 0 0 0 0 0 0 0 0 0 0 0 0 0 0 0 0 0 0 0 0 0 0 0 0 0 0 0 0 0 0 0 0 0 0 0 0 0 0 0 0 0 0 0 0 0 0 0 0 0 0 0 0 0 0 0 0 0 0 0 0 0 0 0 0 0 0 0 0 0 0 0 0 0 0 0 0 0 0 0 0 0 0 
0 0 0 0 1 0 0 0 0 0 0 0 0 0 0 0 0 0 0 0 0 0 
