-118 -251 -121 -217 -125 -130 -125 -111 -118 7 -110 67 -102 101 -88 181 -78 208 -48 288 -33 312 1 360 36 406 54 421 105 455 128 467 162 481 203 493 245 498 287 489 322 474 365 438 401 392 423 355 449 295 465 249 478 191 489 135 495 75 499 0 499 -36 497 -75 495 -113 494 -133 492 -150 484 -217 478 -271 468 -326 0 0 0 0 0 0 0 0 0 0 0 0 0 0 0 0 0 0 0 0 0 0 0 0 0 0 0 0 0 0 0 0 0 0 0 0 0 0 0 0 0 0 0 0 0 0 0 0 0 0 0 0 0 0 0 0 0 0 0 0 0 0 0 0 0 0 0 0 0 0 0 0 0 0 
0 0 0 0 0 0 0 0 0 0 0 0 0 0 0 0 0 0 0 0 0 1 
-129 -246 -129 -224 -116 -71 -104 13 -80 104 -62 162 -32 235 -10 275 15 324 65 388 91 422 115 446 196 491 216 497 278 500 333 482 355 471 395 437 411 415 433 382 453 322 479 184 487 108 493 -37 493 -151 496 -271 500 -342 0 0 0 0 0 0 0 0 0 0 0 0 0 0 0 0 0 0 0 0 0 0 0 0 0 0 0 0 0 0 0 0 0 0 0 0 0 0 0 0 0 0 0 0 0 0 0 0 0 0 0 0 0 0 0 0 0 0 0 0 0 0 0 0 0 0 0 0 0 0 0 0 0 0 0 0 0 0 0 0 0 0 0 0 0 0 0 0 0 0 0 0 0 0 0 0 
0 0 0 0 0 0 0 0 0 0 0 0 0 0 0 0 0 0 0 0 0 1 
-129 -227 -131 -198 -131 -132 -126 -25 -118 28 -100 114 -88 165 -65 242 -54 270 -24 336 -17 346 27 408 57 441 67 448 99 471 165 497 189 500 243 500 285 494 322 479 366 443 394 410 416 369 435 323 466 214 472 186 487 99 491 66 496 -2 500 -73 498 -155 495 -219 0 0 0 0 0 0 0 0 0 0 0 0 0 0 0 0 0 0 0 0 0 0 0 0 0 0 0 0 0 0 0 0 0 0 0 0 0 0 0 0 0 0 0 0 0 0 0 0 0 0 0 0 0 0 0 0 0 0 0 0 0 0 0 0 0 0 0 0 0 0 0 0 0 0 0 0 0 0 0 0 0 0 0 0 0 0 
0 0 0 0 0 0 0 0 0 0 0 0 0 0 0 0 0 0 0 0 0 1 
-104 -272 -107 -240 -110 -186 -107 -102 -104 -63 -99 -24 -81 83 -75 117 -55 203 -39 250 -21 301 1 340 27 382 52 414 94 453 123 475 158 490 210 500 280 477 305 465 339 443 380 399 396 377 424 343 456 284 481 223 489 188 499 102 499 66 495 -24 489 -93 479 -151 471 -213 463 -257 453 -299 0 0 0 0 0 0 0 0 0 0 0 0 0 0 0 0 0 0 0 0 0 0 0 0 0 0 0 0 0 0 0 0 0 0 0 0 0 0 0 0 0 0 0 0 0 0 0 0 0 0 0 0 0 0 0 0 0 0 0 0 0 0 0 0 0 0 0 0 0 0 0 0 0 0 0 0 0 0 0 0 
0 0 0 0 0 0 0 0 0 0 0 0 0 0 0 0 0 0 0 0 0 1 
-94 -236 -104 -190 -109 -140 -112 -70 -111 2 -99 97 -91 158 -79 211 -49 296 -38 326 -11 366 14 407 54 449 88 469 139 494 182 500 247 492 270 484 318 449 360 407 390 371 420 319 441 273 465 203 480 153 491 90 498 27 500 -42 498 -115 488 -201 475 -253 0 0 0 0 0 0 0 0 0 0 0 0 0 0 0 0 0 0 0 0 0 0 0 0 0 0 0 0 0 0 0 0 0 0 0 0 0 0 0 0 0 0 0 0 0 0 0 0 0 0 0 0 0 0 0 0 0 0 0 0 0 0 0 0 0 0 0 0 0 0 0 0 0 0 0 0 0 0 0 0 0 0 0 0 0 0 0 0 
0 0 0 0 0 0 0 0 0 0 0 0 0 0 0 0 0 0 0 0 0 1 
