251 387 282 387 294 387 300 387 325 489 349 489 380 489 404 489 435 489 435 489 453 387 453 489 453 489 472 489 484 489 496 387 -145 251 -145 251 -67 282 -32 294 -3 300 53 325 107 349 159 380 188 404 244 435 258 435 319 453 348 453 360 453 419 472 462 484 499 496 0 0 0 0 0 0 0 0 0 0 0 0 0 0 0 0 0 0 0 0 0 0 0 0 0 0 0 0 0 0 0 0 0 0 0 0 0 0 0 0 0 0 0 0 0 0 0 0 0 0 0 0 0 0 0 0 0 0 0 0 0 0 0 0 0 0 0 0 0 0 0 0 0 0 0 0 0 0 0 0 0 0 0 0 
0 0 0 0 0 0 0 0 0 0 0 1 0 0 0 0 0 0 0 0 0 0 
500 204 497 363 492 204 481 363 478 500 473 363 468 204 460 363 457 204 444 363 441 363 436 204 430 500 425 500 425 204 433 500 441 363 -205 500 -192 497 -155 492 -85 481 -35 478 8 473 35 468 80 460 108 457 161 444 173 441 216 436 257 430 314 425 354 425 389 433 419 441 499 -247 499 -247 0 0 0 0 0 0 0 0 0 0 0 0 0 0 0 0 0 0 0 0 0 0 0 0 0 0 0 0 0 0 0 0 0 0 0 0 0 0 0 0 0 0 0 0 0 0 0 0 0 0 0 0 0 0 0 0 0 0 0 0 0 0 0 0 0 0 0 0 0 0 0 0 0 0 0 0 0 0 
0 0 0 0 0 0 0 0 0 0 0 1 0 0 0 0 0 0 0 0 0 0 
442 204 450 363 457 500 465 363 470 363 473 363 475 204 475 363 475 204 475 500 480 363 480 363 488 500 493 204 498 500 496 204 -231 442 -204 450 -176 457 -132 465 -76 470 -52 473 4 475 74 475 132 475 156 475 214 480 236 480 275 488 314 493 349 498 386 496 495 -140 499 -138 0 0 0 0 0 0 0 0 0 0 0 0 0 0 0 0 0 0 0 0 0 0 0 0 0 0 0 0 0 0 0 0 0 0 0 0 0 0 0 0 0 0 0 0 0 0 0 0 0 0 0 0 0 0 0 0 0 0 0 0 0 0 0 0 0 0 0 0 0 0 0 0 0 0 0 0 0 0 0 0 0 0 
0 0 0 0 0 0 0 0 0 0 0 1 0 0 0 0 0 0 0 0 0 0 
461 500 461 500 469 363 474 500 479 500 484 363 488 204 496 363 496 363 498 363 496 363 493 204 488 500 481 363 476 500 474 204 -226 461 -209 461 -159 469 -112 474 -53 479 10 484 54 488 132 496 173 496 253 498 276 496 335 493 379 488 428 481 464 476 500 474 0 0 0 0 0 0 0 0 0 0 0 0 0 0 0 0 0 0 0 0 0 0 0 0 0 0 0 0 0 0 0 0 0 0 0 0 0 0 0 0 0 0 0 0 0 0 0 0 0 0 0 0 0 0 0 0 0 0 0 0 0 0 0 0 0 0 0 0 0 0 0 0 0 0 0 0 0 0 0 0 0 0 0 0 0 0 
0 0 0 0 0 0 0 0 0 0 0 1 0 0 0 0 0 0 0 0 0 0 
469 204 471 204 479 500 484 204 489 204 492 500 494 500 497 204 497 500 500 500 494 363 484 363 471 363 461 204 456 500 448 0 -192 469 -177 471 -128 479 -84 484 -30 489 13 492 60 494 120 497 146 497 208 500 274 494 328 484 398 471 438 461 473 456 500 448 500 448 0 0 0 0 0 0 0 0 0 0 0 0 0 0 0 0 0 0 0 0 0 0 0 0 0 0 0 0 0 0 0 0 0 0 0 0 0 0 0 0 0 0 0 0 0 0 0 0 0 0 0 0 0 0 0 0 0 0 0 0 0 0 0 0 0 0 0 0 0 0 0 0 0 0 0 0 0 0 0 0 0 0 0 0 
0 0 0 0 0 0 0 0 0 0 0 1 0 0 0 0 0 0 0 0 0 0 
