-137 500 -151 460 -157 419 -161 352 -163 281 -160 178 -154 120 -140 34 -132 -4 -123 -41 -102 -117 -93 -151 -73 -215 -54 -262 -48 -272 -17 -325 7 -355 38 -375 76 -387 115 -387 168 -377 208 -357 242 -333 275 -311 319 -281 358 -237 381 -205 415 -151 434 -110 465 -26 473 2 485 61 498 147 500 188 496 301 490 333 476 404 467 441 0 0 0 0 0 0 0 0 0 0 0 0 0 0 0 0 0 0 0 0 0 0 0 0 0 0 0 0 0 0 0 0 0 0 0 0 0 0 0 0 0 0 0 0 0 0 0 0 0 0 0 0 0 0 0 0 0 0 0 0 0 0 0 0 0 0 0 0 0 0 0 0 0 0 
0 0 0 0 0 0 0 0 0 0 0 0 0 0 0 0 0 0 0 0 1 0 
-147 430 -147 409 -141 306 -136 264 -133 227 -120 142 -108 93 -87 23 -69 -44 -60 -70 -32 -133 -11 -173 -4 -180 30 -229 68 -269 110 -290 159 -299 198 -297 250 -281 312 -245 339 -220 382 -180 406 -147 429 -112 456 -51 465 -23 487 65 494 98 499 185 499 252 494 341 489 395 481 451 473 498 0 0 0 0 0 0 0 0 0 0 0 0 0 0 0 0 0 0 0 0 0 0 0 0 0 0 0 0 0 0 0 0 0 0 0 0 0 0 0 0 0 0 0 0 0 0 0 0 0 0 0 0 0 0 0 0 0 0 0 0 0 0 0 0 0 0 0 0 0 0 0 0 0 0 0 0 0 0 0 0 0 0 
0 0 0 0 0 0 0 0 0 0 0 0 0 0 0 0 0 0 0 0 1 0 
-162 498 -163 472 -160 409 -148 288 -139 227 -129 169 -109 92 -94 43 -72 -33 -62 -60 -40 -106 -29 -133 -16 -157 6 -196 31 -230 63 -263 109 -280 145 -280 202 -268 243 -251 289 -215 309 -200 363 -140 386 -106 409 -65 440 -4 458 43 472 92 494 191 499 246 499 319 495 411 492 440 484 489 0 0 0 0 0 0 0 0 0 0 0 0 0 0 0 0 0 0 0 0 0 0 0 0 0 0 0 0 0 0 0 0 0 0 0 0 0 0 0 0 0 0 0 0 0 0 0 0 0 0 0 0 0 0 0 0 0 0 0 0 0 0 0 0 0 0 0 0 0 0 0 0 0 0 0 0 0 0 0 0 0 0 
0 0 0 0 0 0 0 0 0 0 0 0 0 0 0 0 0 0 0 0 1 0 
-180 499 -182 470 -180 400 -173 296 -163 216 -153 156 -134 79 -112 7 -91 -57 -68 -119 -41 -174 -20 -223 -3 -261 43 -315 60 -328 106 -360 126 -365 174 -373 214 -365 265 -338 292 -313 343 -256 375 -206 389 -184 417 -119 429 -92 452 -22 460 7 476 64 486 121 497 206 499 283 494 330 0 0 0 0 0 0 0 0 0 0 0 0 0 0 0 0 0 0 0 0 0 0 0 0 0 0 0 0 0 0 0 0 0 0 0 0 0 0 0 0 0 0 0 0 0 0 0 0 0 0 0 0 0 0 0 0 0 0 0 0 0 0 0 0 0 0 0 0 0 0 0 0 0 0 0 0 0 0 0 0 0 0 0 0 
0 0 0 0 0 0 0 0 0 0 0 0 0 0 0 0 0 0 0 0 1 0 
-143 499 -149 475 -149 415 -147 371 -141 276 -129 189 -121 135 -104 55 -92 -4 -72 -67 -55 -118 -36 -157 -4 -213 26 -259 41 -274 89 -310 117 -327 164 -344 208 -344 261 -327 305 -303 348 -262 380 -213 392 -191 416 -150 434 -106 456 -41 474 33 483 82 496 189 499 228 497 293 491 378 486 424 476 466 0 0 0 0 0 0 0 0 0 0 0 0 0 0 0 0 0 0 0 0 0 0 0 0 0 0 0 0 0 0 0 0 0 0 0 0 0 0 0 0 0 0 0 0 0 0 0 0 0 0 0 0 0 0 0 0 0 0 0 0 0 0 0 0 0 0 0 0 0 0 0 0 0 0 0 0 0 0 0 0 
0 0 0 0 0 0 0 0 0 0 0 0 0 0 0 0 0 0 0 0 1 0 
