387 387 489 489 265 265 387 387 387 387 265 265 387 387 387 387 265 265 265 265 387 387 387 387 265 265 387 387 265 265 211 387 258 489 341 265 364 387 400 387 411 265 423 387 435 387 447 265 447 265 447 387 447 387 458 265 470 387 494 265 494 122 499 211 499 211 444 258 390 341 363 364 322 400 274 411 230 423 180 435 121 447 42 447 15 447 -29 447 -74 458 -113 470 -151 494 -159 494 -159 494 -159 494 0 0 0 0 0 0 0 0 0 0 0 0 0 0 0 0 0 0 0 0 0 0 0 0 0 0 0 0 0 0 0 0 0 0 0 0 0 0 0 0 0 0 0 0 0 0 0 0 0 0 
0 0 0 0 0 0 0 0 0 0 0 0 0 0 1 0 0 0 0 0 0 0 
193 193 193 193 193 193 483 483 193 193 193 193 193 193 193 193 193 193 483 483 193 193 483 483 483 483 483 483 170 78 170 78 170 78 167 315 165 78 163 78 158 78 153 78 146 78 139 315 137 78 130 315 127 315 498 499 498 499 113 315 499 170 499 170 437 170 361 170 336 167 283 165 229 163 141 158 114 153 45 146 -15 139 -44 137 -123 130 -139 127 -109 498 -116 498 -225 113 -59 -338 -59 -338 0 0 0 0 0 0 0 0 0 0 0 0 0 0 0 0 0 0 0 0 0 0 0 0 0 0 0 0 0 0 0 0 0 0 0 0 0 0 0 0 0 0 0 0 0 0 0 0 0 0 0 0 
0 0 0 0 0 0 0 0 0 0 0 0 0 0 1 0 0 0 0 0 0 0 
363 363 363 363 500 500 363 363 204 204 500 500 500 500 363 363 204 204 500 500 363 363 363 363 363 363 363 363 498 363 498 363 481 363 477 500 470 363 468 204 468 500 461 500 459 363 459 204 466 500 468 363 470 363 474 363 479 363 490 0 499 498 499 498 418 481 389 477 341 470 272 468 243 468 174 461 106 459 58 459 -5 466 -46 468 -93 470 -139 474 -174 479 -203 490 -136 -284 -136 -284 0 0 0 0 0 0 0 0 0 0 0 0 0 0 0 0 0 0 0 0 0 0 0 0 0 0 0 0 0 0 0 0 0 0 0 0 0 0 0 0 0 0 0 0 0 0 0 0 0 0 0 0 0 0 
0 0 0 0 0 0 0 0 0 0 0 0 0 0 1 0 0 0 0 0 0 0 
204 204 204 204 500 500 204 204 204 204 500 500 500 500 500 500 500 500 500 500 204 204 500 500 204 204 499 204 499 204 472 204 457 500 442 204 435 204 433 500 431 500 429 500 429 500 429 500 429 204 431 500 433 204 500 499 500 499 436 472 389 457 325 442 254 435 222 433 146 431 114 429 22 429 -28 429 -76 429 -123 431 -162 433 -164 435 0 0 0 0 0 0 0 0 0 0 0 0 0 0 0 0 0 0 0 0 0 0 0 0 0 0 0 0 0 0 0 0 0 0 0 0 0 0 0 0 0 0 0 0 0 0 0 0 0 0 0 0 0 0 0 0 0 0 0 0 0 0 0 0 0 0 
0 0 0 0 0 0 0 0 0 0 0 0 0 0 1 0 0 0 0 0 0 0 
363 363 363 363 500 500 204 204 363 363 204 204 363 363 363 363 363 363 363 363 363 363 204 204 500 500 363 363 105 0 487 363 487 363 485 500 490 204 494 363 498 204 498 363 496 363 496 363 494 363 487 363 481 204 474 500 476 363 479 0 468 105 499 487 499 487 426 485 349 490 301 494 225 498 151 498 117 496 41 496 26 494 -39 487 -72 481 -115 474 -157 476 -165 479 0 0 0 0 0 0 0 0 0 0 0 0 0 0 0 0 0 0 0 0 0 0 0 0 0 0 0 0 0 0 0 0 0 0 0 0 0 0 0 0 0 0 0 0 0 0 0 0 0 0 0 0 0 0 0 0 0 0 
0 0 0 0 0 0 0 0 0 0 0 0 0 0 1 0 0 0 0 0 0 0 
