51 71 52 129 70 274 93 345 112 387 149 440 170 461 221 493 244 498 292 493 353 459 399 422 433 366 464 308 484 245 491 208 500 97 491 -2 478 -55 448 -126 420 -160 385 -189 346 -203 301 -213 251 -213 205 -205 144 -171 105 -118 84 -71 70 -13 61 42 0 0 0 0 0 0 0 0 0 0 0 0 0 0 0 0 0 0 0 0 0 0 0 0 0 0 0 0 0 0 0 0 0 0 0 0 0 0 0 0 0 0 0 0 0 0 0 0 0 0 0 0 0 0 0 0 0 0 0 0 0 0 0 0 0 0 0 0 0 0 0 0 0 0 0 0 0 0 0 0 0 0 0 0 0 0 0 0 
0 0 0 0 0 0 0 0 0 1 0 0 0 0 0 0 0 0 0 0 0 0 
-3 44 3 96 26 206 48 283 73 342 105 399 122 423 171 467 223 495 274 500 342 482 377 458 422 406 456 344 479 273 494 194 500 135 496 39 486 -24 451 -110 424 -140 360 -184 281 -204 255 -209 191 -201 118 -167 90 -133 60 -68 43 -19 30 34 18 83 0 0 0 0 0 0 0 0 0 0 0 0 0 0 0 0 0 0 0 0 0 0 0 0 0 0 0 0 0 0 0 0 0 0 0 0 0 0 0 0 0 0 0 0 0 0 0 0 0 0 0 0 0 0 0 0 0 0 0 0 0 0 0 0 0 0 0 0 0 0 0 0 0 0 0 0 0 0 0 0 0 0 0 0 0 0 0 0 
0 0 0 0 0 0 0 0 0 1 0 0 0 0 0 0 0 0 0 0 0 0 
-57 151 -20 242 -5 277 24 326 48 361 96 428 124 456 175 491 224 498 290 489 344 456 374 426 416 372 448 319 470 251 487 179 496 125 500 37 488 -46 466 -116 446 -158 416 -193 355 -240 331 -251 285 -258 216 -244 179 -226 118 -174 92 -142 53 -72 42 -41 25 6 14 60 7 109 5 158 0 0 0 0 0 0 0 0 0 0 0 0 0 0 0 0 0 0 0 0 0 0 0 0 0 0 0 0 0 0 0 0 0 0 0 0 0 0 0 0 0 0 0 0 0 0 0 0 0 0 0 0 0 0 0 0 0 0 0 0 0 0 0 0 0 0 0 0 0 0 0 0 0 0 0 0 0 0 0 0 
0 0 0 0 0 0 0 0 0 1 0 0 0 0 0 0 0 0 0 0 0 0 
77 21 81 48 110 206 131 282 151 346 170 395 210 449 260 489 286 498 353 486 379 474 401 455 448 395 475 325 494 234 499 182 493 36 479 -60 451 -145 418 -209 401 -237 358 -285 337 -306 284 -331 222 -322 177 -300 141 -273 93 -200 70 -151 39 -48 31 -15 18 48 10 100 0 0 0 0 0 0 0 0 0 0 0 0 0 0 0 0 0 0 0 0 0 0 0 0 0 0 0 0 0 0 0 0 0 0 0 0 0 0 0 0 0 0 0 0 0 0 0 0 0 0 0 0 0 0 0 0 0 0 0 0 0 0 0 0 0 0 0 0 0 0 0 0 0 0 0 0 0 0 0 0 0 0 0 0 
0 0 0 0 0 0 0 0 0 1 0 0 0 0 0 0 0 0 0 0 0 0 
-13 44 5 152 17 197 28 239 55 302 83 366 114 415 146 453 180 481 243 500 273 495 338 462 363 441 403 384 442 319 460 284 482 211 496 133 500 79 496 -14 486 -68 444 -140 425 -159 370 -192 346 -201 296 -204 228 -187 174 -157 144 -122 115 -84 95 -37 74 32 62 86 53 145 0 0 0 0 0 0 0 0 0 0 0 0 0 0 0 0 0 0 0 0 0 0 0 0 0 0 0 0 0 0 0 0 0 0 0 0 0 0 0 0 0 0 0 0 0 0 0 0 0 0 0 0 0 0 0 0 0 0 0 0 0 0 0 0 0 0 0 0 0 0 0 0 0 0 0 0 0 0 0 0 0 0 
0 0 0 0 0 0 0 0 0 1 0 0 0 0 0 0 0 0 0 0 0 0 
