499 -328 478 -335 443 -340 379 -344 301 -337 287 -337 186 -317 148 -306 93 -277 71 -262 28 -226 -9 -191 -44 -146 -50 -137 -93 -62 -107 0 -110 71 -102 128 -60 233 -37 262 17 320 36 337 88 380 167 435 251 468 276 477 357 497 385 500 467 488 0 0 0 0 0 0 0 0 0 0 0 0 0 0 0 0 0 0 0 0 0 0 0 0 0 0 0 0 0 0 0 0 0 0 0 0 0 0 0 0 0 0 0 0 0 0 0 0 0 0 0 0 0 0 0 0 0 0 0 0 0 0 0 0 0 0 0 0 0 0 0 0 0 0 0 0 0 0 0 0 0 0 0 0 0 0 0 0 0 0 0 0 
0 0 0 0 0 0 0 0 0 0 0 0 0 0 0 0 0 0 0 1 0 0 
500 -351 480 -353 442 -353 359 -346 318 -340 271 -331 228 -323 160 -297 138 -286 102 -258 63 -230 32 -202 -1 -161 -34 -116 -53 -73 -63 -51 -81 -6 -91 53 -89 122 -81 174 -68 221 -42 275 -21 310 14 355 32 372 62 400 111 426 133 435 204 463 240 476 266 482 330 489 354 491 406 495 444 500 0 0 0 0 0 0 0 0 0 0 0 0 0 0 0 0 0 0 0 0 0 0 0 0 0 0 0 0 0 0 0 0 0 0 0 0 0 0 0 0 0 0 0 0 0 0 0 0 0 0 0 0 0 0 0 0 0 0 0 0 0 0 0 0 0 0 0 0 0 0 0 0 0 0 0 0 0 0 0 0 
0 0 0 0 0 0 0 0 0 0 0 0 0 0 0 0 0 0 0 1 0 0 
499 -354 483 -354 420 -345 390 -336 352 -329 275 -318 248 -316 180 -304 129 -291 91 -273 43 -239 24 -226 -14 -195 -43 -156 -73 -114 -94 -78 -112 -33 -128 38 -132 96 -123 197 -102 257 -70 304 -44 336 -1 374 28 394 60 417 123 452 176 468 212 477 268 493 331 499 393 493 419 488 454 479 0 0 0 0 0 0 0 0 0 0 0 0 0 0 0 0 0 0 0 0 0 0 0 0 0 0 0 0 0 0 0 0 0 0 0 0 0 0 0 0 0 0 0 0 0 0 0 0 0 0 0 0 0 0 0 0 0 0 0 0 0 0 0 0 0 0 0 0 0 0 0 0 0 0 0 0 0 0 0 0 0 0 
0 0 0 0 0 0 0 0 0 0 0 0 0 0 0 0 0 0 0 1 0 0 
488 -361 474 -361 427 -361 357 -359 313 -357 239 -341 197 -324 148 -303 111 -280 67 -241 29 -206 -11 -148 -35 -111 -46 -85 -64 -37 -77 32 -77 85 -72 146 -48 211 -29 252 -14 276 21 320 48 352 90 385 137 412 186 440 234 466 271 482 315 491 377 498 420 496 466 494 500 489 0 0 0 0 0 0 0 0 0 0 0 0 0 0 0 0 0 0 0 0 0 0 0 0 0 0 0 0 0 0 0 0 0 0 0 0 0 0 0 0 0 0 0 0 0 0 0 0 0 0 0 0 0 0 0 0 0 0 0 0 0 0 0 0 0 0 0 0 0 0 0 0 0 0 0 0 0 0 0 0 0 0 0 0 
0 0 0 0 0 0 0 0 0 0 0 0 0 0 0 0 0 0 0 1 0 0 
391 -385 377 -388 335 -388 271 -379 238 -365 189 -341 156 -325 95 -286 54 -250 27 -230 -7 -192 -28 -157 -53 -124 -80 -66 -91 -44 -110 19 -119 86 -118 139 -109 195 -94 239 -72 277 -31 330 -16 343 15 363 71 401 101 419 136 436 172 450 210 458 247 467 318 487 341 494 382 498 433 494 468 483 499 474 0 0 0 0 0 0 0 0 0 0 0 0 0 0 0 0 0 0 0 0 0 0 0 0 0 0 0 0 0 0 0 0 0 0 0 0 0 0 0 0 0 0 0 0 0 0 0 0 0 0 0 0 0 0 0 0 0 0 0 0 0 0 0 0 0 0 0 0 0 0 0 0 0 0 0 0 0 0 
0 0 0 0 0 0 0 0 0 0 0 0 0 0 0 0 0 0 0 1 0 0 
