-202 400 -180 396 -120 396 -87 400 -51 407 7 423 34 430 72 442 134 453 192 453 232 453 293 457 334 465 376 473 416 484 456 492 491 496 499 500 404 484 349 473 294 457 241 434 183 400 128 361 103 346 56 323 26 300 -19 265 -47 250 0 0 0 0 0 0 0 0 0 0 0 0 0 0 0 0 0 0 0 0 0 0 0 0 0 0 0 0 0 0 0 0 0 0 0 0 0 0 0 0 0 0 0 0 0 0 0 0 0 0 0 0 0 0 0 0 0 0 0 0 0 0 0 0 0 0 0 0 0 0 0 0 0 0 0 0 0 0 0 0 0 0 0 0 0 0 0 0 0 0 0 0 
0 0 0 0 0 1 0 0 0 0 0 0 0 0 0 0 0 0 0 0 0 0 
-130 498 -95 494 -22 494 77 487 141 480 166 477 212 466 242 463 322 442 334 439 391 425 431 411 443 407 479 393 500 383 342 418 252 425 130 432 99 428 10 421 -26 414 -68 411 -108 418 0 0 0 0 0 0 0 0 0 0 0 0 0 0 0 0 0 0 0 0 0 0 0 0 0 0 0 0 0 0 0 0 0 0 0 0 0 0 0 0 0 0 0 0 0 0 0 0 0 0 0 0 0 0 0 0 0 0 0 0 0 0 0 0 0 0 0 0 0 0 0 0 0 0 0 0 0 0 0 0 0 0 0 0 0 0 0 0 0 0 0 0 0 0 0 0 0 0 0 0 0 0 0 0 
0 0 0 0 0 1 0 0 0 0 0 0 0 0 0 0 0 0 0 0 0 0 
-156 500 -123 481 -52 463 4 455 45 452 109 448 167 444 209 437 274 426 301 422 341 419 405 408 460 393 492 389 500 389 417 404 356 415 301 426 243 430 159 433 94 430 33 426 -21 422 -60 411 -109 393 0 0 0 0 0 0 0 0 0 0 0 0 0 0 0 0 0 0 0 0 0 0 0 0 0 0 0 0 0 0 0 0 0 0 0 0 0 0 0 0 0 0 0 0 0 0 0 0 0 0 0 0 0 0 0 0 0 0 0 0 0 0 0 0 0 0 0 0 0 0 0 0 0 0 0 0 0 0 0 0 0 0 0 0 0 0 0 0 0 0 0 0 0 0 0 0 0 0 0 0 
0 0 0 0 0 1 0 0 0 0 0 0 0 0 0 0 0 0 0 0 0 0 
-109 500 -26 483 8 479 70 483 130 491 190 487 247 466 302 445 356 425 393 412 435 395 470 391 500 391 401 458 341 475 285 483 226 491 166 491 104 483 46 475 -8 462 -44 458 -80 454 0 0 0 0 0 0 0 0 0 0 0 0 0 0 0 0 0 0 0 0 0 0 0 0 0 0 0 0 0 0 0 0 0 0 0 0 0 0 0 0 0 0 0 0 0 0 0 0 0 0 0 0 0 0 0 0 0 0 0 0 0 0 0 0 0 0 0 0 0 0 0 0 0 0 0 0 0 0 0 0 0 0 0 0 0 0 0 0 0 0 0 0 0 0 0 0 0 0 0 0 0 0 0 0 
0 0 0 0 0 1 0 0 0 0 0 0 0 0 0 0 0 0 0 0 0 0 
-79 500 -57 495 -10 491 34 491 87 487 139 474 198 465 221 461 264 457 322 461 377 465 417 465 465 465 500 461 452 474 390 487 365 487 304 482 278 482 233 474 174 461 147 457 105 457 44 461 19 465 -41 470 -63 478 -102 482 -139 482 0 0 0 0 0 0 0 0 0 0 0 0 0 0 0 0 0 0 0 0 0 0 0 0 0 0 0 0 0 0 0 0 0 0 0 0 0 0 0 0 0 0 0 0 0 0 0 0 0 0 0 0 0 0 0 0 0 0 0 0 0 0 0 0 0 0 0 0 0 0 0 0 0 0 0 0 0 0 0 0 0 0 0 0 0 0 0 0 0 0 0 0 
0 0 0 0 0 1 0 0 0 0 0 0 0 0 0 0 0 0 0 0 0 0 
