498 363 400 500 318 500 215 204 79 204 13 500 -81 500 -155 363 -220 500 -291 363 -340 204 490 498 490 498 488 400 487 318 487 215 490 79 495 13 499 -81 497 -155 492 -220 485 -291 476 -340 0 0 0 0 0 0 0 0 0 0 0 0 0 0 0 0 0 0 0 0 0 0 0 0 0 0 0 0 0 0 0 0 0 0 0 0 0 0 0 0 0 0 0 0 0 0 0 0 0 0 0 0 0 0 0 0 0 0 0 0 0 0 0 0 0 0 0 0 0 0 0 0 0 0 0 0 0 0 0 0 0 0 0 0 0 0 0 0 0 0 0 0 0 0 0 0 0 0 0 0 0 0 0 0 
0 0 0 0 0 0 0 0 0 0 0 0 0 1 0 0 0 0 0 0 0 0 
438 500 438 500 460 423 479 342 485 280 495 215 498 125 495 57 489 -13 485 -76 479 -143 470 -215 457 -266 451 -296 451 -296 500 265 500 265 423 489 342 387 280 387 215 489 125 387 57 387 -13 387 -76 489 -143 387 -215 387 -266 387 -296 -61 0 0 0 0 0 0 0 0 0 0 0 0 0 0 0 0 0 0 0 0 0 0 0 0 0 0 0 0 0 0 0 0 0 0 0 0 0 0 0 0 0 0 0 0 0 0 0 0 0 0 0 0 0 0 0 0 0 0 0 0 0 0 0 0 0 0 0 0 0 0 0 0 0 0 0 0 0 0 0 0 0 0 0 0 0 0 0 0 0 0 0 0 
0 0 0 0 0 0 0 0 0 0 0 0 0 1 0 0 0 0 0 0 0 0 
500 204 500 204 412 500 341 363 247 500 181 500 80 363 25 363 -89 500 -153 363 -236 204 -300 500 499 428 49 500 49 500 54 412 54 341 54 247 54 181 56 80 54 25 51 -89 49 -153 48 -236 41 -300 38 -334 0 0 0 0 0 0 0 0 0 0 0 0 0 0 0 0 0 0 0 0 0 0 0 0 0 0 0 0 0 0 0 0 0 0 0 0 0 0 0 0 0 0 0 0 0 0 0 0 0 0 0 0 0 0 0 0 0 0 0 0 0 0 0 0 0 0 0 0 0 0 0 0 0 0 0 0 0 0 0 0 0 0 0 0 0 0 0 0 0 0 0 0 0 0 0 0 0 0 
0 0 0 0 0 0 0 0 0 0 0 0 0 1 0 0 0 0 0 0 0 0 
481 498 481 498 481 498 492 423 500 318 500 296 500 170 500 75 496 -2 492 -99 492 -143 485 -218 481 -284 466 -347 455 -394 452 -416 498 489 498 489 423 387 318 387 296 387 170 387 75 387 -2 387 -99 387 -143 387 -218 387 -284 489 -347 387 -394 265 0 0 0 0 0 0 0 0 0 0 0 0 0 0 0 0 0 0 0 0 0 0 0 0 0 0 0 0 0 0 0 0 0 0 0 0 0 0 0 0 0 0 0 0 0 0 0 0 0 0 0 0 0 0 0 0 0 0 0 0 0 0 0 0 0 0 0 0 0 0 0 0 0 0 0 0 0 0 0 0 0 0 0 0 0 0 0 0 0 0 
0 0 0 0 0 0 0 0 0 0 0 0 0 1 0 0 0 0 0 0 0 0 
500 500 500 500 362 204 279 204 190 500 132 500 32 363 -83 500 -125 204 -220 363 -253 363 -320 363 -344 363 500 451 38 500 38 500 60 362 66 279 71 190 71 132 70 32 68 -83 68 -125 64 -220 62 -253 58 -320 56 -344 56 -346 56 -346 0 0 0 0 0 0 0 0 0 0 0 0 0 0 0 0 0 0 0 0 0 0 0 0 0 0 0 0 0 0 0 0 0 0 0 0 0 0 0 0 0 0 0 0 0 0 0 0 0 0 0 0 0 0 0 0 0 0 0 0 0 0 0 0 0 0 0 0 0 0 0 0 0 0 0 0 0 0 0 0 0 0 0 0 0 0 0 0 0 0 0 0 
0 0 0 0 0 0 0 0 0 0 0 0 0 1 0 0 0 0 0 0 0 0 
