387 387 489 489 387 387 387 387 387 387 387 387 489 489 387 387 387 387 489 489 387 387 122 122 -383 387 -291 489 -195 387 -121 387 -46 387 28 387 112 489 216 387 311 387 380 489 455 387 498 122 498 122 451 -386 451 -386 456 -296 466 -204 474 -131 479 -58 483 14 486 95 488 196 491 288 493 355 498 428 500 470 500 470 -11 498 -11 498 0 0 0 0 0 0 0 0 0 0 0 0 0 0 0 0 0 0 0 0 0 0 0 0 0 0 0 0 0 0 0 0 0 0 0 0 0 0 0 0 0 0 0 0 0 0 0 0 0 0 0 0 0 0 0 0 0 0 0 0 0 0 0 0 0 0 0 0 
0 0 0 0 0 0 0 0 0 0 0 0 0 0 0 0 1 0 0 0 0 0 
265 265 265 265 265 265 387 387 387 387 387 387 387 387 489 489 265 265 387 387 387 387 387 387 387 387 387 387 -61 -61 -347 265 -347 265 -266 265 -226 387 -167 387 -126 387 -64 387 0 489 118 265 159 387 247 387 336 387 396 387 450 387 498 -61 500 -409 -103 -347 -103 -347 -87 -266 -79 -226 -68 -167 -61 -126 -53 -64 -44 0 -29 118 -27 159 -22 247 -16 336 -12 396 -11 450 -11 498 -11 498 0 0 0 0 0 0 0 0 0 0 0 0 0 0 0 0 0 0 0 0 0 0 0 0 0 0 0 0 0 0 0 0 0 0 0 0 0 0 0 0 0 0 0 0 0 0 0 0 0 0 0 0 0 0 0 0 
0 0 0 0 0 0 0 0 0 0 0 0 0 0 0 0 1 0 0 0 0 0 
315 315 315 315 78 78 499 499 315 315 315 315 499 499 315 315 315 315 315 315 315 315 315 315 -363 315 -363 315 -257 315 -200 78 -113 499 -77 315 -40 315 51 499 120 315 231 315 311 315 398 315 452 315 500 315 500 315 424 -334 159 -363 159 -363 186 -257 195 -200 208 -113 211 -77 214 -40 219 51 219 120 222 231 221 311 219 398 222 452 500 500 500 500 500 500 0 0 0 0 0 0 0 0 0 0 0 0 0 0 0 0 0 0 0 0 0 0 0 0 0 0 0 0 0 0 0 0 0 0 0 0 0 0 0 0 0 0 0 0 0 0 0 0 0 0 0 0 0 0 0 0 0 0 0 0 0 0 
0 0 0 0 0 0 0 0 0 0 0 0 0 0 0 0 1 0 0 0 0 0 
363 363 363 363 500 500 204 204 363 363 500 500 500 500 500 500 500 500 500 500 500 500 363 363 500 500 363 363 -355 363 -355 363 -332 363 -283 500 -197 204 -98 363 -83 500 -2 500 83 500 146 500 224 500 301 500 370 363 413 500 471 363 498 204 353 -355 353 -355 360 -332 378 -283 406 -197 427 -98 431 -83 445 -2 452 83 455 146 462 224 469 301 480 370 487 413 494 471 498 498 498 498 498 498 0 0 0 0 0 0 0 0 0 0 0 0 0 0 0 0 0 0 0 0 0 0 0 0 0 0 0 0 0 0 0 0 0 0 0 0 0 0 0 0 0 0 0 0 0 0 0 0 0 0 0 0 0 0 
0 0 0 0 0 0 0 0 0 0 0 0 0 0 0 0 1 0 0 0 0 0 
314 314 407 407 314 314 407 407 407 407 407 407 407 407 407 407 407 407 500 500 407 407 314 314 203 203 74 74 -377 314 -283 407 -236 314 -185 407 -106 407 -21 407 29 407 117 407 159 407 219 500 304 407 358 314 443 203 481 74 494 74 498 -92 420 -377 420 -377 438 -283 446 -236 452 -185 460 -106 464 -21 467 29 466 117 464 159 466 219 471 304 474 358 483 443 491 481 494 494 499 498 0 0 0 0 0 0 0 0 0 0 0 0 0 0 0 0 0 0 0 0 0 0 0 0 0 0 0 0 0 0 0 0 0 0 0 0 0 0 0 0 0 0 0 0 0 0 0 0 0 0 0 0 0 0 0 0 
0 0 0 0 0 0 0 0 0 0 0 0 0 0 0 0 1 0 0 0 0 0 
