363 363 500 500 204 204 500 500 500 500 500 500 500 500 500 500 204 204 363 363 363 363 500 500 363 363 204 204 0 0 0 0 204 204 405 363 418 500 422 204 428 500 435 500 435 500 437 500 437 500 437 204 443 363 452 363 459 500 471 363 480 204 491 0 493 0 500 204 -222 405 -222 405 -176 418 -137 422 -102 428 -51 435 -51 435 16 437 69 437 94 437 172 443 209 452 243 459 278 471 309 480 349 491 358 493 372 500 496 -321 499 -318 0 0 0 0 0 0 0 0 0 0 0 0 0 0 0 0 0 0 0 0 0 0 0 0 0 0 0 0 0 0 0 0 0 0 0 0 0 0 0 0 0 0 
0 0 0 0 0 0 0 0 0 0 0 0 0 0 0 1 0 0 0 0 0 0 
315 315 499 499 315 315 315 315 315 315 315 315 499 499 315 315 499 499 499 499 315 315 499 499 499 499 315 315 500 315 500 315 484 499 464 315 456 315 447 315 438 315 436 499 432 315 429 499 425 499 423 315 421 499 423 499 425 315 425 78 -154 500 -154 500 -115 484 -58 464 -6 456 71 447 129 438 156 436 202 432 244 429 304 425 347 423 402 421 440 423 484 425 494 425 499 425 499 425 0 0 0 0 0 0 0 0 0 0 0 0 0 0 0 0 0 0 0 0 0 0 0 0 0 0 0 0 0 0 0 0 0 0 0 0 0 0 0 0 0 0 0 0 0 0 0 0 0 0 0 0 0 0 
0 0 0 0 0 0 0 0 0 0 0 0 0 0 0 1 0 0 0 0 0 0 
500 500 500 500 204 204 204 204 204 204 363 363 204 204 204 204 204 204 204 204 204 204 363 363 204 204 204 204 0 0 73 204 442 500 442 500 473 204 473 204 485 204 492 363 498 204 498 204 498 204 496 204 494 204 494 363 492 204 494 204 494 0 -206 73 -174 442 -174 442 -87 473 -87 473 -27 485 28 492 104 498 104 498 180 498 204 496 248 494 290 494 316 492 365 494 381 494 500 -323 500 -323 0 0 0 0 0 0 0 0 0 0 0 0 0 0 0 0 0 0 0 0 0 0 0 0 0 0 0 0 0 0 0 0 0 0 0 0 0 0 0 0 0 0 0 0 0 0 0 0 0 0 0 0 
0 0 0 0 0 0 0 0 0 0 0 0 0 0 0 1 0 0 0 0 0 0 
363 363 363 363 204 204 363 363 363 363 500 500 500 500 363 363 500 500 363 363 500 500 363 363 500 500 363 363 204 204 0 0 498 363 498 363 491 363 489 204 487 363 480 363 473 500 463 500 461 363 459 500 463 363 466 500 470 363 470 500 468 363 466 204 461 0 81 0 81 0 -265 498 -265 498 -189 491 -161 489 -134 487 -94 480 -51 473 20 463 44 461 104 459 161 463 200 466 242 470 283 470 316 468 344 466 363 461 347 81 347 81 499 -351 499 -351 0 0 0 0 0 0 0 0 0 0 0 0 0 0 0 0 0 0 0 0 0 0 0 0 0 0 0 0 0 0 0 0 0 0 0 0 0 0 
0 0 0 0 0 0 0 0 0 0 0 0 0 0 0 1 0 0 0 0 0 0 
363 363 363 363 363 363 363 363 500 500 363 363 500 500 363 363 500 500 500 500 204 204 500 500 204 204 363 363 204 204 465 363 465 363 474 363 477 363 477 363 481 363 481 500 483 363 483 500 483 363 483 500 483 500 486 204 486 500 488 204 493 363 495 204 500 204 500 204 -164 465 -164 465 -118 474 -77 477 -77 477 -38 481 -27 481 33 483 43 483 100 483 174 483 187 483 273 486 299 486 354 488 396 493 427 495 435 500 435 500 500 -321 500 -321 0 0 0 0 0 0 0 0 0 0 0 0 0 0 0 0 0 0 0 0 0 0 0 0 0 0 0 0 0 0 0 0 0 0 0 0 0 0 0 0 
0 0 0 0 0 0 0 0 0 0 0 0 0 0 0 1 0 0 0 0 0 0 
