62 193 62 166 77 49 88 -10 112 -111 116 -128 147 -215 177 -256 210 -283 245 -297 286 -288 345 -253 371 -237 391 -215 423 -171 452 -130 473 -76 493 8 499 76 473 237 454 294 430 337 395 400 365 435 330 468 251 498 210 487 170 465 112 389 75 283 62 188 0 0 0 0 0 0 0 0 0 0 0 0 0 0 0 0 0 0 0 0 0 0 0 0 0 0 0 0 0 0 0 0 0 0 0 0 0 0 0 0 0 0 0 0 0 0 0 0 0 0 0 0 0 0 0 0 0 0 0 0 0 0 0 0 0 0 0 0 0 0 0 0 0 0 0 0 0 0 0 0 0 0 0 0 0 0 0 0 
0 0 0 0 0 0 0 0 1 0 0 0 0 0 0 0 0 0 0 0 0 0 
-23 248 -13 188 0 125 15 81 27 39 56 -23 82 -60 111 -102 146 -133 187 -151 238 -164 287 -162 369 -133 380 -123 425 -75 455 -36 478 13 494 68 500 136 488 230 470 282 437 348 421 376 378 424 345 455 306 481 257 500 199 497 142 473 95 437 64 397 41 350 15 287 3 235 -3 191 0 0 0 0 0 0 0 0 0 0 0 0 0 0 0 0 0 0 0 0 0 0 0 0 0 0 0 0 0 0 0 0 0 0 0 0 0 0 0 0 0 0 0 0 0 0 0 0 0 0 0 0 0 0 0 0 0 0 0 0 0 0 0 0 0 0 0 0 0 0 0 0 0 0 0 0 0 0 0 0 
0 0 0 0 0 0 0 0 1 0 0 0 0 0 0 0 0 0 0 0 0 0 
55 148 59 97 92 -19 126 -70 142 -92 176 -126 222 -160 276 -167 341 -153 393 -121 411 -104 454 -58 469 -29 493 36 499 94 487 189 476 240 443 323 408 374 391 399 346 442 298 476 276 489 228 498 178 481 137 457 102 425 70 374 46 316 35 265 27 192 29 138 0 0 0 0 0 0 0 0 0 0 0 0 0 0 0 0 0 0 0 0 0 0 0 0 0 0 0 0 0 0 0 0 0 0 0 0 0 0 0 0 0 0 0 0 0 0 0 0 0 0 0 0 0 0 0 0 0 0 0 0 0 0 0 0 0 0 0 0 0 0 0 0 0 0 0 0 0 0 0 0 0 0 0 0 0 0 
0 0 0 0 0 0 0 0 1 0 0 0 0 0 0 0 0 0 0 0 0 0 
55 85 64 22 92 -94 118 -166 148 -220 179 -252 228 -292 259 -303 313 -303 357 -292 409 -257 447 -200 470 -151 489 -63 496 -20 499 54 487 189 468 272 447 326 423 369 386 426 357 458 311 489 261 498 207 487 170 461 128 412 88 326 73 277 50 171 41 97 38 48 0 0 0 0 0 0 0 0 0 0 0 0 0 0 0 0 0 0 0 0 0 0 0 0 0 0 0 0 0 0 0 0 0 0 0 0 0 0 0 0 0 0 0 0 0 0 0 0 0 0 0 0 0 0 0 0 0 0 0 0 0 0 0 0 0 0 0 0 0 0 0 0 0 0 0 0 0 0 0 0 0 0 0 0 0 0 
0 0 0 0 0 0 0 0 1 0 0 0 0 0 0 0 0 0 0 0 0 0 
-18 243 -15 187 0 106 11 75 32 30 66 -30 85 -50 132 -98 162 -126 223 -154 250 -162 316 -162 382 -136 414 -113 446 -81 482 -22 496 22 500 91 484 210 464 260 433 321 405 362 373 402 333 448 297 473 255 491 196 498 147 488 104 468 60 420 37 377 18 321 5 212 5 156 9 93 0 0 0 0 0 0 0 0 0 0 0 0 0 0 0 0 0 0 0 0 0 0 0 0 0 0 0 0 0 0 0 0 0 0 0 0 0 0 0 0 0 0 0 0 0 0 0 0 0 0 0 0 0 0 0 0 0 0 0 0 0 0 0 0 0 0 0 0 0 0 0 0 0 0 0 0 0 0 0 0 
0 0 0 0 0 0 0 0 1 0 0 0 0 0 0 0 0 0 0 0 0 0 
