-125 -322 -95 -328 -49 -342 -37 -344 10 -349 59 -346 86 -342 126 -337 165 -326 214 -313 277 -286 304 -265 342 -231 381 -191 396 -168 409 -148 430 -112 463 -40 476 -2 490 49 499 123 497 209 491 243 463 322 442 358 397 412 374 436 345 459 295 484 265 495 216 500 154 490 129 488 74 481 17 475 -5 470 -62 461 -83 454 -119 441 0 0 0 0 0 0 0 0 0 0 0 0 0 0 0 0 0 0 0 0 0 0 0 0 0 0 0 0 0 0 0 0 0 0 0 0 0 0 0 0 0 0 0 0 0 0 0 0 0 0 0 0 0 0 0 0 0 0 0 0 0 0 0 0 0 0 0 0 0 0 0 0 
0 0 0 0 0 0 0 0 0 0 0 0 0 0 0 0 0 0 1 0 0 0 
-104 -273 -75 -288 -23 -306 4 -316 39 -323 97 -331 159 -336 221 -329 246 -323 311 -297 330 -282 368 -243 393 -215 423 -163 440 -131 466 -71 484 -6 489 23 499 105 499 137 491 221 481 273 466 316 434 372 404 413 387 428 341 463 312 480 259 497 232 500 156 489 131 484 88 474 47 461 11 448 -47 435 -69 433 -105 424 -134 418 0 0 0 0 0 0 0 0 0 0 0 0 0 0 0 0 0 0 0 0 0 0 0 0 0 0 0 0 0 0 0 0 0 0 0 0 0 0 0 0 0 0 0 0 0 0 0 0 0 0 0 0 0 0 0 0 0 0 0 0 0 0 0 0 0 0 0 0 0 0 0 0 
0 0 0 0 0 0 0 0 0 0 0 0 0 0 0 0 0 0 1 0 0 0 
-81 -270 -64 -281 0 -301 11 -301 74 -301 122 -296 179 -281 205 -272 245 -257 295 -229 315 -216 373 -165 396 -139 437 -80 451 -58 477 0 489 28 499 78 497 135 475 224 462 248 426 296 389 334 354 358 310 395 265 423 227 438 187 451 142 462 116 471 71 480 -1 491 -48 500 0 0 0 0 0 0 0 0 0 0 0 0 0 0 0 0 0 0 0 0 0 0 0 0 0 0 0 0 0 0 0 0 0 0 0 0 0 0 0 0 0 0 0 0 0 0 0 0 0 0 0 0 0 0 0 0 0 0 0 0 0 0 0 0 0 0 0 0 0 0 0 0 0 0 0 0 0 0 0 0 0 0 0 0 
0 0 0 0 0 0 0 0 0 0 0 0 0 0 0 0 0 0 1 0 0 0 
-110 -301 -97 -303 -60 -303 -7 -308 36 -308 97 -310 161 -308 174 -305 231 -296 292 -267 323 -242 354 -216 374 -203 412 -159 436 -125 449 -107 473 -45 482 -20 493 27 499 105 485 189 466 253 436 305 419 333 383 374 348 408 320 436 274 465 238 481 215 488 158 497 83 500 58 500 6 497 -26 493 0 0 0 0 0 0 0 0 0 0 0 0 0 0 0 0 0 0 0 0 0 0 0 0 0 0 0 0 0 0 0 0 0 0 0 0 0 0 0 0 0 0 0 0 0 0 0 0 0 0 0 0 0 0 0 0 0 0 0 0 0 0 0 0 0 0 0 0 0 0 0 0 0 0 0 0 0 0 0 0 
0 0 0 0 0 0 0 0 0 0 0 0 0 0 0 0 0 0 1 0 0 0 
-126 -325 -106 -331 -48 -338 9 -342 72 -344 114 -340 175 -336 247 -321 297 -299 338 -269 369 -241 394 -219 426 -170 438 -150 471 -81 481 -60 495 8 500 86 487 165 479 200 463 237 431 297 398 342 362 387 322 422 286 454 253 476 231 487 192 497 148 500 100 500 42 495 -9 493 -50 493 0 0 0 0 0 0 0 0 0 0 0 0 0 0 0 0 0 0 0 0 0 0 0 0 0 0 0 0 0 0 0 0 0 0 0 0 0 0 0 0 0 0 0 0 0 0 0 0 0 0 0 0 0 0 0 0 0 0 0 0 0 0 0 0 0 0 0 0 0 0 0 0 0 0 0 0 0 0 0 0 0 0 
0 0 0 0 0 0 0 0 0 0 0 0 0 0 0 0 0 0 1 0 0 0 
