438 363 438 363 447 500 452 500 458 500 466 363 469 500 472 500 472 500 475 500 475 500 480 500 486 363 497 363 500 363 500 438 500 438 452 447 384 452 348 458 254 466 211 469 150 472 121 472 73 475 29 475 -30 480 -87 486 -139 497 -177 500 -115 -136 -115 -136 0 0 0 0 0 0 0 0 0 0 0 0 0 0 0 0 0 0 0 0 0 0 0 0 0 0 0 0 0 0 0 0 0 0 0 0 0 0 0 0 0 0 0 0 0 0 0 0 0 0 0 0 0 0 0 0 0 0 0 0 0 0 0 0 0 0 0 0 0 0 0 0 0 0 0 0 0 0 0 0 0 0 0 0 0 0 
0 0 0 0 0 0 0 0 0 0 1 0 0 0 0 0 0 0 0 0 0 0 
458 363 458 363 479 363 484 500 494 204 494 500 497 500 497 363 497 204 500 500 500 500 500 204 497 500 492 204 499 458 499 458 412 479 374 484 280 494 253 494 187 497 139 497 76 497 30 500 -33 500 -74 500 -125 497 -156 492 -160 492 0 0 0 0 0 0 0 0 0 0 0 0 0 0 0 0 0 0 0 0 0 0 0 0 0 0 0 0 0 0 0 0 0 0 0 0 0 0 0 0 0 0 0 0 0 0 0 0 0 0 0 0 0 0 0 0 0 0 0 0 0 0 0 0 0 0 0 0 0 0 0 0 0 0 0 0 0 0 0 0 0 0 0 0 0 0 0 0 0 0 0 0 
0 0 0 0 0 0 0 0 0 0 1 0 0 0 0 0 0 0 0 0 0 0 
484 500 469 500 453 500 453 500 446 500 438 500 438 363 446 500 453 500 461 500 469 500 476 500 492 500 500 204 499 484 499 484 439 469 374 453 351 453 281 446 238 438 177 438 149 446 86 453 43 461 -4 469 -60 476 -107 492 -129 500 -129 500 0 0 0 0 0 0 0 0 0 0 0 0 0 0 0 0 0 0 0 0 0 0 0 0 0 0 0 0 0 0 0 0 0 0 0 0 0 0 0 0 0 0 0 0 0 0 0 0 0 0 0 0 0 0 0 0 0 0 0 0 0 0 0 0 0 0 0 0 0 0 0 0 0 0 0 0 0 0 0 0 0 0 0 0 0 0 0 0 0 0 
0 0 0 0 0 0 0 0 0 0 1 0 0 0 0 0 0 0 0 0 0 0 
469 500 469 500 474 500 474 204 472 500 472 363 472 204 469 204 474 204 482 204 487 500 492 204 497 363 500 363 500 500 499 -160 438 469 438 469 383 474 315 474 271 472 242 472 177 472 117 469 43 474 -30 482 -57 487 -99 492 -140 497 -176 500 -203 500 -149 -138 -149 -138 0 0 0 0 0 0 0 0 0 0 0 0 0 0 0 0 0 0 0 0 0 0 0 0 0 0 0 0 0 0 0 0 0 0 0 0 0 0 0 0 0 0 0 0 0 0 0 0 0 0 0 0 0 0 0 0 0 0 0 0 0 0 0 0 0 0 0 0 0 0 0 0 0 0 0 0 0 0 0 0 0 0 0 0 
0 0 0 0 0 0 0 0 0 0 1 0 0 0 0 0 0 0 0 0 0 0 
495 499 492 499 492 499 495 315 492 499 492 499 495 499 497 499 500 315 497 315 497 499 492 499 487 499 500 495 485 492 434 492 355 495 298 492 229 492 168 495 88 497 40 500 -6 497 -35 497 -81 492 -126 487 0 0 0 0 0 0 0 0 0 0 0 0 0 0 0 0 0 0 0 0 0 0 0 0 0 0 0 0 0 0 0 0 0 0 0 0 0 0 0 0 0 0 0 0 0 0 0 0 0 0 0 0 0 0 0 0 0 0 0 0 0 0 0 0 0 0 0 0 0 0 0 0 0 0 0 0 0 0 0 0 0 0 0 0 0 0 0 0 0 0 0 0 0 0 0 0 0 0 
0 0 0 0 0 0 0 0 0 0 1 0 0 0 0 0 0 0 0 0 0 0 
