-356 203 -330 314 -271 500 -198 407 -105 407 -20 314 46 407 116 314 180 407 248 407 315 314 390 407 454 314 498 203 499 -354 48 -359 44 -334 50 -275 53 -205 61 -113 69 -30 75 35 82 103 86 167 88 232 90 298 96 372 100 435 100 478 100 498 100 498 0 0 0 0 0 0 0 0 0 0 0 0 0 0 0 0 0 0 0 0 0 0 0 0 0 0 0 0 0 0 0 0 0 0 0 0 0 0 0 0 0 0 0 0 0 0 0 0 0 0 0 0 0 0 0 0 0 0 0 0 0 0 0 0 0 0 0 0 0 0 0 0 0 0 0 0 0 0 0 0 0 0 0 0 0 0 0 0 
0 0 0 0 0 0 0 0 0 0 0 0 1 0 0 0 0 0 0 0 0 0 
-295 387 -271 489 -154 265 -133 387 -43 387 46 489 84 387 174 387 259 387 336 489 392 387 450 489 498 -61 413 -326 13 -295 10 -271 6 -154 6 -133 13 -43 23 46 27 84 37 174 42 259 49 336 51 392 54 450 56 498 499 435 499 435 0 0 0 0 0 0 0 0 0 0 0 0 0 0 0 0 0 0 0 0 0 0 0 0 0 0 0 0 0 0 0 0 0 0 0 0 0 0 0 0 0 0 0 0 0 0 0 0 0 0 0 0 0 0 0 0 0 0 0 0 0 0 0 0 0 0 0 0 0 0 0 0 0 0 0 0 0 0 0 0 0 0 0 0 0 0 0 0 0 0 0 0 
0 0 0 0 0 0 0 0 0 0 0 0 1 0 0 0 0 0 0 0 0 0 
-413 122 -392 265 -326 387 -257 387 -196 265 -108 387 -67 387 19 387 106 387 163 387 246 489 331 489 442 387 488 122 498 122 46 -413 48 -392 50 -326 52 -257 55 -196 57 -108 57 -67 61 19 63 106 67 163 72 246 74 331 74 442 74 488 76 498 500 466 500 466 0 0 0 0 0 0 0 0 0 0 0 0 0 0 0 0 0 0 0 0 0 0 0 0 0 0 0 0 0 0 0 0 0 0 0 0 0 0 0 0 0 0 0 0 0 0 0 0 0 0 0 0 0 0 0 0 0 0 0 0 0 0 0 0 0 0 0 0 0 0 0 0 0 0 0 0 0 0 0 0 0 0 0 0 0 0 
0 0 0 0 0 0 0 0 0 0 0 0 1 0 0 0 0 0 0 0 0 0 
-349 265 -324 489 -273 387 -172 387 -154 387 -64 489 -27 489 64 387 177 387 239 489 333 387 365 387 439 489 498 122 38 -349 36 -324 36 -273 38 -172 39 -154 46 -64 48 -27 53 64 54 177 58 239 59 333 58 365 56 439 51 498 499 443 499 443 0 0 0 0 0 0 0 0 0 0 0 0 0 0 0 0 0 0 0 0 0 0 0 0 0 0 0 0 0 0 0 0 0 0 0 0 0 0 0 0 0 0 0 0 0 0 0 0 0 0 0 0 0 0 0 0 0 0 0 0 0 0 0 0 0 0 0 0 0 0 0 0 0 0 0 0 0 0 0 0 0 0 0 0 0 0 0 0 0 0 
0 0 0 0 0 0 0 0 0 0 0 0 1 0 0 0 0 0 0 0 0 0 
-349 -61 -310 265 -271 387 -188 387 -110 489 -75 387 -19 489 36 387 143 265 216 265 275 265 329 387 390 387 453 122 498 -61 -8 -348 -1 -309 5 -270 15 -188 25 -110 30 -75 39 -19 44 36 50 142 61 216 69 274 78 329 81 389 88 452 93 497 497 493 499 500 0 0 0 0 0 0 0 0 0 0 0 0 0 0 0 0 0 0 0 0 0 0 0 0 0 0 0 0 0 0 0 0 0 0 0 0 0 0 0 0 0 0 0 0 0 0 0 0 0 0 0 0 0 0 0 0 0 0 0 0 0 0 0 0 0 0 0 0 0 0 0 0 0 0 0 0 0 0 0 0 0 0 0 0 0 0 
0 0 0 0 0 0 0 0 0 0 0 0 1 0 0 0 0 0 0 0 0 0 
