204 204 204 204 204 204 204 204 204 204 0 0 204 204 0 0 204 204 204 204 500 500 204 204 204 204 500 204 500 204 453 204 344 204 298 204 236 204 172 0 110 204 44 0 -19 204 -76 204 -140 500 -204 204 -263 204 -288 0 -288 0 297 500 297 500 278 453 241 344 230 298 221 236 214 172 206 110 201 44 193 -19 184 -76 173 -140 162 -204 154 -263 500 -288 500 -288 -142 -150 -142 -150 0 0 0 0 0 0 0 0 0 0 0 0 0 0 0 0 0 0 0 0 0 0 0 0 0 0 0 0 0 0 0 0 0 0 0 0 0 0 0 0 0 0 0 0 0 0 0 0 0 0 0 0 0 0 0 0 
0 0 0 0 0 0 0 0 0 0 0 0 0 0 0 0 0 1 0 0 0 0 
203 203 314 314 407 407 314 314 203 203 500 500 314 314 314 314 314 314 314 314 203 203 498 203 498 203 419 314 334 407 250 314 213 203 126 500 58 314 -9 314 -77 314 -154 314 -210 203 -243 74 500 498 500 498 472 419 448 334 425 250 425 213 417 126 413 58 409 -9 409 -77 405 -154 409 -210 409 -243 413 -243 413 -243 0 0 0 0 0 0 0 0 0 0 0 0 0 0 0 0 0 0 0 0 0 0 0 0 0 0 0 0 0 0 0 0 0 0 0 0 0 0 0 0 0 0 0 0 0 0 0 0 0 0 0 0 0 0 0 0 0 0 0 0 0 0 0 0 0 0 0 0 0 0 0 0 
0 0 0 0 0 0 0 0 0 0 0 0 0 0 0 0 0 1 0 0 0 0 
483 483 483 483 483 483 483 483 483 483 483 483 483 483 483 483 483 483 483 483 483 483 483 483 500 483 402 483 307 483 244 483 154 483 108 483 0 483 -21 483 -130 483 -171 483 -244 483 -282 483 -364 483 -396 193 -396 193 280 500 280 500 253 402 239 307 230 244 216 154 212 108 210 0 210 -21 212 -130 212 -171 212 -244 212 -282 209 -364 203 -396 203 -396 499 -426 499 -426 0 0 0 0 0 0 0 0 0 0 0 0 0 0 0 0 0 0 0 0 0 0 0 0 0 0 0 0 0 0 0 0 0 0 0 0 0 0 0 0 0 0 0 0 0 0 0 0 0 0 0 0 0 0 0 0 0 0 0 0 
0 0 0 0 0 0 0 0 0 0 0 0 0 0 0 0 0 1 0 0 0 0 
500 500 500 500 500 500 500 500 500 500 500 500 363 363 500 500 500 500 500 500 500 500 498 500 498 500 444 500 334 500 228 500 153 500 81 363 -12 500 -99 500 -178 500 -223 500 -245 0 497 498 497 498 488 444 466 334 449 228 440 153 436 81 436 -12 440 -99 431 -178 422 -223 418 -245 418 -245 0 0 0 0 0 0 0 0 0 0 0 0 0 0 0 0 0 0 0 0 0 0 0 0 0 0 0 0 0 0 0 0 0 0 0 0 0 0 0 0 0 0 0 0 0 0 0 0 0 0 0 0 0 0 0 0 0 0 0 0 0 0 0 0 0 0 0 0 0 0 0 0 0 0 0 0 0 0 
0 0 0 0 0 0 0 0 0 0 0 0 0 0 0 0 0 1 0 0 0 0 
500 500 500 500 500 500 500 500 500 500 500 500 500 500 500 500 500 500 500 500 0 0 498 204 419 500 326 500 287 500 189 500 167 500 52 500 -16 500 -110 500 -191 500 -230 500 -304 0 497 498 497 498 472 419 450 326 446 287 442 189 442 167 433 52 433 -16 437 -110 437 -191 442 -230 450 -304 450 -304 0 0 0 0 0 0 0 0 0 0 0 0 0 0 0 0 0 0 0 0 0 0 0 0 0 0 0 0 0 0 0 0 0 0 0 0 0 0 0 0 0 0 0 0 0 0 0 0 0 0 0 0 0 0 0 0 0 0 0 0 0 0 0 0 0 0 0 0 0 0 0 0 0 0 0 0 
0 0 0 0 0 0 0 0 0 0 0 0 0 0 0 0 0 1 0 0 0 0 
