40 150 4
500 50 500 50 432 66 354 80 306 87 250 96 206 108 137 126 80 140 9 161 -25 170 -83 186 -136 198 -190 200 -245 195 -291 188 -182 499 -182 499 499 441 463 436 419 432 369 432 312 429 281 432 201 452 169 464 117 473 56 485 21 489 -32 496 -86 498 -148 498 -176 496 -215 -232 -215 -232 500 83 432 108 367 116 291 150 248 175 171 250 132 283 66 341 15 400 -41 450 -94 483 -148 500 -192 491 -214 475 0 0 0 0 0 0 0 0 0 0 0 0 0 0 0 0 0 0 0 0 0 0 0 0 0 0 0 0 0 0 0 0 0 0 0 0 0 0 0 0 0 0 0 0 0 0 0 0 0 0 0 0 
1 0 0 0 
499 481 499 481 456 484 456 484 387 489 365 493 288 498 235 496 153 496 88 489 6 486 -70 491 -143 489 -212 486 -260 479 -260 479 -265 477 -265 477 499 333 499 333 467 361 454 375 411 388 383 388 299 416 254 444 182 500 143 500 58 472 2 444 -67 444 -122 430 -162 388 -162 388 -162 388 499 493 475 480 459 476 414 480 385 484 288 493 259 493 160 493 105 484 24 484 -51 497 -116 493 -171 489 -216 480 0 0 0 0 0 0 0 0 0 0 0 0 0 0 0 0 0 0 0 0 0 0 0 0 0 0 0 0 0 0 0 0 0 0 0 0 0 0 0 0 0 0 0 0 0 0 0 0 0 0 0 0 
1 0 0 0 
500 491 449 486 382 486 311 491 251 491 202 495 110 500 48 495 -24 500 -83 495 -136 495 -162 495 500 302 384 418 360 418 288 453 254 465 202 500 164 500 92 406 45 348 -21 279 -52 244 -97 197 -120 162 -152 127 499 476 499 476 383 488 360 491 305 493 229 498 164 498 114 498 44 496 -19 493 -94 496 -134 493 -186 491 -236 493 -262 498 -267 498 0 0 0 0 0 0 0 0 0 0 0 0 0 0 0 0 0 0 0 0 0 0 0 0 0 0 0 0 0 0 0 0 0 0 0 0 0 0 0 0 0 0 0 0 0 0 0 0 0 0 0 0 0 0 0 0 0 0 0 0 0 0 0 0 0 0 
1 0 0 0 
500 455 428 483 369 500 293 500 228 500 166 491 133 487 120 483 39 479 1 471 -68 467 -122 463 -164 459 -229 451 500 262 500 262 405 393 371 427 293 475 233 489 181 496 164 489 149 489 76 482 34 475 -41 462 -82 462 -136 455 -197 441 -206 413 -206 413 499 483 499 483 435 491 380 497 326 500 241 497 183 497 148 494 134 491 58 486 23 483 -49 478 -102 478 -156 478 -227 475 -241 472 -241 472 0 0 0 0 0 0 0 0 0 0 0 0 0 0 0 0 0 0 0 0 0 0 0 0 0 0 0 0 0 0 0 0 0 0 0 0 0 0 0 0 0 0 0 0 0 0 0 0 0 0 0 0 0 0 
1 0 0 0 
500 492 500 492 461 492 391 463 337 449 288 449 274 449 263 463 251 463 251 463 242 463 236 463 223 449 213 449 201 449 190 449 140 420 93 420 42 405 -4 376 -51 333 -93 333 -134 304 -134 304 -137 289 500 145 448 129 359 112 320 104 263 96 263 96 249 94 236 91 224 88 224 88 211 88 200 86 189 86 174 83 161 80 88 72 40 64 -21 56 -82 48 -132 48 -173 48 -197 48 -192 499 499 498 268 440 268 440 268 440 268 440 203 430 203 430 203 430 203 430 146 422 73 415 19 408 -52 403 -89 400 -157 400 -191 408 0 0 0 0 0 0 0 0 0 0 0 0 0 0 0 0 0 0 0 0 0 0 
1 0 0 0 
500 250 500 250 450 328 404 375 339 421 257 468 199 484 188 484 175 484 162 484 133 492 96 492 84 500 72 492 72 492 62 500 62 500 56 500 38 500 25 492 13 492 13 492 2 492 -1 484 -11 484 -22 476 -28 476 -47 476 -59 468 499 411 435 439 372 459 304 473 216 487 162 491 150 494 137 494 120 494 75 498 48 498 33 498 19 498 6 498 6 498 -4 494 -4 494 -29 491 -41 491 -54 491 -59 491 -64 487 -70 491 -77 491 -88 491 -95 491 -122 494 500 492 500 492 500 492 500 492 299 498 299 498 299 498 186 483 186 483 186 483 186 483 90 483 90 483 90 483 0 0 0 0 0 0 0 0 0 0 
1 0 0 0 
499 -329 407 499 396 351 390 287 378 248 327 216 285 206 224 190 211 190 199 187 187 183 187 183 177 180 158 174 146 174 134 170 122 167 64 154 3 141 -33 135 -92 122 -141 119 -185 119 -69 -438 -69 -438 -70 -438 499 -354 499 -354 499 -354 499 -354 420 -349 378 -349 321 -349 321 -349 310 -351 298 -351 294 -351 294 -351 274 -351 263 -354 250 -354 239 -357 173 -368 114 -382 90 -393 27 -423 -18 -437 -67 -448 -185 498 -187 498 499 498 499 498 499 498 499 498 424 490 424 490 424 490 424 490 369 485 223 469 199 467 109 459 47 453 -51 451 0 0 0 0 0 0 0 0 0 0 0 0 0 0 0 0 0 0 0 0 0 0 
1 0 0 0 
500 177 481 169 431 158 386 148 386 148 369 145 356 145 344 142 330 137 250 126 238 124 222 124 208 121 195 119 181 119 130 111 130 111 90 105 77 103 61 103 47 100 47 100 35 95 -22 84 -87 71 -123 60 -131 55 -136 52 -13 -388 -13 -388 -142 500 -142 500 499 -251 499 -251 439 -275 412 -280 398 -285 386 -288 375 -288 363 -291 363 -291 295 -296 295 -296 281 -298 267 -298 254 -301 240 -304 175 -312 175 -312 150 -314 138 -317 126 -320 115 -320 103 -322 103 -322 39 -333 -15 -351 -33 -359 -38 -362 -41 -367 -182 500 -182 500 499 498 499 498 499 498 334 479 334 479 334 479 334 479 334 479 334 479 334 479 160 467 160 467 160 467 
1 0 0 0 
499 498 499 498 443 466 400 450 313 430 259 418 160 410 67 402 51 402 -33 394 -48 394 -63 394 -77 394 -123 390 -137 390 -174 382 -174 382 -184 378 -202 374 -249 354 -102 -322 -103 -322 499 493 462 453 402 386 356 333 313 320 210 266 131 266 120 266 45 240 30 240 19 226 7 226 -30 213 -42 213 -75 200 -75 200 -79 200 -89 186 -136 120 499 498 460 491 361 474 294 470 186 460 112 455 -146 426 -146 426 -146 426 -215 414 0 0 0 0 0 0 0 0 0 0 0 0 0 0 0 0 0 0 0 0 0 0 0 0 0 0 0 0 0 0 0 0 0 0 0 0 0 0 0 0 0 0 0 0 0 0 0 0 
1 0 0 0 
499 498 499 498 480 44 473 47 416 498 397 47 397 47 332 491 332 491 332 491 332 491 293 32 280 32 197 22 116 9 17 444 17 444 -109 436 -194 441 -162 -14 -162 -14 -42 -426 -47 -429 415 493 499 -257 476 -248 351 497 429 -244 415 -244 275 493 262 484 249 484 222 470 330 -244 317 -248 256 -248 178 -262 3 411 3 411 -120 384 -167 380 -69 -361 -78 -366 499 403 428 473 371 491 355 491 341 491 314 491 137 385 107 333 4 175 -58 70 0 0 0 0 0 0 0 0 0 0 0 0 0 0 0 0 0 0 0 0 0 0 0 0 0 0 0 0 0 0 0 0 0 0 0 0 0 0 0 0 0 0 0 0 
1 0 0 0 
-260 336 -260 336 -180 361 -113 374 -40 376 37 376 97 376 158 73 188 75 229 79 302 81 357 81 416 85 500 500 500 500 500 500 500 500 -181 162 -132 230 -78 273 -5 299 69 341 119 376 490 478 499 495 -232 327 -195 362 -134 404 -74 428 11 439 65 449 187 -139 229 -135 257 -135 349 -135 383 -132 437 -118 447 498 447 498 499 -87 0 0 0 0 0 0 0 0 0 0 0 0 0 0 0 0 0 0 0 0 0 0 0 0 0 0 0 0 0 0 0 0 0 0 0 0 0 0 0 0 0 0 0 0 0 0 0 0 0 0 0 0 0 0 0 0 0 0 0 0 0 0 0 0 0 0 0 0 0 0 
0 1 0 0 
-163 350 -94 462 -44 500 36 475 96 450 143 400 190 362 236 362 269 362 354 337 387 337 415 350 462 375 499 412 -274 461 -207 481 -157 489 -86 489 -25 481 -1 477 52 473 123 461 142 461 204 469 230 469 275 477 297 481 334 497 423 -191 440 -183 469 -155 499 -106 499 -106 -315 480 -315 480 -264 492 -196 500 -125 500 -66 492 -35 485 19 478 75 476 116 473 204 476 236 476 264 478 311 480 344 488 369 95 381 102 416 133 429 150 429 150 499 -269 499 -269 0 0 0 0 0 0 0 0 0 0 0 0 0 0 0 0 0 0 0 0 0 0 0 0 0 0 0 0 0 0 0 0 0 0 0 0 0 0 0 0 
0 1 0 0 
-142 449 -59 376 23 362 107 376 171 405 224 405 284 420 366 434 413 449 499 492 -231 450 -231 450 -189 450 -90 454 -10 459 51 475 101 483 164 495 234 499 297 495 370 499 491 -209 499 -204 -264 484 -264 484 -158 481 -80 481 -24 484 69 489 110 489 187 491 269 496 330 496 409 498 416 101 426 103 500 -325 500 -325 0 0 0 0 0 0 0 0 0 0 0 0 0 0 0 0 0 0 0 0 0 0 0 0 0 0 0 0 0 0 0 0 0 0 0 0 0 0 0 0 0 0 0 0 0 0 0 0 0 0 0 0 0 0 0 0 0 0 0 0 0 0 0 0 0 0 0 0 0 0 0 0 0 0 
0 1 0 0 
-244 453 -244 453 -160 457 -88 448 0 436 40 428 100 428 173 420 203 416 245 420 313 428 347 436 382 440 395 444 442 461 490 489 499 497 499 497 499 497 -155 357 -155 357 -77 385 -19 371 58 285 109 257 167 242 222 242 249 242 301 271 347 314 381 342 415 385 443 428 466 457 499 500 499 500 499 500 -201 498 -108 496 -75 496 55 484 117 477 131 474 216 469 278 469 328 472 351 474 421 481 500 486 0 0 0 0 0 0 0 0 0 0 0 0 0 0 0 0 0 0 0 0 0 0 0 0 0 0 0 0 0 0 0 0 0 0 0 0 0 0 0 0 0 0 0 0 0 0 0 0 0 0 0 0 
0 1 0 0 
-274 62 -279 496 -279 496 -195 498 -151 498 -82 489 -15 479 66 477 137 482 198 486 272 491 334 491 431 494 480 496 475 88 499 93 -191 486 -174 500 -102 500 -73 472 20 375 64 333 107 319 161 333 231 375 270 402 344 430 423 444 500 458 -195 -211 -285 455 -285 455 -215 483 -188 491 -101 479 -53 471 -2 463 82 475 123 479 182 487 250 487 351 491 406 500 499 -219 0 0 0 0 0 0 0 0 0 0 0 0 0 0 0 0 0 0 0 0 0 0 0 0 0 0 0 0 0 0 0 0 0 0 0 0 0 0 0 0 0 0 0 0 0 0 0 0 0 0 0 0 0 0 0 0 0 0 0 0 0 0 
0 1 0 0 
-20 421 68 491 152 473 230 456 299 421 482 263 499 245 -253 497 -193 493 -120 488 -32 484 25 475 58 470 140 -262 181 -276 232 -289 235 429 235 429 400 -303 421 -298 470 -280 493 -276 499 -276 499 -276 -263 498 -263 498 -154 498 -92 498 -7 498 60 493 69 493 90 37 106 37 178 27 298 456 298 456 374 12 386 12 443 30 477 47 499 57 499 57 499 57 0 0 0 0 0 0 0 0 0 0 0 0 0 0 0 0 0 0 0 0 0 0 0 0 0 0 0 0 0 0 0 0 0 0 0 0 0 0 0 0 0 0 0 0 0 0 0 0 0 0 0 0 0 0 0 0 0 0 0 0 0 0 0 0 
0 1 0 0 
-194 468 -194 468 -194 468 -180 486 -104 495 -36 477 37 450 117 423 161 414 223 405 264 387 357 369 422 360 462 360 482 369 496 378 500 378 -259 498 -259 498 -235 133 -235 133 -219 133 -169 125 -78 103 -9 87 77 68 137 59 176 51 235 43 311 35 385 32 437 32 456 32 473 40 473 43 499 -231 499 -231 -212 498 -212 498 -142 465 -48 440 6 432 86 423 142 415 212 409 267 404 355 393 416 393 461 396 490 404 500 409 0 0 0 0 0 0 0 0 0 0 0 0 0 0 0 0 0 0 0 0 0 0 0 0 0 0 0 0 0 0 0 0 0 0 0 0 0 0 0 0 0 0 0 0 0 0 0 0 
0 1 0 0 
-180 500 -180 500 -180 500 -1 473 56 469 90 469 209 461 279 458 327 458 413 461 499 480 -149 -77 -149 -77 -201 470 -201 470 -133 -81 -126 -85 55 -129 98 -129 149 -133 244 -137 306 -140 357 -137 431 -125 485 -107 431 451 441 455 500 500 -192 496 -192 496 -165 -227 -150 -230 -137 494 -137 494 -19 491 71 486 78 486 192 486 253 484 309 486 380 496 407 498 440 -247 440 -247 500 -235 469 153 469 153 0 0 0 0 0 0 0 0 0 0 0 0 0 0 0 0 0 0 0 0 0 0 0 0 0 0 0 0 0 0 0 0 0 0 0 0 0 0 0 0 0 0 0 0 0 0 0 0 0 0 0 0 0 0 0 0 
0 1 0 0 
-75 446 -4 450 81 466 196 478 237 482 296 482 407 486 498 498 -152 -244 -84 -248 -44 -248 27 -244 116 -228 147 -228 206 -220 264 -213 338 -189 312 480 341 480 424 484 500 500 -254 467 -254 467 -192 474 -140 477 -72 479 42 486 66 486 134 489 219 496 284 498 377 -295 388 -291 442 -281 499 -279 0 0 0 0 0 0 0 0 0 0 0 0 0 0 0 0 0 0 0 0 0 0 0 0 0 0 0 0 0 0 0 0 0 0 0 0 0 0 0 0 0 0 0 0 0 0 0 0 0 0 0 0 0 0 0 0 0 0 0 0 0 0 0 0 0 0 0 0 0 0 0 0 0 0 0 0 0 0 0 0 
0 1 0 0 
-196 500 -76 473 -20 461 3 454 101 440 247 454 247 454 247 454 247 454 247 454 247 454 467 480 467 480 499 485 499 485 -165 405 -165 405 -67 316 -15 277 36 257 94 237 94 237 191 237 191 237 215 247 228 247 239 257 270 287 366 415 376 425 400 445 427 475 435 485 489 495 499 485 499 485 499 485 -272 498 -224 83 -220 83 -220 83 -157 71 -100 64 -56 59 2 54 2 54 98 57 124 57 124 57 175 64 198 66 198 66 290 78 315 80 364 90 374 92 384 95 469 114 491 123 499 125 499 125 499 125 499 125 0 0 0 0 0 0 0 0 0 0 0 0 0 0 0 0 0 0 0 0 0 0 0 0 
0 1 0 0 
-5 -318 -2 -290 -2 -237 -2 -152 0 -72 0 8 0 111 0 194 5 290 10 351 12 373 17 412 20 432 28 500 500 467 500 467 500 486 117 -383 121 -358 129 -298 132 -222 137 -142 137 -64 135 39 135 105 137 234 139 294 139 314 139 335 140 356 139 439 499 475 499 485 497 498 496 -345 496 -345 498 -274 498 -180 496 -88 496 -4 496 96 500 165 498 283 496 372 496 395 496 414 496 414 496 498 0 0 0 0 0 0 0 0 0 0 0 0 0 0 0 0 0 0 0 0 0 0 0 0 0 0 0 0 0 0 0 0 0 0 0 0 0 0 0 0 0 0 0 0 0 0 0 0 0 0 0 0 0 0 
0 0 1 0 
-14 -357 -14 -357 0 -272 7 -186 14 -84 23 -23 35 77 42 136 42 155 44 175 54 274 61 380 65 461 68 500 498 452 498 474 496 482 496 482 169 -434 169 -434 181 -340 184 -254 185 -166 185 -96 189 -13 189 31 190 81 190 103 192 189 190 299 192 364 192 472 499 488 497 500 491 -380 491 -276 495 -186 496 -69 496 -29 498 57 500 103 500 154 500 175 498 264 496 343 493 407 487 499 0 0 0 0 0 0 0 0 0 0 0 0 0 0 0 0 0 0 0 0 0 0 0 0 0 0 0 0 0 0 0 0 0 0 0 0 0 0 0 0 0 0 0 0 0 0 0 0 0 0 0 0 0 0 0 0 
0 0 1 0 
471 -344 -148 -326 -148 -326 -145 -300 -143 -278 -142 -257 -140 -235 -135 -128 -135 -69 -125 52 -120 106 -112 211 -110 246 -107 331 -100 435 -97 485 -99 496 211 498 211 498 499 494 499 494 155 -350 155 -350 158 -331 161 -309 165 -289 166 -270 171 -189 174 -106 183 -6 189 71 198 145 201 185 209 289 212 348 212 461 211 498 500 483 498 492 467 -340 469 -311 469 -311 474 -287 476 -267 477 -250 481 -165 487 -75 490 0 494 88 497 159 497 227 495 294 497 380 499 431 497 500 0 0 0 0 0 0 0 0 0 0 0 0 0 0 0 0 0 0 0 0 0 0 0 0 0 0 0 0 0 0 0 0 0 0 0 0 0 0 0 0 
0 0 1 0 
84 -356 95 -330 118 -267 132 -217 155 -104 162 -50 175 45 184 126 191 254 196 315 205 395 214 480 500 450 497 467 497 500 189 -401 196 -377 212 -309 225 -258 252 -156 265 -81 274 -8 283 75 289 203 290 258 292 348 294 384 500 467 496 498 419 -348 419 -348 428 -299 439 -221 453 -105 470 0 482 83 490 152 499 289 499 353 497 479 499 498 0 0 0 0 0 0 0 0 0 0 0 0 0 0 0 0 0 0 0 0 0 0 0 0 0 0 0 0 0 0 0 0 0 0 0 0 0 0 0 0 0 0 0 0 0 0 0 0 0 0 0 0 0 0 0 0 0 0 0 0 0 0 0 0 0 0 0 0 
0 0 1 0 
500 -254 500 -180 500 -64 500 24 497 96 492 206 492 225 492 245 490 312 483 430 483 500 55 -353 60 -269 57 -182 57 -100 57 8 55 72 48 155 48 175 43 221 41 278 33 381 31 471 500 500 491 -353 491 -353 498 -273 499 -184 498 -114 495 -32 490 49 483 127 480 147 478 167 470 242 463 318 458 396 450 466 445 498 445 498 0 0 0 0 0 0 0 0 0 0 0 0 0 0 0 0 0 0 0 0 0 0 0 0 0 0 0 0 0 0 0 0 0 0 0 0 0 0 0 0 0 0 0 0 0 0 0 0 0 0 0 0 0 0 0 0 0 0 0 0 0 0 0 0 0 0 0 0 0 0 
0 0 1 0 
466 -388 491 -248 496 -186 496 -93 498 -25 498 90 498 183 489 288 484 348 475 439 475 500 499 -355 499 -355 499 -248 499 -158 497 -98 495 -4 492 100 490 161 484 261 479 317 470 402 465 454 193 478 193 498 499 -359 -136 -355 -136 -355 -123 -224 -121 -168 -118 -84 -116 0 -116 105 -121 187 -128 288 -131 349 -136 448 -135 480 462 437 460 452 452 500 0 0 0 0 0 0 0 0 0 0 0 0 0 0 0 0 0 0 0 0 0 0 0 0 0 0 0 0 0 0 0 0 0 0 0 0 0 0 0 0 0 0 0 0 0 0 0 0 0 0 0 0 0 0 0 0 0 0 0 0 0 0 0 0 0 0 0 0 
0 0 1 0 
215 -421 215 -421 227 -332 231 -230 231 -117 231 -55 229 33 227 101 227 188 227 248 227 337 229 405 499 498 499 498 500 -384 -119 -369 -119 -369 -107 -285 -106 -183 -104 -71 -106 -10 -107 75 -109 164 -107 222 -107 311 -107 393 -104 462 212 460 212 475 472 498 472 498 494 -374 495 -351 499 -260 497 -153 492 -41 490 23 487 111 485 181 487 279 483 339 482 437 478 500 0 0 0 0 0 0 0 0 0 0 0 0 0 0 0 0 0 0 0 0 0 0 0 0 0 0 0 0 0 0 0 0 0 0 0 0 0 0 0 0 0 0 0 0 0 0 0 0 0 0 0 0 0 0 0 0 0 0 0 0 0 0 0 0 
0 0 1 0 
-110 -305 -110 -305 -92 -230 -85 -150 -87 -123 -87 -30 -91 64 -100 172 -103 241 -108 320 -114 440 -112 497 196 462 198 493 500 500 500 500 194 -367 194 -367 213 -309 222 -227 223 -195 222 -111 218 -17 209 64 202 158 197 238 194 340 194 423 500 469 498 498 486 -333 493 -280 500 -200 500 -150 498 -76 494 21 488 104 479 223 477 288 472 392 472 500 0 0 0 0 0 0 0 0 0 0 0 0 0 0 0 0 0 0 0 0 0 0 0 0 0 0 0 0 0 0 0 0 0 0 0 0 0 0 0 0 0 0 0 0 0 0 0 0 0 0 0 0 0 0 0 0 0 0 0 0 0 0 0 0 0 0 0 0 
0 0 1 0 
-120 -332 -120 -332 -100 -249 -86 -172 -81 -98 -74 -13 -69 70 -65 157 -62 223 -58 306 -51 415 -48 494 500 498 500 498 500 498 500 498 113 -368 140 -281 146 -226 149 -144 155 -59 160 29 161 118 163 187 163 286 163 350 163 437 500 498 500 498 470 -320 480 -223 486 -158 494 -71 497 12 499 84 499 173 497 258 496 362 496 406 499 498 0 0 0 0 0 0 0 0 0 0 0 0 0 0 0 0 0 0 0 0 0 0 0 0 0 0 0 0 0 0 0 0 0 0 0 0 0 0 0 0 0 0 0 0 0 0 0 0 0 0 0 0 0 0 0 0 0 0 0 0 0 0 0 0 0 0 0 0 0 0 
0 0 1 0 
481 -238 491 -90 496 -16 498 98 496 169 488 309 488 446 486 498 489 -328 495 -205 496 -96 496 -30 498 66 500 158 500 219 493 359 492 399 123 432 123 470 123 498 -242 -290 -242 -290 -236 -151 -232 -69 -231 10 -224 116 -220 173 -213 270 -207 396 -207 456 499 400 497 417 486 474 478 500 478 500 0 0 0 0 0 0 0 0 0 0 0 0 0 0 0 0 0 0 0 0 0 0 0 0 0 0 0 0 0 0 0 0 0 0 0 0 0 0 0 0 0 0 0 0 0 0 0 0 0 0 0 0 0 0 0 0 0 0 0 0 0 0 0 0 0 0 0 0 0 0 0 0 0 0 0 0 0 0 0 0 
0 0 1 0 
498 498 496 433 496 356 484 234 473 144 468 49 461 -42 449 -139 440 -231 433 -299 431 -431 428 -451 500 498 500 498 500 428 495 326 489 240 481 124 479 63 474 -36 473 -104 468 -201 463 -257 467 -360 473 -411 473 -411 -170 498 -170 498 -168 421 -170 350 -173 264 -173 170 -174 82 -173 -34 -174 -102 -174 -168 -176 -255 -174 -362 -174 -421 -174 -421 499 -437 499 -437 0 0 0 0 0 0 0 0 0 0 0 0 0 0 0 0 0 0 0 0 0 0 0 0 0 0 0 0 0 0 0 0 0 0 0 0 0 0 0 0 0 0 0 0 0 0 0 0 0 0 0 0 0 0 0 0 0 0 0 0 0 0 0 0 0 0 
0 0 0 1 
497 500 497 500 493 388 471 298 453 215 431 130 418 18 409 -78 400 -218 400 -281 400 -400 400 -417 400 -431 387 -459 500 498 495 418 483 292 473 184 454 10 449 -66 437 -327 432 -411 430 -432 500 500 491 317 488 273 478 153 473 111 460 -57 457 -101 452 -247 454 -320 462 -408 467 -424 467 -424 0 0 0 0 0 0 0 0 0 0 0 0 0 0 0 0 0 0 0 0 0 0 0 0 0 0 0 0 0 0 0 0 0 0 0 0 0 0 0 0 0 0 0 0 0 0 0 0 0 0 0 0 0 0 0 0 0 0 0 0 0 0 0 0 0 0 0 0 0 0 0 0 0 0 0 0 0 0 0 0 
0 0 0 1 
494 500 494 321 491 285 491 115 494 -39 494 -117 496 -217 498 -298 498 -366 487 500 493 439 493 329 491 287 484 109 485 -9 489 -104 491 -187 495 -248 499 -324 303 -375 303 -375 63 500 63 500 82 425 84 332 82 300 82 134 88 -11 97 -100 101 -206 104 -253 102 -318 500 -346 500 -346 500 -346 500 -346 0 0 0 0 0 0 0 0 0 0 0 0 0 0 0 0 0 0 0 0 0 0 0 0 0 0 0 0 0 0 0 0 0 0 0 0 0 0 0 0 0 0 0 0 0 0 0 0 0 0 0 0 0 0 0 0 0 0 0 0 0 0 0 0 0 0 0 0 0 0 0 0 0 0 0 0 0 0 
0 0 0 1 
495 499 500 344 495 201 495 149 488 -51 488 -132 486 -270 477 -402 470 -451 445 498 474 418 491 331 495 214 500 141 500 2 495 -91 495 -207 491 -291 474 -402 449 -447 484 500 484 500 492 420 498 297 499 210 499 107 493 -25 495 -102 498 -202 495 -292 487 -370 486 -410 486 -432 486 -432 0 0 0 0 0 0 0 0 0 0 0 0 0 0 0 0 0 0 0 0 0 0 0 0 0 0 0 0 0 0 0 0 0 0 0 0 0 0 0 0 0 0 0 0 0 0 0 0 0 0 0 0 0 0 0 0 0 0 0 0 0 0 0 0 0 0 0 0 0 0 0 0 0 0 0 0 0 0 0 0 0 0 
0 0 0 1 
500 500 500 476 500 349 500 283 498 141 496 75 492 -33 492 -73 495 -191 496 -271 498 -344 500 500 167 464 169 438 172 301 167 216 161 75 155 -4 149 -115 142 -186 138 -290 131 -372 125 -452 498 -375 165 389 -178 498 -178 498 -165 372 -161 294 -161 185 -164 100 -165 17 -167 -50 -165 -154 -167 -239 -168 -320 -173 -389 499 -420 499 -420 0 0 0 0 0 0 0 0 0 0 0 0 0 0 0 0 0 0 0 0 0 0 0 0 0 0 0 0 0 0 0 0 0 0 0 0 0 0 0 0 0 0 0 0 0 0 0 0 0 0 0 0 0 0 0 0 0 0 0 0 0 0 0 0 0 0 0 0 0 0 0 0 
0 0 0 1 
477 500 477 500 490 446 500 306 500 242 490 151 481 111 481 95 477 -42 472 -131 459 -213 450 -266 450 -333 445 -355 445 -355 495 498 497 469 499 279 497 185 495 73 490 28 486 -20 476 -140 467 -237 460 -305 456 -373 460 -443 493 500 493 500 496 444 499 321 494 219 488 135 486 118 486 94 479 -43 476 -144 479 -210 482 -272 486 -345 488 -357 0 0 0 0 0 0 0 0 0 0 0 0 0 0 0 0 0 0 0 0 0 0 0 0 0 0 0 0 0 0 0 0 0 0 0 0 0 0 0 0 0 0 0 0 0 0 0 0 0 0 0 0 0 0 0 0 0 0 0 0 0 0 0 0 0 0 0 0 
0 0 0 1 
304 433 99 500 97 471 83 318 60 200 46 66 44 9 38 -84 36 -176 35 -266 27 -349 20 -408 16 -422 499 -415 499 -415 500 498 264 453 266 416 257 262 247 120 235 -19 231 -74 226 -173 222 -265 221 -344 212 -426 207 -438 447 -387 500 498 500 462 491 354 468 173 457 79 449 2 449 -60 450 -156 447 -269 447 -330 447 -387 0 0 0 0 0 0 0 0 0 0 0 0 0 0 0 0 0 0 0 0 0 0 0 0 0 0 0 0 0 0 0 0 0 0 0 0 0 0 0 0 0 0 0 0 0 0 0 0 0 0 0 0 0 0 0 0 0 0 0 0 0 0 0 0 0 0 0 0 0 0 0 0 
0 0 0 1 
193 498 211 299 212 185 206 52 203 -27 193 -174 188 -257 184 -365 180 -451 182 -454 182 -454 500 -423 493 499 498 344 500 239 495 107 493 59 485 -88 481 -163 479 -276 482 -341 487 -389 490 -408 -114 500 -114 500 -103 333 -99 241 -100 145 -102 86 -110 -56 -114 -112 -121 -230 -122 -295 -124 -394 -125 -413 -125 -427 499 -450 499 -450 0 0 0 0 0 0 0 0 0 0 0 0 0 0 0 0 0 0 0 0 0 0 0 0 0 0 0 0 0 0 0 0 0 0 0 0 0 0 0 0 0 0 0 0 0 0 0 0 0 0 0 0 0 0 0 0 0 0 0 0 0 0 0 0 0 0 0 0 0 0 0 0 0 0 
0 0 0 1 
360 498 360 498 364 473 398 358 415 204 427 144 453 62 466 4 478 -82 487 -170 495 -245 500 -301 483 -400 483 -400 454 500 456 476 461 347 464 191 466 85 468 38 476 -62 485 -158 492 -253 497 -321 500 -398 497 -448 462 498 462 498 462 476 469 365 475 226 477 156 479 78 484 12 489 -80 494 -168 497 -236 499 -299 497 -365 497 -365 0 0 0 0 0 0 0 0 0 0 0 0 0 0 0 0 0 0 0 0 0 0 0 0 0 0 0 0 0 0 0 0 0 0 0 0 0 0 0 0 0 0 0 0 0 0 0 0 0 0 0 0 0 0 0 0 0 0 0 0 0 0 0 0 0 0 0 0 0 0 
0 0 0 1 
447 498 481 366 493 281 499 204 495 76 493 29 488 -31 479 -145 463 -281 458 -323 444 -453 465 498 465 498 480 420 498 314 500 272 495 147 495 103 488 56 482 -31 478 -152 478 -171 480 -294 483 -353 491 -439 -159 498 -159 498 -116 387 -106 339 -98 279 -95 191 -95 117 -95 99 -98 -20 -105 -163 -105 -163 -108 -295 -113 -378 -124 -448 498 -443 499 -445 0 0 0 0 0 0 0 0 0 0 0 0 0 0 0 0 0 0 0 0 0 0 0 0 0 0 0 0 0 0 0 0 0 0 0 0 0 0 0 0 0 0 0 0 0 0 0 0 0 0 0 0 0 0 0 0 0 0 0 0 0 0 0 0 0 0 0 0 
0 0 0 1 
