500 50 500 50 432 66 354 80 306 87 250 96 206 108 137 126 80 140 9 161 -25 170 -83 186 -136 198 -190 200 -245 195 -291 188 -182 499 -182 499 499 441 463 436 419 432 369 432 312 429 281 432 201 452 169 464 117 473 56 485 21 489 -32 496 -86 498 -148 498 -176 496 -215 -232 -215 -232 500 83 432 108 367 116 291 150 248 175 171 250 132 283 66 341 15 400 -41 450 -94 483 -148 500 -192 491 -214 475 0 0 0 0 0 0 0 0 0 0 0 0 0 0 0 0 0 0 0 0 0 0 0 0 0 0 0 0 0 0 0 0 0 0 0 0 0 0 0 0 0 0 0 0 0 0 0 0 0 0 0 0 
1 0 0 0 
499 481 499 481 456 484 456 484 387 489 365 493 288 498 235 496 153 496 88 489 6 486 -70 491 -143 489 -212 486 -260 479 -260 479 -265 477 -265 477 499 333 499 333 467 361 454 375 411 388 383 388 299 416 254 444 182 500 143 500 58 472 2 444 -67 444 -122 430 -162 388 -162 388 -162 388 499 493 475 480 459 476 414 480 385 484 288 493 259 493 160 493 105 484 24 484 -51 497 -116 493 -171 489 -216 480 0 0 0 0 0 0 0 0 0 0 0 0 0 0 0 0 0 0 0 0 0 0 0 0 0 0 0 0 0 0 0 0 0 0 0 0 0 0 0 0 0 0 0 0 0 0 0 0 0 0 0 0 
1 0 0 0 
500 491 449 486 382 486 311 491 251 491 202 495 110 500 48 495 -24 500 -83 495 -136 495 -162 495 500 302 384 418 360 418 288 453 254 465 202 500 164 500 92 406 45 348 -21 279 -52 244 -97 197 -120 162 -152 127 499 476 499 476 383 488 360 491 305 493 229 498 164 498 114 498 44 496 -19 493 -94 496 -134 493 -186 491 -236 493 -262 498 -267 498 0 0 0 0 0 0 0 0 0 0 0 0 0 0 0 0 0 0 0 0 0 0 0 0 0 0 0 0 0 0 0 0 0 0 0 0 0 0 0 0 0 0 0 0 0 0 0 0 0 0 0 0 0 0 0 0 0 0 0 0 0 0 0 0 0 0 
1 0 0 0 
500 455 428 483 369 500 293 500 228 500 166 491 133 487 120 483 39 479 1 471 -68 467 -122 463 -164 459 -229 451 500 262 500 262 405 393 371 427 293 475 233 489 181 496 164 489 149 489 76 482 34 475 -41 462 -82 462 -136 455 -197 441 -206 413 -206 413 499 483 499 483 435 491 380 497 326 500 241 497 183 497 148 494 134 491 58 486 23 483 -49 478 -102 478 -156 478 -227 475 -241 472 -241 472 0 0 0 0 0 0 0 0 0 0 0 0 0 0 0 0 0 0 0 0 0 0 0 0 0 0 0 0 0 0 0 0 0 0 0 0 0 0 0 0 0 0 0 0 0 0 0 0 0 0 0 0 0 0 
1 0 0 0 
500 492 500 492 461 492 391 463 337 449 288 449 274 449 263 463 251 463 251 463 242 463 236 463 223 449 213 449 201 449 190 449 140 420 93 420 42 405 -4 376 -51 333 -93 333 -134 304 -134 304 -137 289 500 145 448 129 359 112 320 104 263 96 263 96 249 94 236 91 224 88 224 88 211 88 200 86 189 86 174 83 161 80 88 72 40 64 -21 56 -82 48 -132 48 -173 48 -197 48 -192 499 499 498 268 440 268 440 268 440 268 440 203 430 203 430 203 430 203 430 146 422 73 415 19 408 -52 403 -89 400 -157 400 -191 408 0 0 0 0 0 0 0 0 0 0 0 0 0 0 0 0 0 0 0 0 0 0 
1 0 0 0 
500 250 500 250 450 328 404 375 339 421 257 468 199 484 188 484 175 484 162 484 133 492 96 492 84 500 72 492 72 492 62 500 62 500 56 500 38 500 25 492 13 492 13 492 2 492 -1 484 -11 484 -22 476 -28 476 -47 476 -59 468 499 411 435 439 372 459 304 473 216 487 162 491 150 494 137 494 120 494 75 498 48 498 33 498 19 498 6 498 6 498 -4 494 -4 494 -29 491 -41 491 -54 491 -59 491 -64 487 -70 491 -77 491 -88 491 -95 491 -122 494 500 492 500 492 500 492 500 492 299 498 299 498 299 498 186 483 186 483 186 483 186 483 90 483 90 483 90 483 0 0 0 0 0 0 0 0 0 0 
1 0 0 0 
499 -329 407 499 396 351 390 287 378 248 327 216 285 206 224 190 211 190 199 187 187 183 187 183 177 180 158 174 146 174 134 170 122 167 64 154 3 141 -33 135 -92 122 -141 119 -185 119 -69 -438 -69 -438 -70 -438 499 -354 499 -354 499 -354 499 -354 420 -349 378 -349 321 -349 321 -349 310 -351 298 -351 294 -351 294 -351 274 -351 263 -354 250 -354 239 -357 173 -368 114 -382 90 -393 27 -423 -18 -437 -67 -448 -185 498 -187 498 499 498 499 498 499 498 499 498 424 490 424 490 424 490 424 490 369 485 223 469 199 467 109 459 47 453 -51 451 0 0 0 0 0 0 0 0 0 0 0 0 0 0 0 0 0 0 0 0 0 0 
1 0 0 0 
500 177 481 169 431 158 386 148 386 148 369 145 356 145 344 142 330 137 250 126 238 124 222 124 208 121 195 119 181 119 130 111 130 111 90 105 77 103 61 103 47 100 47 100 35 95 -22 84 -87 71 -123 60 -131 55 -136 52 -13 -388 -13 -388 -142 500 -142 500 499 -251 499 -251 439 -275 412 -280 398 -285 386 -288 375 -288 363 -291 363 -291 295 -296 295 -296 281 -298 267 -298 254 -301 240 -304 175 -312 175 -312 150 -314 138 -317 126 -320 115 -320 103 -322 103 -322 39 -333 -15 -351 -33 -359 -38 -362 -41 -367 -182 500 -182 500 499 498 499 498 499 498 334 479 334 479 334 479 334 479 334 479 334 479 334 479 160 467 160 467 160 467 
1 0 0 0 
499 498 499 498 443 466 400 450 313 430 259 418 160 410 67 402 51 402 -33 394 -48 394 -63 394 -77 394 -123 390 -137 390 -174 382 -174 382 -184 378 -202 374 -249 354 -102 -322 -103 -322 499 493 462 453 402 386 356 333 313 320 210 266 131 266 120 266 45 240 30 240 19 226 7 226 -30 213 -42 213 -75 200 -75 200 -79 200 -89 186 -136 120 499 498 460 491 361 474 294 470 186 460 112 455 -146 426 -146 426 -146 426 -215 414 0 0 0 0 0 0 0 0 0 0 0 0 0 0 0 0 0 0 0 0 0 0 0 0 0 0 0 0 0 0 0 0 0 0 0 0 0 0 0 0 0 0 0 0 0 0 0 0 
1 0 0 0 
499 498 499 498 480 44 473 47 416 498 397 47 397 47 332 491 332 491 332 491 332 491 293 32 280 32 197 22 116 9 17 444 17 444 -109 436 -194 441 -162 -14 -162 -14 -42 -426 -47 -429 415 493 499 -257 476 -248 351 497 429 -244 415 -244 275 493 262 484 249 484 222 470 330 -244 317 -248 256 -248 178 -262 3 411 3 411 -120 384 -167 380 -69 -361 -78 -366 499 403 428 473 371 491 355 491 341 491 314 491 137 385 107 333 4 175 -58 70 0 0 0 0 0 0 0 0 0 0 0 0 0 0 0 0 0 0 0 0 0 0 0 0 0 0 0 0 0 0 0 0 0 0 0 0 0 0 0 0 0 0 0 0 
1 0 0 0 
