498 498 496 433 496 356 484 234 473 144 468 49 461 -42 449 -139 440 -231 433 -299 431 -431 428 -451 500 498 500 498 500 428 495 326 489 240 481 124 479 63 474 -36 473 -104 468 -201 463 -257 467 -360 473 -411 473 -411 -170 498 -170 498 -168 421 -170 350 -173 264 -173 170 -174 82 -173 -34 -174 -102 -174 -168 -176 -255 -174 -362 -174 -421 -174 -421 499 -437 499 -437 0 0 0 0 0 0 0 0 0 0 0 0 0 0 0 0 0 0 0 0 0 0 0 0 0 0 0 0 0 0 0 0 0 0 0 0 0 0 0 0 0 0 0 0 0 0 0 0 0 0 0 0 0 0 0 0 0 0 0 0 0 0 0 0 0 0 
0 0 0 1 
497 500 497 500 493 388 471 298 453 215 431 130 418 18 409 -78 400 -218 400 -281 400 -400 400 -417 400 -431 387 -459 500 498 495 418 483 292 473 184 454 10 449 -66 437 -327 432 -411 430 -432 500 500 491 317 488 273 478 153 473 111 460 -57 457 -101 452 -247 454 -320 462 -408 467 -424 467 -424 0 0 0 0 0 0 0 0 0 0 0 0 0 0 0 0 0 0 0 0 0 0 0 0 0 0 0 0 0 0 0 0 0 0 0 0 0 0 0 0 0 0 0 0 0 0 0 0 0 0 0 0 0 0 0 0 0 0 0 0 0 0 0 0 0 0 0 0 0 0 0 0 0 0 0 0 0 0 0 0 
0 0 0 1 
494 500 494 321 491 285 491 115 494 -39 494 -117 496 -217 498 -298 498 -366 487 500 493 439 493 329 491 287 484 109 485 -9 489 -104 491 -187 495 -248 499 -324 303 -375 303 -375 63 500 63 500 82 425 84 332 82 300 82 134 88 -11 97 -100 101 -206 104 -253 102 -318 500 -346 500 -346 500 -346 500 -346 0 0 0 0 0 0 0 0 0 0 0 0 0 0 0 0 0 0 0 0 0 0 0 0 0 0 0 0 0 0 0 0 0 0 0 0 0 0 0 0 0 0 0 0 0 0 0 0 0 0 0 0 0 0 0 0 0 0 0 0 0 0 0 0 0 0 0 0 0 0 0 0 0 0 0 0 0 0 
0 0 0 1 
495 499 500 344 495 201 495 149 488 -51 488 -132 486 -270 477 -402 470 -451 445 498 474 418 491 331 495 214 500 141 500 2 495 -91 495 -207 491 -291 474 -402 449 -447 484 500 484 500 492 420 498 297 499 210 499 107 493 -25 495 -102 498 -202 495 -292 487 -370 486 -410 486 -432 486 -432 0 0 0 0 0 0 0 0 0 0 0 0 0 0 0 0 0 0 0 0 0 0 0 0 0 0 0 0 0 0 0 0 0 0 0 0 0 0 0 0 0 0 0 0 0 0 0 0 0 0 0 0 0 0 0 0 0 0 0 0 0 0 0 0 0 0 0 0 0 0 0 0 0 0 0 0 0 0 0 0 0 0 
0 0 0 1 
500 500 500 476 500 349 500 283 498 141 496 75 492 -33 492 -73 495 -191 496 -271 498 -344 500 500 167 464 169 438 172 301 167 216 161 75 155 -4 149 -115 142 -186 138 -290 131 -372 125 -452 498 -375 165 389 -178 498 -178 498 -165 372 -161 294 -161 185 -164 100 -165 17 -167 -50 -165 -154 -167 -239 -168 -320 -173 -389 499 -420 499 -420 0 0 0 0 0 0 0 0 0 0 0 0 0 0 0 0 0 0 0 0 0 0 0 0 0 0 0 0 0 0 0 0 0 0 0 0 0 0 0 0 0 0 0 0 0 0 0 0 0 0 0 0 0 0 0 0 0 0 0 0 0 0 0 0 0 0 0 0 0 0 0 0 
0 0 0 1 
477 500 477 500 490 446 500 306 500 242 490 151 481 111 481 95 477 -42 472 -131 459 -213 450 -266 450 -333 445 -355 445 -355 495 498 497 469 499 279 497 185 495 73 490 28 486 -20 476 -140 467 -237 460 -305 456 -373 460 -443 493 500 493 500 496 444 499 321 494 219 488 135 486 118 486 94 479 -43 476 -144 479 -210 482 -272 486 -345 488 -357 0 0 0 0 0 0 0 0 0 0 0 0 0 0 0 0 0 0 0 0 0 0 0 0 0 0 0 0 0 0 0 0 0 0 0 0 0 0 0 0 0 0 0 0 0 0 0 0 0 0 0 0 0 0 0 0 0 0 0 0 0 0 0 0 0 0 0 0 
0 0 0 1 
304 433 99 500 97 471 83 318 60 200 46 66 44 9 38 -84 36 -176 35 -266 27 -349 20 -408 16 -422 499 -415 499 -415 500 498 264 453 266 416 257 262 247 120 235 -19 231 -74 226 -173 222 -265 221 -344 212 -426 207 -438 447 -387 500 498 500 462 491 354 468 173 457 79 449 2 449 -60 450 -156 447 -269 447 -330 447 -387 0 0 0 0 0 0 0 0 0 0 0 0 0 0 0 0 0 0 0 0 0 0 0 0 0 0 0 0 0 0 0 0 0 0 0 0 0 0 0 0 0 0 0 0 0 0 0 0 0 0 0 0 0 0 0 0 0 0 0 0 0 0 0 0 0 0 0 0 0 0 0 0 
0 0 0 1 
193 498 211 299 212 185 206 52 203 -27 193 -174 188 -257 184 -365 180 -451 182 -454 182 -454 500 -423 493 499 498 344 500 239 495 107 493 59 485 -88 481 -163 479 -276 482 -341 487 -389 490 -408 -114 500 -114 500 -103 333 -99 241 -100 145 -102 86 -110 -56 -114 -112 -121 -230 -122 -295 -124 -394 -125 -413 -125 -427 499 -450 499 -450 0 0 0 0 0 0 0 0 0 0 0 0 0 0 0 0 0 0 0 0 0 0 0 0 0 0 0 0 0 0 0 0 0 0 0 0 0 0 0 0 0 0 0 0 0 0 0 0 0 0 0 0 0 0 0 0 0 0 0 0 0 0 0 0 0 0 0 0 0 0 0 0 0 0 
0 0 0 1 
360 498 360 498 364 473 398 358 415 204 427 144 453 62 466 4 478 -82 487 -170 495 -245 500 -301 483 -400 483 -400 454 500 456 476 461 347 464 191 466 85 468 38 476 -62 485 -158 492 -253 497 -321 500 -398 497 -448 462 498 462 498 462 476 469 365 475 226 477 156 479 78 484 12 489 -80 494 -168 497 -236 499 -299 497 -365 497 -365 0 0 0 0 0 0 0 0 0 0 0 0 0 0 0 0 0 0 0 0 0 0 0 0 0 0 0 0 0 0 0 0 0 0 0 0 0 0 0 0 0 0 0 0 0 0 0 0 0 0 0 0 0 0 0 0 0 0 0 0 0 0 0 0 0 0 0 0 0 0 
0 0 0 1 
447 498 481 366 493 281 499 204 495 76 493 29 488 -31 479 -145 463 -281 458 -323 444 -453 465 498 465 498 480 420 498 314 500 272 495 147 495 103 488 56 482 -31 478 -152 478 -171 480 -294 483 -353 491 -439 -159 498 -159 498 -116 387 -106 339 -98 279 -95 191 -95 117 -95 99 -98 -20 -105 -163 -105 -163 -108 -295 -113 -378 -124 -448 498 -443 499 -445 0 0 0 0 0 0 0 0 0 0 0 0 0 0 0 0 0 0 0 0 0 0 0 0 0 0 0 0 0 0 0 0 0 0 0 0 0 0 0 0 0 0 0 0 0 0 0 0 0 0 0 0 0 0 0 0 0 0 0 0 0 0 0 0 0 0 0 0 
0 0 0 1 
