498 497 -138 441 -138 441 -138 441 -90 454 -39 470 -20 477 42 493 82 497 154 500 198 495 289 479 312 475 402 425 433 398 459 324 494 225 496 213 499 69 465 -112 463 -132 405 -290 371 -292 371 -292 332 -304 243 -326 212 -333 84 -250 69 -222 119 -112 12 -69 11 -56 5 58 6 81 6 173 6 207 7 90 47 -119 48 -135 -284 340 -282 488 -269 474 -253 466 -204 464 -164 474 -128 477 -66 494 -10 494 48 498 108 494 178 488 221 472 292 446 376 387 406 333 471 296 500 226 424 209 424 209 427 45 427 45 378 -89 369 -150 367 -189 415 -313 411 -320 408 -322 380 -346 325 -366 186 -289 184 -283 175 -241 127 -126 127 -126 110 28 109 43 105 126 108 152 102 69 52 -84 53 -95 -45 -139 -45 -139 -26 -220 -45 -309 -55 -320 -105 -322 -147 -274 -162 -233 -167 -220 -187 -150 -204 -63 -214 -15 -225 78 -227 137 -226 172 -218 248 -212 265 -187 281 -636 -56 0 0 0 0 48 13 51 16 19 7 62 16 40 4 72 3 44 -5 91 -16 23 -4 90 -50 31 -27 26 -74 35 -99 2 -12 3 -144 -34 -181 -2 -20 -58 -158 -34 -2 0 0 -39 -12 -89 -22 -31 -7 -128 83 -15 28 50 110 -107 43 -1 13 -6 114 1 23 0 92 0 34 1 -117 40 -209 1 -16 -332 475 2 148 13 -14 16 -8 49 -2 40 10 36 3 62 17 56 0 58 4 60 -4 70 -6 43 -16 
0 0 0 0 1 0 0 0 0 0 0 0 
352 498 500 254 -133 470 -133 470 -47 472 36 479 71 482 129 486 198 489 269 491 370 482 413 474 352 498 424 453 423 419 500 254 290 -398 218 -364 191 -335 95 -122 92 -31 83 81 77 119 79 184 80 247 87 172 88 35 83 -47 40 -196 34 -215 27 -242 27 -242 -270 -278 -288 -249 -334 -129 -308 -47 -255 297 -247 306 -219 371 -138 433 -269 495 -245 488 -173 481 -105 493 -60 486 6 495 60 499 136 499 230 490 258 495 423 430 429 426 495 370 500 350 500 350 486 225 491 184 493 158 491 50 477 -29 439 -122 440 -161 417 -248 369 -329 331 -380 283 -398 159 -382 114 -354 39 -262 -18 -76 -25 2 -29 89 -33 154 -29 218 -32 262 -24 214 -24 78 -26 -4 -52 -142 -71 -168 -64 -258 -60 -269 -60 -269 -99 -327 -145 -336 -187 -288 -214 -209 -234 -131 -311 -64 -296 -27 -293 27 -285 147 -278 216 -336 327 -336 327 -332 387 -332 391 -332 391 148 -244 -633 216 0 0 86 2 83 7 35 3 58 4 69 3 71 2 101 -9 43 -8 -61 24 72 -45 -1 -34 77 -165 -210 -652 -72 34 -27 29 -96 213 -3 91 -9 112 -6 38 2 65 1 63 7 -75 1 -137 -5 -82 -43 -149 -6 -19 -7 -27 0 0 -297 -36 -18 29 -46 120 26 82 53 344 8 9 28 65 81 62 -131 62 24 -7 72 -7 68 12 45 -7 66 9 54 4 76 0 94 -9 28 5 165 -65 6 -4 66 -56 
0 0 0 0 1 0 0 0 0 0 0 0 
-106 433 -224 497 -206 495 -115 497 -69 497 -12 497 4 500 60 495 124 486 189 472 255 456 308 433 383 372 395 337 499 269 497 246 495 150 487 70 449 -27 436 -98 432 -111 385 -194 371 -214 336 -253 296 -280 260 -289 187 -264 148 -228 111 -123 96 -70 83 11 73 111 72 155 30 257 34 109 65 -31 64 -45 48 -125 -12 -203 -134 -278 -150 -294 -204 -308 -253 -289 -322 -166 -330 -141 -338 -84 -340 22 -339 91 -342 173 -336 301 -336 333 -332 397 -328 440 -221 401 -221 401 -106 479 -77 484 -8 486 45 496 96 498 122 494 167 491 241 479 303 470 354 458 424 426 495 357 499 306 87 232 65 -9 34 -189 -22 -304 -33 -321 -87 -345 -135 -326 -206 -199 -209 -187 -217 -117 -226 9 -229 83 -229 148 -228 273 -225 314 -224 374 -222 422 -118 64 18 -2 91 2 46 0 57 0 16 3 56 -5 64 -9 65 -14 66 -16 53 -23 75 -61 12 -35 104 -68 -2 -23 -2 -96 -8 -80 -38 -97 -13 -71 -4 -13 -47 -83 -14 -20 -35 -39 -40 -27 -36 -9 -73 25 -39 36 -37 105 -15 53 -13 81 -10 100 -1 44 -42 102 4 -148 31 -140 -1 -14 -16 -80 -60 -78 -122 -75 -16 -16 -54 -14 -49 19 -69 123 -8 25 -8 57 -2 106 1 69 -3 82 6 128 0 32 4 64 4 43 107 -39 0 0 115 78 29 5 69 2 53 10 51 2 26 -4 45 -3 74 -12 62 -9 51 -12 70 -32 
0 0 0 0 1 0 0 0 0 0 0 0 
187 500 202 497 253 487 295 480 349 466 356 463 480 400 487 396 499 374 111 -113 63 -231 10 -258 -46 -231 -62 -217 -75 -190 -246 94 -246 94 -246 94 -249 142 -249 198 -249 326 -104 469 -78 471 -27 474 34 476 90 478 110 492 116 500 136 497 152 500 269 455 265 467 345 436 365 424 384 408 493 349 493 345 494 295 497 187 499 169 493 100 447 -7 436 -61 400 -119 365 -180 314 -211 312 -213 258 -223 200 -164 172 -117 140 -53 119 32 113 75 107 164 107 206 106 239 111 157 116 72 106 -39 101 -91 4 -105 -47 -187 -103 -225 -157 -197 -173 -183 -185 -161 -187 -124 -139 18 -139 25 -139 35 -139 82 -140 126 -143 220 -143 260 -154 352 -154 370 -150 394 -147 422 15 -3 51 -10 42 -7 54 -14 7 -3 124 -63 7 -4 12 -22 -388 -487 -48 -118 -53 -27 -56 27 -16 14 -13 27 -171 284 0 0 0 0 -3 48 0 56 0 128 145 143 26 2 51 3 61 2 56 2 20 14 6 8 20 -3 16 3 117 -45 -4 12 80 -31 20 -12 19 -16 109 -59 0 -4 1 -50 3 -108 2 -18 -6 -69 -46 -107 -11 -54 -36 -58 -35 -61 -51 -31 -2 -2 -54 -10 -58 59 -28 47 -32 64 -21 85 -6 43 -6 89 0 42 -1 33 5 -82 5 -85 -10 -111 -5 -52 -97 -14 -51 -82 -56 -38 -54 28 -16 14 -12 22 -2 37 48 142 0 7 0 10 0 47 -1 44 -3 94 
0 0 0 0 1 0 0 0 0 0 0 0 
-11 396 2 396 8 399 87 418 154 432 212 441 222 444 354 435 421 416 484 388 500 349 479 296 470 139 469 61 469 61 146 -209 146 -209 146 -209 81 27 79 53 77 122 77 198 10 -351 10 -351 10 -351 10 -351 -161 156 -97 500 -43 368 -151 401 -134 401 -129 401 -53 417 1 430 53 439 73 441 191 436 263 417 321 390 337 371 435 322 428 308 493 233 499 105 442 -86 442 -86 442 -86 402 -197 389 -238 317 -308 303 -317 214 -311 209 -306 205 -284 204 -276 182 -173 142 -24 142 -16 141 67 137 135 141 197 136 162 130 16 125 -75 99 -151 78 -241 68 -298 65 -317 65 -317 -23 -357 -78 -368 -117 -346 -117 -346 -118 -314 -123 -281 -160 -184 -167 -121 -171 -13 -170 37 -163 56 -183 135 -179 184 -167 319 -165 344 -137 444 -131 455 -197 498 -197 498 13 0 6 3 79 19 67 14 58 9 10 3 132 -9 67 -19 63 -28 16 -39 -21 -53 -9 -157 -1 -78 0 0 -323 -270 0 0 0 0 -65 236 -2 26 -2 69 0 76 -67 -549 0 0 0 0 0 0 -171 507 64 344 54 -132 -108 33 17 0 5 0 76 16 54 13 52 9 20 2 118 -5 72 -19 58 -27 16 -19 98 -49 -7 -14 65 -75 6 -128 -57 -191 0 0 0 0 -40 -111 -13 -41 -72 -70 -14 -9 -89 6 -5 5 -4 22 -1 8 -22 103 -40 149 0 8 -1 83 -4 68 4 62 -5 -35 -6 -146 
0 0 0 0 1 0 0 0 0 0 0 0 
-200 405 -200 405 -200 405 -132 402 -132 402 -64 415 -64 415 -64 415 69 434 69 434 69 434 69 434 69 434 170 434 186 439 186 439 242 444 450 421 450 421 484 392 493 384 499 -100 327 -252 327 -252 327 -252 223 -315 212 -323 160 -321 83 -278 12 -189 7 -157 -56 18 -57 42 -59 71 -62 218 -64 276 -62 231 -62 147 -62 71 -64 -44 -106 -176 -116 -200 -216 500 -169 330 -153 333 -124 338 -85 338 -85 338 -85 338 -81 338 -63 338 -26 340 -26 340 -16 343 6 345 41 355 83 365 102 367 130 370 142 372 153 370 199 372 224 372 284 375 288 375 330 377 341 377 337 375 328 375 413 362 435 345 359 323 359 323 470 303 488 261 489 239 496 170 499 96 484 -14 471 -66 360 -162 360 -162 380 -200 384 -217 360 -283 319 -316 310 -318 251 -325 173 -291 122 -227 105 -182 98 -170 48 -27 41 41 41 41 36 158 36 207 40 202 41 123 38 32 31 -49 -23 -224 -23 -232 -115 -281 -119 -291 -192 -264 -224 -229 -230 -200 -244 -140 -273 -29 -281 51 -282 177 -276 256 -257 338 -252 390 -337 498 0 0 0 0 68 -3 0 0 68 13 0 0 0 0 133 19 0 0 0 0 0 0 0 0 101 0 16 5 0 0 56 5 208 -23 0 0 34 -29 9 -8 6 -484 -172 -152 0 0 0 0 -104 -63 -11 -8 -52 2 -77 43 -71 89 -5 32 -63 175 -1 24 -2 29 -3 147 
0 0 0 0 1 0 0 0 0 0 0 0 
-153 438 -153 438 -141 438 -136 441 -76 444 -67 444 -6 449 57 457 108 462 176 477 224 488 273 493 340 498 415 490 445 480 478 459 478 459 500 350 490 257 497 244 462 155 448 70 449 46 387 -83 385 -98 355 -148 331 -205 283 -238 258 -249 224 -246 155 -176 90 -20 88 -5 84 85 86 192 83 241 84 174 127 12 111 2 116 -54 87 -137 74 -168 62 -197 18 -262 -98 -272 -192 -246 -204 -236 -180 -176 -176 -161 -176 -101 -179 -77 -232 142 -236 285 -233 363 -218 397 -290 439 -271 436 -261 439 -197 436 -191 439 -133 449 -86 462 -24 464 36 479 95 489 147 492 204 499 267 492 319 477 335 467 500 85 500 85 491 37 449 -128 392 -237 392 -237 392 -237 322 -267 265 -255 222 -186 172 -65 171 -53 153 78 142 169 142 202 145 133 -19 -280 -104 -277 -282 -126 -282 -126 -284 -101 0 0 12 0 5 3 60 3 9 0 61 5 63 8 51 5 68 15 48 11 49 5 67 5 75 -8 30 -10 33 -21 0 0 22 -109 -10 -93 7 -13 -35 -89 -14 -85 1 -24 -62 -129 -2 -15 -30 -50 -24 -57 -48 -33 -25 -11 -34 3 -69 70 -65 156 -2 15 -4 90 2 107 -3 49 1 -67 43 -162 -16 -10 5 -56 -29 -83 -13 -31 -12 -29 -44 -65 -116 -10 -94 26 -12 10 24 60 4 15 0 60 -3 24 -53 219 -4 143 3 78 15 34 -72 42 19 -3 10 3 64 -3 6 3 
0 0 0 0 1 0 0 0 0 0 0 0 
500 221 500 221 500 221 185 -229 199 338 227 223 225 151 -200 96 -203 242 -203 341 -203 427 -204 500 -151 453 -134 460 -67 471 -52 471 3 478 67 483 98 490 155 497 206 500 264 497 324 490 370 474 401 450 440 394 462 342 474 281 487 194 496 154 498 138 500 70 500 70 465 -53 427 -131 394 -199 368 -234 350 -255 308 -276 270 -279 152 -232 160 -204 161 -187 144 -72 136 0 133 51 130 171 135 225 72 321 73 176 73 110 130 -53 125 -75 105 -124 69 -197 23 -244 -23 -269 -59 -274 -117 -253 -130 -241 -171 -185 -198 -117 -211 -75 -339 100 -339 194 -339 321 -339 392 -339 460 -224 424 -223 427 0 0 0 0 -315 -450 14 567 28 -115 -2 -72 -425 -55 -3 146 0 99 0 86 -1 73 53 -47 17 7 67 11 15 0 55 7 64 5 31 7 57 7 51 3 58 -3 60 -7 46 -16 31 -24 39 -56 22 -52 12 -61 13 -87 9 -40 2 -16 2 -68 0 0 -35 -123 -38 -78 -33 -68 -26 -35 -18 -21 -42 -21 -38 -3 -118 47 8 28 1 17 -17 115 -8 72 -3 51 -3 120 5 54 -63 96 1 -145 0 -66 57 -163 -5 -22 -20 -49 -36 -73 -46 -47 -46 -25 -36 -5 -58 21 -13 12 -41 56 -27 68 -13 42 -128 175 0 94 0 127 0 71 0 68 115 -36 1 3 0 0 0 0 0 0 0 0 0 0 0 0 0 0 0 0 0 0 0 0 0 0 
0 0 0 0 1 0 0 0 0 0 0 0 
499 500 -181 391 -141 418 -92 432 -50 450 -23 464 46 485 117 497 184 500 275 494 309 491 383 473 453 441 494 394 421 418 421 418 421 418 500 277 497 266 492 43 488 -102 427 -242 403 -283 375 -324 308 -374 288 -391 238 -385 163 -339 92 -213 31 -32 29 -17 20 76 14 213 14 304 14 359 16 347 17 154 17 134 17 52 41 -116 46 -213 29 -266 17 -312 -28 -359 -41 -377 -77 -380 -159 -333 -169 -309 -376 8 -376 8 -385 213 -383 315 -380 418 -337 415 -305 431 -261 445 -198 464 -180 478 -117 489 -56 500 4 497 111 483 128 480 178 469 246 439 254 434 395 336 438 286 439 284 439 284 491 153 491 153 500 -73 486 -191 486 -191 442 -330 422 -357 414 -368 352 -434 333 -448 289 -453 206 -385 148 -286 87 -133 87 -114 84 -40 76 90 71 177 67 254 65 256 63 114 65 65 60 2 52 -65 -12 -142 -9 -172 -96 -265 -96 -265 -131 -300 -190 -344 -207 -363 -246 -357 -305 -314 -332 -273 -335 -254 -280 -84 -278 -65 -280 62 -281 213 -282 295 -282 327 -266 437 -680 -109 40 27 49 14 42 18 27 14 69 21 71 12 67 3 91 -6 34 -3 74 -18 70 -32 41 -47 -73 24 0 0 0 0 79 -141 -3 -11 -5 -223 -4 -145 -61 -140 -24 -41 -28 -41 -67 -50 -20 -17 -50 6 -75 46 -71 126 -61 181 -2 15 -9 93 -6 137 0 91 0 55 2 -12 1 -193 0 -20 0 -82 
0 0 0 0 1 0 0 0 0 0 0 0 
-171 462 -171 462 -87 490 -23 498 97 496 129 490 152 488 229 480 283 470 345 457 355 454 420 426 497 346 500 -136 461 -253 455 -263 402 -302 340 -294 272 -242 250 -186 195 -77 195 -67 188 31 180 98 175 183 174 242 174 188 161 43 125 -64 125 -74 122 -100 63 -219 63 -219 37 -232 -43 -237 -108 -186 -128 -149 -152 -108 -188 -20 -195 51 -201 201 -203 286 -203 395 -203 447 -173 406 -321 469 -298 469 -220 489 -157 498 -27 491 -18 491 40 474 94 464 169 454 213 447 223 445 301 416 385 340 489 284 483 248 480 231 499 97 476 -2 487 -14 484 -80 398 -155 338 -255 328 -274 275 -291 216 -287 149 -233 133 -197 70 -58 68 -41 64 19 61 85 61 170 60 223 61 184 64 21 22 -46 12 -72 1 -124 1 -124 -48 -197 -58 -218 -76 -238 -129 -245 -216 -201 -255 -160 -285 -107 -312 -46 -325 21 -328 133 -328 253 -327 352 -325 403 -202 447 -202 447 0 0 84 28 64 8 120 -2 32 -6 23 -2 77 -8 54 -10 62 -13 10 -3 65 -28 77 -80 3 -482 -39 -117 -6 -10 -53 -39 -62 8 -68 52 -22 56 -55 109 0 10 -7 98 -8 67 -5 85 -1 59 0 -54 -13 -145 -36 -107 0 -10 -3 -26 -59 -119 0 0 -26 -13 -80 -5 -65 51 -20 37 -24 41 -36 88 -7 71 -6 150 -2 85 0 109 0 52 30 -41 -148 63 23 0 78 20 63 9 130 -7 9 0 58 -17 
0 0 0 0 1 0 0 0 0 0 0 0 
350 498 350 498 496 425 431 436 431 436 478 368 499 319 225 -95 189 -28 166 46 160 117 159 172 157 226 160 241 157 124 159 68 55 -241 28 -212 -171 -44 -171 -44 -171 -44 -181 126 -181 161 -181 239 -180 312 -178 359 -31 402 -13 409 66 446 105 479 143 485 173 487 191 498 210 498 253 479 398 413 421 400 434 387 481 323 497 297 500 273 475 183 482 109 490 17 475 -39 439 -124 436 -135 399 -190 369 -216 331 -225 273 -190 237 -137 239 -129 226 -83 212 -8 207 61 203 118 201 188 199 203 191 94 182 30 120 -52 120 -70 67 -146 67 -148 16 -234 12 -242 -94 -231 -130 -194 -135 -185 -116 -137 -102 -78 -102 -32 -107 48 -111 111 -113 188 -115 262 -116 315 0 0 146 -73 -65 11 0 0 47 -68 21 -49 -274 -414 -36 67 -23 74 -6 71 -1 55 -2 54 3 15 -3 -117 2 -56 -104 -309 -27 29 -199 168 0 0 0 0 -10 170 0 35 0 78 1 73 2 47 147 43 18 7 79 37 39 33 38 6 30 2 18 11 19 0 43 -19 145 -66 23 -13 13 -13 47 -64 16 -26 3 -24 -25 -90 7 -74 8 -92 -15 -56 -36 -85 -3 -11 -37 -55 -30 -26 -38 -9 -58 35 -36 53 2 8 -13 46 -14 75 -5 69 -4 57 -2 70 -2 15 -8 -109 -9 -64 -62 -82 0 -18 -53 -76 0 -2 -51 -86 -4 -8 -106 11 -36 37 -5 9 19 48 14 59 0 46 
0 0 0 0 1 0 0 0 0 0 0 0 
500 500 500 500 -253 498 -205 488 -205 488 -63 450 125 411 125 411 146 408 312 398 312 398 312 398 312 398 333 395 500 379 500 379 318 -254 318 -254 366 -118 366 -118 366 -118 236 350 259 254 257 9 -333 183 -333 183 -325 279 -218 500 -186 486 -186 486 -20 432 -17 432 118 412 118 412 118 412 154 412 189 406 212 402 223 402 223 402 365 402 371 402 412 385 475 288 484 265 499 184 488 50 440 -57 437 -107 372 -218 330 -281 268 -312 226 -302 196 -288 193 -281 83 -241 45 -137 27 -87 20 -46 19 -30 46 161 35 231 8 322 20 385 -46 419 27 379 36 342 -41 275 -49 46 -49 46 -24 -151 -82 -244 -129 -338 -157 -365 -202 -355 -277 -258 -281 -181 -289 -67 -305 77 -301 117 -286 208 -283 281 -283 291 -292 402 0 0 -753 -2 48 -10 0 0 142 -38 188 -39 0 0 21 -3 166 -10 0 0 0 0 0 0 21 -3 167 -16 0 0 -182 -633 0 0 48 136 0 0 0 0 -130 468 23 -96 -2 -245 -590 174 0 0 8 96 107 221 32 -14 0 0 166 -54 3 0 135 -20 0 0 0 0 36 0 35 -6 23 -4 11 0 0 0 142 0 6 0 41 -17 63 -97 9 -23 15 -81 -11 -134 -48 -107 -3 -50 -65 -111 -42 -63 -62 -31 -42 10 -30 14 -3 7 -110 40 -38 104 -18 50 -7 41 -1 16 27 191 -11 70 -27 91 12 63 -66 34 73 -40 9 -37 
0 0 0 0 1 0 0 0 0 0 0 0 
-161 480 -126 488 -40 498 18 493 94 482 155 472 179 469 288 450 348 429 418 397 499 344 422 -254 325 -297 272 -267 259 -249 206 -175 137 5 134 15 113 145 102 273 97 448 97 448 100 289 -177 459 -273 483 -255 485 -170 498 -110 496 -36 488 25 475 90 464 145 457 223 431 281 407 362 363 456 319 453 306 486 153 496 124 499 49 453 -62 453 -101 398 -202 298 -277 192 -290 124 -241 121 -233 71 -166 -5 33 -9 46 -13 140 -15 270 -15 293 -13 410 -13 441 -15 353 -15 262 13 64 -46 -57 -46 -77 -112 -197 -108 -220 -143 -238 -214 -212 -249 -109 -251 -88 -284 33 -284 103 -285 207 -266 303 -281 337 -259 407 35 8 86 10 58 -5 76 -11 61 -10 24 -3 109 -19 60 -21 70 -32 81 -53 -77 -598 -97 -43 -53 30 -13 18 -53 74 -69 180 -3 10 -21 130 -11 128 -5 175 0 0 3 -159 -277 170 -96 24 18 2 85 13 60 -2 74 -8 61 -13 65 -11 55 -7 78 -26 58 -24 81 -44 94 -44 -3 -13 33 -153 10 -29 3 -75 -46 -111 0 -39 -55 -101 -100 -75 -106 -13 -68 49 -3 8 -50 67 -76 199 -4 13 -4 94 -2 130 0 23 2 117 0 31 -2 -88 0 -91 28 -198 -59 -121 0 -20 -66 -120 4 -23 -35 -18 -71 26 -35 103 -2 21 -33 121 0 70 -1 104 19 96 -15 34 22 70 0 0 0 0 0 0 0 0 0 0 0 0 0 0 
0 0 0 0 1 0 0 0 0 0 0 0 
-139 367 -119 375 -71 394 15 415 113 412 171 404 179 402 246 383 319 348 381 294 394 268 499 206 492 184 489 80 497 -18 483 -123 454 -203 433 -262 400 -324 354 -369 285 -394 148 -367 145 -367 84 -278 74 -238 74 -238 97 -104 88 8 104 58 113 107 116 144 117 37 111 -34 18 -126 55 -214 55 -217 -58 -203 -110 -268 -168 -273 -246 -195 -310 -26 -316 2 -322 80 -322 187 -320 265 -316 337 -188 391 -188 391 -174 453 -162 498 42 415 149 415 223 409 288 398 297 398 364 379 423 340 484 285 499 249 352 -371 304 -379 283 -371 198 -277 185 -238 7 146 7 146 7 177 8 80 5 2 55 -213 4 -268 -59 -279 -133 -204 -194 -24 -195 -11 -201 77 -203 210 -203 257 -203 329 -251 498 -251 498 20 8 48 19 86 21 98 -3 58 -8 8 -2 67 -19 73 -35 62 -54 13 -26 105 -62 -7 -22 -3 -104 8 -98 -14 -105 -29 -80 -21 -59 -33 -62 -46 -45 -69 -25 -137 27 -3 0 -61 89 -10 40 0 0 23 134 -9 112 16 50 9 49 3 37 1 -107 -6 -71 -93 -92 37 -88 0 -3 -113 14 -52 -65 -58 -5 -78 78 -64 169 -6 28 -6 78 0 107 2 78 4 72 128 54 0 0 14 62 12 45 204 -83 107 0 74 -6 65 -11 9 0 67 -19 59 -39 61 -55 15 -36 -147 -620 -48 -8 -21 8 -85 94 -13 39 -178 384 0 0 0 31 1 -97 -3 -78 50 -215 
0 0 0 0 1 0 0 0 0 0 0 0 
499 498 -140 495 -140 495 -77 497 -20 500 16 500 101 500 113 500 175 500 243 490 293 478 355 457 411 414 460 357 399 350 399 350 399 350 399 350 499 259 336 -235 336 -235 312 -254 232 -285 169 -261 98 -178 71 -111 150 -73 150 -73 148 -52 138 114 135 150 41 -180 28 -230 -23 -280 -78 -297 -131 -271 -151 -242 -190 -154 -204 -121 -219 -16 -223 102 -221 211 -276 498 -258 489 -205 489 -139 487 -105 494 -18 491 2 494 62 494 120 491 194 475 258 455 303 425 330 397 460 326 476 296 489 275 497 245 499 232 477 131 477 131 484 55 485 -41 461 -133 430 -211 434 -222 403 -287 403 -287 351 -314 278 -294 217 -222 208 -202 71 -126 40 -45 37 -34 35 -6 32 98 29 154 64 -34 64 -39 44 -131 -31 -163 -75 -218 -142 -278 -184 -285 -242 -255 -267 -225 -332 -80 -332 -75 -336 6 -336 78 -336 206 -221 259 -230 328 -227 358 -217 418 -639 -3 0 0 63 2 57 3 36 0 85 0 12 0 62 0 68 -10 50 -12 62 -21 56 -43 49 -57 -61 -7 0 0 0 0 0 0 100 -91 -163 -494 0 0 -24 -19 -80 -31 -63 24 -71 83 -27 67 79 38 0 0 -2 21 -10 166 -3 36 -94 -330 -13 -50 -51 -50 -55 -17 -53 26 -20 29 -39 88 -14 33 -15 105 -4 118 2 109 -55 287 18 -9 53 0 66 -2 34 7 87 -3 20 3 60 0 58 -3 74 -16 64 -20 45 -30 
0 0 0 0 1 0 0 0 0 0 0 0 
