499 264 499 264 449 288 411 307 377 326 331 350 289 365 242 389 183 413 162 423 106 442 59 466 8 480 -39 490 -86 500 -124 485 -175 471 -219 451 -239 451 499 414 452 414 405 424 365 430 306 444 286 451 220 464 174 468 147 468 84 471 37 471 -40 488 -92 464 -120 498 -163 468 -202 464 -258 468 0 0 -50 24 -38 19 -34 19 -46 24 -42 15 -47 24 -59 24 -21 10 -56 19 -47 24 -51 14 -47 10 -47 10 -38 -15 -51 -14 -44 -20 -20 0 738 -37 -47 0 -47 10 -40 6 -59 14 -20 7 -66 13 -46 4 -27 0 -63 3 -47 0 -77 17 -52 -24 -28 34 -43 -30 -39 -4 -56 4 0 0 0 0 0 0 0 0 0 0 0 0 0 0 0 0 0 0 0 0 0 0 0 0 0 0 0 0 0 0 0 0 0 0 0 0 0 0 0 0 0 0 0 0 0 0 0 0 0 0 0 0 0 0 0 0 0 0 0 0 0 0 0 0 0 0 0 0 0 0 0 0 0 0 0 0 0 0 0 0 0 0 0 0 0 0 0 0 0 0 0 0 0 0 0 0 0 0 0 0 0 0 0 0 0 0 0 0 0 0 0 0 0 0 0 0 0 0 0 0 0 0 0 0 0 0 0 0 0 0 0 0 0 0 0 0 0 0 0 0 0 0 0 0 0 0 0 0 0 0 0 0 0 0 0 0 0 0 
1 0 0 0 0 0 0 0 0 0 0 0 
499 80 438 500 426 496 379 492 332 500 296 484 242 477 194 465 149 458 85 446 36 435 -12 423 -47 423 -109 419 -136 423 -187 419 -225 427 -163 49 -163 49 499 462 482 462 424 481 380 493 342 500 292 493 242 487 191 474 133 468 84 455 35 436 1 424 -64 424 -84 417 -132 411 -163 411 -61 420 -12 -4 -47 -4 -47 8 -36 -16 -54 -7 -48 -12 -45 -7 -64 -12 -49 -11 -48 -12 -35 0 -62 -4 -27 4 -51 -4 -38 8 62 -378 0 0 662 413 -17 0 -58 19 -44 12 -38 7 -50 -7 -50 -6 -51 -13 -58 -6 -49 -13 -49 -19 -34 -12 -65 0 -20 -7 -48 -6 -31 0 0 0 0 0 0 0 0 0 0 0 0 0 0 0 0 0 0 0 0 0 0 0 0 0 0 0 0 0 0 0 0 0 0 0 0 0 0 0 0 0 0 0 0 0 0 0 0 0 0 0 0 0 0 0 0 0 0 0 0 0 0 0 0 0 0 0 0 0 0 0 0 0 0 0 0 0 0 0 0 0 0 0 0 0 0 0 0 0 0 0 0 0 0 0 0 0 0 0 0 0 0 0 0 0 0 0 0 0 0 0 0 0 0 0 0 0 0 0 0 0 0 0 0 0 0 0 0 0 0 0 0 0 0 0 0 0 0 0 0 0 0 0 0 0 0 0 0 0 0 0 0 0 0 0 0 0 0 0 0 0 0 0 
1 0 0 0 0 0 0 0 0 0 0 0 
500 449 485 444 436 426 399 417 358 417 311 408 263 399 221 394 157 394 115 394 62 399 25 394 -38 394 -77 408 -114 408 -160 412 -198 422 -235 431 -266 422 -304 444 -335 500 500 400 487 382 445 373 409 365 373 365 328 347 282 339 235 339 175 347 132 356 93 356 57 365 -15 373 -57 391 -89 400 -132 426 -168 460 -202 486 -230 495 -253 495 -15 -5 -49 -18 -37 -9 -41 0 -47 -9 -48 -9 -42 -5 -64 0 -42 0 -53 5 -37 -5 -63 0 -39 14 -37 0 -46 4 -38 10 -37 9 -31 -9 -38 22 -31 56 835 -100 -13 -18 -42 -9 -36 -8 -36 0 -45 -18 -46 -8 -47 0 -60 8 -43 9 -39 0 -36 9 -72 8 -42 18 -32 9 -43 26 -36 34 -34 26 -28 9 -23 0 0 0 0 0 0 0 0 0 0 0 0 0 0 0 0 0 0 0 0 0 0 0 0 0 0 0 0 0 0 0 0 0 0 0 0 0 0 0 0 0 0 0 0 0 0 0 0 0 0 0 0 0 0 0 0 0 0 0 0 0 0 0 0 0 0 0 0 0 0 0 0 0 0 0 0 0 0 0 0 0 0 0 0 0 0 0 0 0 0 0 0 0 0 0 0 0 0 0 0 0 0 0 0 0 0 0 0 0 0 0 0 0 0 0 0 0 0 0 0 0 0 0 0 0 0 0 0 0 0 0 0 0 0 0 0 0 0 0 
1 0 0 0 0 0 0 0 0 0 0 0 
499 239 436 500 436 500 365 486 323 484 283 484 242 481 222 478 165 473 103 473 36 473 9 476 -58 484 -110 484 -141 486 -182 484 -225 478 -249 476 -281 478 -231 239 -231 239 499 487 479 476 424 466 381 469 344 469 300 466 284 462 225 462 161 466 94 466 60 473 -3 487 -58 494 -83 498 -123 494 -173 487 -191 483 -226 483 -63 261 0 0 -71 -14 -42 -2 -40 0 -41 -3 -20 -3 -57 -5 -62 0 -67 0 -27 3 -67 8 -52 0 -31 2 -41 -2 -43 -6 -24 -2 -32 2 50 -239 0 0 730 248 -20 -11 -55 -10 -43 3 -37 0 -44 -3 -16 -4 -59 0 -64 4 -67 0 -34 7 -63 14 -55 7 -25 4 -40 -4 -50 -7 -18 -4 -35 0 0 0 0 0 0 0 0 0 0 0 0 0 0 0 0 0 0 0 0 0 0 0 0 0 0 0 0 0 0 0 0 0 0 0 0 0 0 0 0 0 0 0 0 0 0 0 0 0 0 0 0 0 0 0 0 0 0 0 0 0 0 0 0 0 0 0 0 0 0 0 0 0 0 0 0 0 0 0 0 0 0 0 0 0 0 0 0 0 0 0 0 0 0 0 0 0 0 0 0 0 0 0 0 0 0 0 0 0 0 0 0 0 0 0 0 0 0 0 0 0 0 0 0 0 0 0 0 0 0 0 0 0 0 0 0 0 0 0 0 0 0 0 0 0 0 0 
1 0 0 0 0 0 0 0 0 0 0 0 
500 415 486 411 418 403 382 407 349 407 311 411 220 415 195 419 148 427 113 427 63 431 15 439 -29 443 -70 447 -127 447 -185 443 -252 447 -293 447 -337 498 500 325 488 318 424 312 392 325 359 331 321 350 240 362 211 368 176 375 127 387 88 393 44 406 1 431 -44 456 -99 481 -154 487 -216 487 -251 487 -274 500 -14 -4 -68 -8 -36 4 -33 0 -38 4 -91 4 -25 4 -47 8 -35 0 -50 4 -48 8 -44 4 -41 4 -57 0 -58 -4 -67 4 -41 0 -44 51 837 -173 -12 -7 -64 -6 -32 13 -33 6 -38 19 -81 12 -29 6 -35 7 -49 12 -39 6 -44 13 -43 25 -45 25 -55 25 -55 6 -62 0 -35 0 -23 13 0 0 0 0 0 0 0 0 0 0 0 0 0 0 0 0 0 0 0 0 0 0 0 0 0 0 0 0 0 0 0 0 0 0 0 0 0 0 0 0 0 0 0 0 0 0 0 0 0 0 0 0 0 0 0 0 0 0 0 0 0 0 0 0 0 0 0 0 0 0 0 0 0 0 0 0 0 0 0 0 0 0 0 0 0 0 0 0 0 0 0 0 0 0 0 0 0 0 0 0 0 0 0 0 0 0 0 0 0 0 0 0 0 0 0 0 0 0 0 0 0 0 0 0 0 0 0 0 0 0 0 0 0 0 0 0 0 0 0 0 0 0 0 0 0 0 0 0 0 0 
1 0 0 0 0 0 0 0 0 0 0 0 
499 448 487 443 426 411 353 392 315 387 242 387 229 401 175 387 118 420 57 406 14 420 -64 429 -65 453 -110 471 -131 481 -140 490 -151 500 -208 490 499 500 488 490 427 463 367 450 321 440 274 436 250 440 194 440 136 454 96 454 53 459 -19 463 -291 431 -12 -5 -61 -32 -73 -19 -38 -5 -73 0 -13 14 -54 -14 -57 33 -61 -14 -43 14 -78 9 -1 24 -45 18 -21 10 -9 9 -11 10 -57 -10 707 10 -11 -10 -61 -27 -60 -13 -46 -10 -47 -4 -24 4 -56 0 -58 14 -40 0 -43 5 -72 4 -272 -32 0 0 0 0 0 0 0 0 0 0 0 0 0 0 0 0 0 0 0 0 0 0 0 0 0 0 0 0 0 0 0 0 0 0 0 0 0 0 0 0 0 0 0 0 0 0 0 0 0 0 0 0 0 0 0 0 0 0 0 0 0 0 0 0 0 0 0 0 0 0 0 0 0 0 0 0 0 0 0 0 0 0 0 0 0 0 0 0 0 0 0 0 0 0 0 0 0 0 0 0 0 0 0 0 0 0 0 0 0 0 0 0 0 0 0 0 0 0 0 0 0 0 0 0 0 0 0 0 0 0 0 0 0 0 0 0 0 0 0 0 0 0 0 0 0 0 0 0 0 0 0 0 0 0 0 0 0 0 0 0 0 0 0 0 0 0 0 0 0 0 0 0 0 0 0 0 0 0 
1 0 0 0 0 0 0 0 0 0 0 0 
499 244 389 483 348 483 328 486 286 492 230 498 216 489 172 489 138 489 97 483 63 480 25 480 -7 474 -52 474 -83 465 -126 450 -179 444 -228 444 -275 453 -196 235 -196 235 499 464 460 460 424 468 375 484 338 492 303 500 263 500 225 500 179 496 151 492 110 484 66 476 30 464 -7 460 -49 449 -103 437 -137 437 -182 441 -110 239 -41 0 -20 3 -42 6 -56 6 -14 -9 -44 0 -34 0 -41 -6 -34 -3 -38 0 -32 -6 -45 0 -31 -9 -43 -15 -53 -6 -49 0 -47 9 79 -218 0 0 695 229 -39 -4 -36 8 -49 16 -37 8 -35 8 -40 0 -38 0 -46 -4 -28 -4 -41 -8 -44 -8 -36 -12 -37 -4 -42 -11 -54 -12 -34 0 -45 4 0 0 0 0 0 0 0 0 0 0 0 0 0 0 0 0 0 0 0 0 0 0 0 0 0 0 0 0 0 0 0 0 0 0 0 0 0 0 0 0 0 0 0 0 0 0 0 0 0 0 0 0 0 0 0 0 0 0 0 0 0 0 0 0 0 0 0 0 0 0 0 0 0 0 0 0 0 0 0 0 0 0 0 0 0 0 0 0 0 0 0 0 0 0 0 0 0 0 0 0 0 0 0 0 0 0 0 0 0 0 0 0 0 0 0 0 0 0 0 0 0 0 0 0 0 0 0 0 0 0 0 0 0 0 0 0 0 0 0 0 0 0 0 0 0 0 
1 0 0 0 0 0 0 0 0 0 0 0 
499 500 488 459 464 401 412 383 356 375 287 370 227 361 153 357 100 352 51 357 5 352 -21 352 -63 352 -111 343 -164 343 -194 348 -147 22 -147 22 499 495 499 495 452 446 404 404 350 388 283 404 224 413 155 429 102 429 66 438 20 446 -15 454 -37 454 -84 462 -136 462 -160 462 -11 -41 -24 -58 -52 -18 -56 -8 -69 -5 -60 -9 -74 -4 -53 -5 -49 5 -46 -5 -26 0 -42 0 -48 -9 -53 0 -30 5 47 -326 0 0 646 473 0 0 -47 -49 -48 -42 -54 -16 -67 16 -59 9 -69 16 -53 0 -36 9 -46 8 -35 8 -22 0 -47 8 -52 0 -24 0 0 0 0 0 0 0 0 0 0 0 0 0 0 0 0 0 0 0 0 0 0 0 0 0 0 0 0 0 0 0 0 0 0 0 0 0 0 0 0 0 0 0 0 0 0 0 0 0 0 0 0 0 0 0 0 0 0 0 0 0 0 0 0 0 0 0 0 0 0 0 0 0 0 0 0 0 0 0 0 0 0 0 0 0 0 0 0 0 0 0 0 0 0 0 0 0 0 0 0 0 0 0 0 0 0 0 0 0 0 0 0 0 0 0 0 0 0 0 0 0 0 0 0 0 0 0 0 0 0 0 0 0 0 0 0 0 0 0 0 0 0 0 0 0 0 0 0 0 0 0 0 0 0 0 0 0 0 0 0 0 0 0 0 0 0 0 
1 0 0 0 0 0 0 0 0 0 0 0 
499 498 484 473 453 445 427 430 390 428 351 411 297 402 241 405 182 405 126 405 77 402 45 394 2 394 -49 388 -85 385 -128 391 -153 405 500 500 500 500 467 496 423 500 393 496 339 488 290 484 243 480 186 476 138 468 94 456 63 452 31 448 -19 440 -58 432 -91 428 -15 -25 -31 -28 -26 -15 -37 -2 -39 -17 -54 -9 -56 3 -59 0 -56 0 -49 -3 -32 -8 -43 0 -51 -6 -36 -3 -43 6 -25 14 653 95 0 0 -33 -4 -44 4 -30 -4 -54 -8 -49 -4 -47 -4 -57 -4 -48 -8 -44 -12 -31 -4 -32 -4 -50 -8 -39 -8 -33 -4 0 0 0 0 0 0 0 0 0 0 0 0 0 0 0 0 0 0 0 0 0 0 0 0 0 0 0 0 0 0 0 0 0 0 0 0 0 0 0 0 0 0 0 0 0 0 0 0 0 0 0 0 0 0 0 0 0 0 0 0 0 0 0 0 0 0 0 0 0 0 0 0 0 0 0 0 0 0 0 0 0 0 0 0 0 0 0 0 0 0 0 0 0 0 0 0 0 0 0 0 0 0 0 0 0 0 0 0 0 0 0 0 0 0 0 0 0 0 0 0 0 0 0 0 0 0 0 0 0 0 0 0 0 0 0 0 0 0 0 0 0 0 0 0 0 0 0 0 0 0 0 0 0 0 0 0 0 0 0 0 0 0 0 0 0 0 0 0 0 0 
1 0 0 0 0 0 0 0 0 0 0 0 
499 5 438 497 423 481 378 455 342 440 292 419 209 331 186 295 140 305 103 331 96 321 38 269 1 264 -34 264 -81 259 -106 264 -140 264 -181 264 -129 -139 -129 -139 499 500 484 479 434 428 396 397 346 367 275 316 242 306 207 295 157 275 150 265 86 275 45 255 22 244 -29 244 -51 234 -82 224 -125 214 -61 492 -15 -16 -45 -26 -36 -15 -50 -21 -83 -88 -23 -36 -46 10 -37 26 -7 -10 -58 -52 -37 -5 -35 0 -47 -5 -25 5 -34 0 -41 0 52 -403 0 0 628 639 -15 -21 -50 -51 -38 -31 -50 -30 -71 -51 -33 -10 -35 -11 -50 -20 -7 -10 -64 10 -41 -20 -23 -11 -51 0 -22 -10 -31 -10 -43 -10 0 0 0 0 0 0 0 0 0 0 0 0 0 0 0 0 0 0 0 0 0 0 0 0 0 0 0 0 0 0 0 0 0 0 0 0 0 0 0 0 0 0 0 0 0 0 0 0 0 0 0 0 0 0 0 0 0 0 0 0 0 0 0 0 0 0 0 0 0 0 0 0 0 0 0 0 0 0 0 0 0 0 0 0 0 0 0 0 0 0 0 0 0 0 0 0 0 0 0 0 0 0 0 0 0 0 0 0 0 0 0 0 0 0 0 0 0 0 0 0 0 0 0 0 0 0 0 0 0 0 0 0 0 0 0 0 0 0 0 0 0 0 0 0 0 0 0 0 0 0 0 0 0 0 
1 0 0 0 0 0 0 0 0 0 0 0 
499 489 485 493 466 493 386 497 327 493 229 476 205 471 152 463 161 450 161 450 124 437 79 428 70 428 18 428 -114 419 -110 419 -156 415 -330 402 -187 415 -187 415 499 468 499 468 485 477 411 500 339 495 265 491 255 491 196 486 186 486 -60 464 -71 459 -83 464 -162 450 -216 446 -14 4 -19 0 -80 4 -59 -4 -98 -17 -24 -5 -53 -8 9 -13 0 0 -37 -13 -45 -9 -9 0 -52 0 -132 -9 4 0 -46 -4 -174 -13 143 13 0 0 686 53 0 0 -14 9 -74 23 -72 -5 -74 -4 -10 0 -59 -5 -10 0 -246 -22 -11 -5 -12 5 -79 -14 -54 -4 0 0 0 0 0 0 0 0 0 0 0 0 0 0 0 0 0 0 0 0 0 0 0 0 0 0 0 0 0 0 0 0 0 0 0 0 0 0 0 0 0 0 0 0 0 0 0 0 0 0 0 0 0 0 0 0 0 0 0 0 0 0 0 0 0 0 0 0 0 0 0 0 0 0 0 0 0 0 0 0 0 0 0 0 0 0 0 0 0 0 0 0 0 0 0 0 0 0 0 0 0 0 0 0 0 0 0 0 0 0 0 0 0 0 0 0 0 0 0 0 0 0 0 0 0 0 0 0 0 0 0 0 0 0 0 0 0 0 0 0 0 0 0 0 0 0 0 0 0 0 0 0 0 0 0 0 0 0 0 0 0 0 0 0 0 0 
1 0 0 0 0 0 0 0 0 0 0 0 
499 493 484 493 450 487 409 496 353 500 278 500 207 496 161 493 118 487 84 493 37 490 5 490 -47 487 -103 487 -158 487 -187 490 -127 236 -127 236 500 446 485 442 450 446 411 450 355 462 284 475 214 487 169 491 134 491 100 491 51 499 22 499 -27 495 -68 491 -113 487 -150 487 -15 0 -34 -6 -41 9 -56 4 -75 0 -71 -4 -46 -3 -43 -6 -34 6 -47 -3 -32 0 -52 -3 -56 0 -55 0 -29 3 60 -254 0 0 627 210 -15 -4 -35 4 -39 4 -56 12 -71 13 -70 12 -45 4 -35 0 -34 0 -49 8 -29 0 -49 -4 -41 -4 -45 -4 -37 0 0 0 0 0 0 0 0 0 0 0 0 0 0 0 0 0 0 0 0 0 0 0 0 0 0 0 0 0 0 0 0 0 0 0 0 0 0 0 0 0 0 0 0 0 0 0 0 0 0 0 0 0 0 0 0 0 0 0 0 0 0 0 0 0 0 0 0 0 0 0 0 0 0 0 0 0 0 0 0 0 0 0 0 0 0 0 0 0 0 0 0 0 0 0 0 0 0 0 0 0 0 0 0 0 0 0 0 0 0 0 0 0 0 0 0 0 0 0 0 0 0 0 0 0 0 0 0 0 0 0 0 0 0 0 0 0 0 0 0 0 0 0 0 0 0 0 0 0 0 0 0 0 0 0 0 0 0 0 0 0 0 0 0 0 0 0 
1 0 0 0 0 0 0 0 0 0 0 0 
500 282 485 333 449 373 402 393 377 393 327 414 268 444 210 464 175 474 128 474 73 494 25 474 -13 434 -62 404 -73 383 -83 343 498 496 -15 51 -36 40 -47 20 -25 0 -50 21 -59 30 -58 20 -35 10 -47 0 -55 20 -48 -20 -38 -40 -49 -30 -11 -21 -10 -40 581 153 0 0 0 0 0 0 0 0 0 0 0 0 0 0 0 0 0 0 0 0 0 0 0 0 0 0 0 0 0 0 0 0 0 0 0 0 0 0 0 0 0 0 0 0 0 0 0 0 0 0 0 0 0 0 0 0 0 0 0 0 0 0 0 0 0 0 0 0 0 0 0 0 0 0 0 0 0 0 0 0 0 0 0 0 0 0 0 0 0 0 0 0 0 0 0 0 0 0 0 0 0 0 0 0 0 0 0 0 0 0 0 0 0 0 0 0 0 0 0 0 0 0 0 0 0 0 0 0 0 0 0 0 0 0 0 0 0 0 0 0 0 0 0 0 0 0 0 0 0 0 0 0 0 0 0 0 0 0 0 0 0 0 0 0 0 0 0 0 0 0 0 0 0 0 0 0 0 0 0 0 0 0 0 0 0 0 0 0 0 0 0 0 0 0 0 0 0 0 0 0 0 0 0 0 0 0 0 0 0 0 0 0 0 0 0 0 0 0 0 0 0 0 0 0 0 0 0 0 0 0 0 0 0 0 
1 0 0 0 0 0 0 0 0 0 0 0 
500 249 425 498 414 490 373 473 310 440 285 418 247 404 189 393 137 393 84 390 40 379 -11 371 -58 371 -100 368 -134 365 -79 146 -79 146 500 498 471 483 432 468 377 446 349 435 305 424 246 413 197 405 149 394 98 383 50 376 7 369 -33 365 -67 361 -75 249 -11 -8 -41 -17 -63 -33 -25 -22 -38 -14 -58 -11 -52 0 -53 -3 -44 -11 -51 -8 -47 0 -42 -3 -34 -3 55 -219 0 0 579 352 -29 -15 -39 -15 -55 -22 -28 -11 -44 -11 -59 -11 -49 -8 -48 -11 -51 -11 -48 -7 -43 -7 -40 -4 -34 -4 0 0 0 0 0 0 0 0 0 0 0 0 0 0 0 0 0 0 0 0 0 0 0 0 0 0 0 0 0 0 0 0 0 0 0 0 0 0 0 0 0 0 0 0 0 0 0 0 0 0 0 0 0 0 0 0 0 0 0 0 0 0 0 0 0 0 0 0 0 0 0 0 0 0 0 0 0 0 0 0 0 0 0 0 0 0 0 0 0 0 0 0 0 0 0 0 0 0 0 0 0 0 0 0 0 0 0 0 0 0 0 0 0 0 0 0 0 0 0 0 0 0 0 0 0 0 0 0 0 0 0 0 0 0 0 0 0 0 0 0 0 0 0 0 0 0 0 0 0 0 0 0 0 0 0 0 0 0 0 0 0 0 0 0 0 0 0 0 0 0 0 0 0 0 0 0 0 0 
1 0 0 0 0 0 0 0 0 0 0 0 
500 489 431 497 381 493 329 493 260 493 232 489 182 489 -144 194 500 133 500 133 434 146 383 167 338 175 282 179 249 179 188 184 102 288 93 255 83 246 29 230 -29 225 -73 221 -117 209 -151 196 -242 497 -242 497 -69 8 -50 -4 -52 0 -69 0 -28 -4 -50 0 -326 -295 644 -61 0 0 -66 13 -51 21 -45 8 -56 4 -33 0 -61 5 -86 104 -9 -33 -10 -9 -54 -16 -58 -5 -44 -4 -44 -12 -34 -13 -91 301 0 0 0 0 0 0 0 0 0 0 0 0 0 0 0 0 0 0 0 0 0 0 0 0 0 0 0 0 0 0 0 0 0 0 0 0 0 0 0 0 0 0 0 0 0 0 0 0 0 0 0 0 0 0 0 0 0 0 0 0 0 0 0 0 0 0 0 0 0 0 0 0 0 0 0 0 0 0 0 0 0 0 0 0 0 0 0 0 0 0 0 0 0 0 0 0 0 0 0 0 0 0 0 0 0 0 0 0 0 0 0 0 0 0 0 0 0 0 0 0 0 0 0 0 0 0 0 0 0 0 0 0 0 0 0 0 0 0 0 0 0 0 0 0 0 0 0 0 0 0 0 0 0 0 0 0 0 0 0 0 0 0 0 0 0 0 0 0 0 0 0 0 0 0 0 0 0 0 0 0 0 0 0 0 0 0 0 0 0 0 0 0 0 0 0 0 0 0 0 0 
1 0 0 0 0 0 0 0 0 0 0 0 
