-255 -59 -137 -172 -120 -194 -120 -194 -108 -210 -90 -244 -90 -244 -21 -312 -15 -317 41 -364 73 -379 98 -388 146 -400 226 -402 252 -400 323 -383 348 -374 408 -329 484 -234 492 -210 500 -172 484 232 446 308 429 338 378 390 363 405 247 469 24 500 -249 47 -252 35 -253 -21 -180 40 -172 16 -165 -18 -157 -54 -152 -75 -192 -155 -200 -176 -201 -183 -200 -195 -200 -195 -200 -200 -141 -294 -141 -294 -112 -327 -35 -379 -29 -384 19 -398 81 -396 140 -393 201 -377 220 -367 287 -332 360 -231 364 -205 464 -47 464 -47 499 58 481 117 458 195 370 268 370 268 319 356 265 408 260 412 141 481 77 500 12 495 -50 476 -50 476 -133 450 -147 391 -158 353 -175 306 -204 219 -214 174 -220 143 -178 40 -178 40 -168 -42 -161 -96 -161 -96 118 -113 17 -22 0 0 12 -16 18 -34 0 0 69 -68 6 -5 56 -47 32 -15 25 -9 48 -12 80 -2 26 2 71 17 25 9 60 45 76 95 8 24 8 38 -16 404 -38 76 -17 30 -51 52 -15 15 -116 64 -223 31 -273 -453 -3 -12 -1 -56 73 61 8 -24 7 -34 8 -36 5 -21 -40 -80 -8 -21 -1 -7 1 -12 0 0 0 -5 59 -94 0 0 29 -33 77 -52 6 -5 48 -14 62 2 59 3 61 16 19 10 67 35 73 101 4 26 100 158 0 0 35 105 -18 59 -23 78 -88 73 0 0 -51 88 -54 52 -5 4 -119 69 -64 19 -65 -5 -62 -19 
0 0 0 0 0 0 0 0 1 0 0 0 
-158 -6 -278 13 -278 13 -158 -6 -158 -6 -142 -64 -122 -131 -120 -142 -115 -154 -167 -227 -120 -283 -45 -330 39 -332 108 -316 162 -301 228 -263 287 -216 369 -140 368 -127 471 -69 495 -26 424 35 424 35 423 131 499 234 499 234 488 263 481 283 467 314 443 339 363 408 358 412 271 426 274 433 216 457 79 493 44 495 -16 500 -54 488 -79 477 -74 450 -108 381 -128 334 -206 308 -202 290 -197 245 -205 147 -207 71 -277 -69 -277 -69 -183 -93 -183 -104 -165 0 -165 0 -230 -81 -230 -81 -230 -81 -230 -81 -63 -244 -20 -282 25 -305 144 -314 192 -307 255 -287 316 -242 372 -199 414 -144 440 -106 491 40 492 49 500 162 357 303 357 303 357 303 357 303 321 352 251 432 253 438 252 450 174 484 112 497 70 500 11 490 -168 438 -207 380 -213 319 -204 -18 -195 -52 -120 19 0 0 120 -19 0 0 16 -58 20 -67 2 -11 5 -12 -52 -73 47 -56 75 -47 84 -2 69 16 54 15 66 38 59 47 82 76 -1 13 103 58 24 43 -71 61 0 0 -1 96 76 103 0 0 -11 29 -7 20 -14 31 -24 25 -80 69 -5 4 -87 14 3 7 -58 24 -137 36 -35 2 -60 5 -38 -12 -25 -11 5 -27 -34 -69 -20 -47 -78 -26 4 -18 5 -45 -8 -98 -2 -76 -70 -140 0 0 94 -24 0 -11 18 104 0 0 -65 -81 0 0 0 0 0 0 167 -163 43 -38 45 -23 119 -9 48 7 
0 0 0 0 0 0 0 0 1 0 0 0 
-15 31 -13 2 2 -108 22 -153 83 -255 150 -309 189 -328 256 -343 349 -328 385 -314 432 -289 496 -208 500 -201 465 -79 465 -79 465 -79 464 72 486 176 287 459 169 500 122 493 -142 48 -141 15 -131 -88 -80 -179 -35 -250 7 -303 88 -343 126 -345 216 -341 246 -325 292 -299 355 -219 359 -210 477 -146 477 -146 493 -84 499 -46 499 26 498 66 444 172 442 186 427 237 405 286 365 337 314 394 266 423 149 472 68 498 3 490 -1 483 -26 412 -60 314 -86 248 -80 208 -88 110 -91 42 -90 -50 -82 -104 2 -29 15 -110 20 -45 61 -102 67 -54 39 -19 67 -15 93 15 36 14 47 25 64 81 4 7 -35 122 0 0 0 0 -1 151 22 104 -199 283 -118 41 -47 -7 -264 -445 1 -33 10 -103 51 -91 45 -71 42 -53 81 -40 38 -2 90 4 30 16 46 26 63 80 4 9 118 64 0 0 16 62 6 38 0 72 -1 40 -54 106 -2 14 -15 51 -22 49 -40 51 -51 57 -48 29 -117 49 -81 26 -65 -8 -4 -7 -25 -71 -34 -98 -26 -66 6 -40 -8 -98 -3 -68 1 -92 8 -54 0 0 0 0 0 0 0 0 0 0 0 0 0 0 0 0 0 0 0 0 0 0 0 0 0 0 0 0 0 0 0 0 0 0 0 0 0 0 0 0 0 0 0 0 0 0 0 0 0 0 0 0 0 0 0 0 0 0 0 0 0 0 0 0 0 0 
0 0 0 0 0 0 0 0 1 0 0 0 
-58 497 -58 443 -52 253 -3 -19 -1 -146 500 -365 -144 -2 -251 4 -252 -17 -250 -90 -140 -124 -137 -160 -135 -177 -181 -257 -83 -294 -89 -304 -21 -362 -21 -362 42 -411 95 -442 146 -459 206 -459 229 -452 304 -433 324 -418 337 -406 377 -357 431 -294 435 -282 456 -216 485 -128 495 -65 500 24 489 109 473 160 450 245 410 311 397 333 345 384 295 428 254 454 192 489 137 498 76 481 67 476 8 435 -38 374 -65 333 -84 267 -100 209 -127 126 -131 85 -128 -19 0 -54 6 -190 49 -272 2 -127 501 -219 -644 363 -107 6 -1 -21 2 -73 110 -34 3 -36 2 -17 -46 -80 98 -37 -6 -10 68 -58 0 0 63 -49 53 -31 51 -17 60 0 23 7 75 19 20 15 13 12 40 49 54 63 4 12 21 66 29 88 10 63 5 89 -11 85 -16 51 -23 85 -40 66 -13 22 -52 51 -50 44 -41 26 -62 35 -55 9 -61 -17 -9 -5 -59 -41 -46 -61 -27 -41 -19 -66 -16 -58 -27 -83 -4 -41 3 -104 0 0 0 0 0 0 0 0 0 0 0 0 0 0 0 0 0 0 0 0 0 0 0 0 0 0 0 0 0 0 0 0 0 0 0 0 0 0 0 0 0 0 0 0 0 0 0 0 0 0 0 0 0 0 0 0 0 0 0 0 0 0 0 0 0 0 0 0 0 0 0 0 0 0 0 0 0 0 0 0 0 0 0 0 0 0 0 0 0 0 
0 0 0 0 0 0 0 0 1 0 0 0 
499 497 -25 78 -28 47 -24 -20 -9 -110 18 -175 55 -229 92 -267 148 -305 211 -323 242 -321 315 -305 385 -260 445 -195 499 -80 391 -103 391 -103 391 -80 399 96 399 177 353 386 343 415 369 498 -148 444 -148 444 -152 -65 -152 -65 -152 -65 -152 -65 -169 71 -168 39 -165 -23 -161 -100 -120 -190 -101 -234 -58 -280 1 -324 58 -345 88 -350 173 -341 233 -308 308 -232 316 -211 485 -109 487 -92 493 -56 497 0 499 104 489 220 437 329 360 402 360 406 275 469 275 469 201 492 192 494 140 496 86 498 22 486 -2 467 -33 408 -45 356 -61 299 -114 190 -117 155 -114 64 -106 -2 -76 -62 -69 -71 -64 -79 -56 -94 -49 -104 -524 -419 -3 -31 4 -67 15 -90 27 -65 37 -54 37 -38 56 -38 63 -18 31 2 73 16 70 45 60 65 54 115 -108 -23 0 0 0 23 8 176 0 81 -46 209 -10 29 26 83 -517 -54 0 0 -4 -509 0 0 0 0 0 0 -17 136 1 -32 3 -62 4 -77 41 -90 19 -44 43 -46 59 -44 57 -21 30 -5 85 9 60 33 75 76 8 21 169 102 2 17 6 36 4 56 2 104 -10 116 -52 109 -77 73 0 4 -85 63 0 0 -74 23 -9 2 -52 2 -54 2 -64 -12 -24 -19 -31 -59 -12 -52 -16 -57 -53 -109 -3 -35 3 -91 8 -66 30 -60 7 -9 5 -8 8 -15 7 -10 0 0 0 0 0 0 0 0 0 0 0 0 0 0 
0 0 0 0 0 0 0 0 1 0 0 0 
-229 -40 -233 -63 -219 -136 -219 -136 -203 -165 -164 -215 -151 -240 -151 -240 -147 -250 -143 -259 -64 -340 -48 -347 -31 -354 -7 -363 30 -375 104 -379 151 -377 161 -375 287 -329 303 -318 371 -263 425 -195 495 -27 500 36 491 134 434 297 431 306 366 397 240 484 239 486 193 500 130 500 83 490 63 484 -41 475 -34 447 -127 411 -127 411 -121 343 -143 295 -143 295 -151 270 -156 256 -233 209 -230 175 -239 120 -257 81 -266 38 -269 9 -273 -40 -272 -75 -272 -127 -326 -200 -326 -200 -326 -200 -226 -204 -226 -204 -289 -183 -289 -183 -289 -183 -268 -210 -258 -225 -258 -225 -160 -328 -160 -328 -160 -328 -132 -346 -9 -393 -12 -393 19 -393 113 -389 160 -384 262 -340 271 -331 349 -266 415 -187 498 -51 500 49 500 143 432 299 432 304 372 389 220 483 218 483 129 498 90 494 21 478 14 472 24 420 -152 337 -194 293 -210 266 -215 241 -199 196 -205 -183 -199 -190 -195 -196 -4 -23 14 -73 0 0 16 -29 39 -50 13 -25 0 0 4 -10 4 -9 79 -81 16 -7 17 -7 24 -9 37 -12 74 -4 47 2 10 2 126 46 16 11 68 55 54 68 70 168 5 63 -9 98 -57 163 -3 9 -65 91 -126 87 -1 2 -46 14 -63 0 -47 -10 -20 -6 -104 -9 7 -28 -93 -36 0 0 6 -68 -22 -48 0 0 -8 -25 -5 -14 -77 -47 3 -34 -9 -55 -18 -39 -9 -43 -3 -29 -4 -49 1 -35 0 -52 -54 -73 0 0 
0 0 0 0 0 0 0 0 1 0 0 0 
-17 20 -17 20 -3 -15 -3 -15 -23 -71 -34 -106 -39 -129 -39 -129 7 -216 69 -305 122 -335 164 -346 223 -348 371 -274 370 -269 371 -267 373 -254 499 -180 427 -147 427 -147 431 15 432 119 432 119 374 287 374 287 374 287 328 396 278 437 198 496 61 498 40 488 35 480 45 440 45 435 -40 414 -27 376 -99 320 -99 320 -89 274 -81 178 -85 142 -89 50 -80 -40 -78 -55 -77 -61 -69 -106 -69 -111 -69 -111 -114 7 -12 -117 -12 -117 -12 -117 8 -132 21 -145 97 -240 166 -296 205 -319 262 -335 299 -327 425 -255 435 -240 440 -230 465 -179 479 -145 487 -115 500 38 492 130 445 294 442 301 439 312 380 406 338 442 285 485 142 498 118 488 -55 419 -55 419 -43 381 -40 363 -168 -92 -168 -92 -168 -92 -168 -92 0 0 14 -35 0 0 -20 -56 -11 -35 -5 -23 0 0 46 -87 62 -89 53 -30 42 -11 59 -2 148 74 -1 5 1 2 2 13 126 74 -72 33 0 0 4 162 1 104 0 0 -58 168 0 0 0 0 -46 109 -50 41 -80 59 -137 2 -21 -10 -5 -8 10 -40 0 -5 -85 -21 13 -38 -72 -56 0 0 10 -46 8 -96 -4 -36 -4 -92 9 -90 2 -15 1 -6 8 -45 0 -5 0 0 -45 118 102 -124 0 0 0 0 20 -15 13 -13 76 -95 69 -56 39 -23 57 -16 37 8 126 72 10 15 5 10 25 51 14 34 8 30 13 153 -8 92 -47 164 
0 0 0 0 0 0 0 0 1 0 0 0 
499 113 499 113 499 113 499 113 444 277 444 277 444 277 458 367 308 474 245 490 170 498 106 498 29 479 -54 446 -139 385 -362 218 -362 218 -362 192 -358 87 -358 17 -360 -21 -364 -83 -193 49 -199 30 -194 -32 -158 -127 -133 -175 -126 -184 -91 -223 -62 -260 -24 -290 20 -308 77 -318 158 -316 230 -305 277 -284 331 -249 381 -197 389 -186 426 -112 456 -47 475 43 495 97 498 110 500 123 500 156 498 173 471 223 448 275 445 286 344 271 356 325 260 392 121 475 82 485 7 494 -52 498 -126 479 -232 436 -295 366 -295 366 -275 299 -275 262 -275 210 -277 177 -280 104 -281 23 -280 -8 -274 -73 0 0 0 0 0 0 -55 164 0 0 0 0 14 90 -150 107 -63 16 -75 8 -64 0 -77 -19 -83 -33 -85 -61 -223 -167 0 0 0 -26 4 -105 0 -70 -2 -38 -4 -62 171 132 -6 -19 5 -62 36 -95 25 -48 7 -9 35 -39 29 -37 38 -30 44 -18 57 -10 81 2 72 11 47 21 54 35 50 52 8 11 37 74 30 65 19 90 20 54 3 13 2 13 0 33 -2 17 -27 50 -23 52 -3 11 -101 -15 12 54 -96 67 -139 83 -39 10 -75 9 -59 4 -74 -19 -106 -43 -63 -70 0 0 20 -67 0 -37 0 -52 -2 -33 -3 -73 -1 -81 1 -31 6 -65 0 0 0 0 0 0 0 0 0 0 0 0 0 0 0 0 0 0 0 0 0 0 0 0 0 0 
0 0 0 0 0 0 0 0 1 0 0 0 
-146 42 -161 12 -169 -79 -171 -160 -161 -235 -131 -294 -100 -333 -50 -376 -2 -401 1 -401 44 -427 44 -446 118 -455 177 -470 177 -470 254 -476 299 -474 355 -442 378 -420 418 -356 438 -309 460 -235 462 -220 481 -145 493 -85 497 -8 499 66 490 151 474 205 453 279 428 337 400 380 363 427 316 461 295 474 261 489 249 491 240 495 234 497 228 497 169 500 143 500 85 500 -7 472 -7 472 -84 457 -85 452 -116 391 -138 329 -155 258 -165 220 -187 126 -197 57 -203 -8 -211 -72 -225 -145 498 -455 498 -455 434 500 434 500 434 500 434 500 377 500 252 497 159 466 167 455 -15 -30 -8 -91 -2 -81 10 -75 30 -59 31 -39 50 -43 48 -25 3 0 43 -26 0 -19 74 -9 59 -15 0 0 77 -6 45 2 56 32 23 22 40 64 20 47 22 74 2 15 19 75 12 60 4 77 2 74 -9 85 -16 54 -21 74 -25 58 -28 43 -37 47 -47 34 -21 13 -34 15 -12 2 -9 4 -6 2 -6 0 -59 3 -26 0 -58 0 -92 -28 0 0 -77 -15 -1 -5 -31 -61 -22 -62 -17 -71 -10 -38 -22 -94 -10 -69 -6 -65 -8 -64 -14 -73 723 -310 0 0 -64 955 0 0 0 0 0 0 -57 0 -125 -3 -93 -31 8 -11 0 0 0 0 0 0 0 0 0 0 0 0 0 0 0 0 0 0 0 0 0 0 0 0 0 0 0 0 0 0 0 0 0 0 0 0 0 0 
0 0 0 0 0 0 0 0 1 0 0 0 
-92 15 -100 -21 -68 -145 -56 -195 -51 -208 -4 -295 17 -332 72 -380 134 -406 181 -415 257 -410 296 -397 293 -378 321 -330 388 -269 454 -186 454 -186 467 -123 470 -67 474 15 478 91 476 128 473 200 473 234 500 291 462 389 424 417 398 436 354 454 344 458 282 484 257 489 202 500 100 497 65 491 0 460 -20 447 -97 358 -114 308 -180 200 -178 86 -183 28 -177 -50 -159 -102 296 -386 319 -365 391 -300 423 -259 467 -179 475 -155 490 -105 495 -51 498 30 500 71 497 131 485 220 312 347 283 380 193 444 193 444 166 462 156 466 87 492 83 492 35 496 -42 498 -77 496 -189 444 -190 438 -252 334 -8 -36 32 -124 12 -50 5 -13 47 -87 21 -37 55 -48 62 -26 47 -9 76 5 39 13 -3 19 28 48 67 61 66 83 0 0 13 63 3 56 4 82 4 76 -2 37 -3 72 0 34 27 57 -38 98 -38 28 -26 19 -44 18 -10 4 -62 26 -25 5 -55 11 -102 -3 -35 -6 -65 -31 -20 -13 -77 -89 -17 -50 -66 -108 2 -114 -5 -58 6 -78 18 -52 455 -284 23 21 72 65 32 41 44 80 8 24 15 50 5 54 3 81 2 41 -3 60 -12 89 -173 127 -29 33 -90 64 0 0 -27 18 -10 4 -69 26 -4 0 -48 4 -77 2 -35 -2 -112 -52 -1 -6 -62 -104 0 0 0 0 0 0 0 0 0 0 0 0 0 0 0 0 0 0 0 0 0 0 
0 0 0 0 0 0 0 0 1 0 0 0 
240 -323 240 -323 369 -273 369 -273 369 -273 387 -254 398 -238 487 -90 495 -21 498 66 499 156 498 246 440 413 452 477 -59 498 -200 -58 -45 -14 -40 -59 -29 -119 6 -185 49 -240 65 -255 103 -287 138 -313 194 -336 228 -332 253 -334 309 -324 325 -317 410 -266 421 -253 425 -249 430 -243 472 -164 489 -113 498 -49 499 21 497 95 486 151 441 255 434 270 353 285 353 302 320 368 304 396 260 443 204 475 178 486 122 498 66 498 42 494 3 473 -36 424 -66 383 -98 326 -157 260 -147 232 -150 144 -155 78 -154 12 -151 -83 -140 -110 -137 -119 0 0 129 50 0 0 0 0 18 19 11 16 89 148 8 69 3 87 1 90 -1 90 -58 167 12 64 -511 21 -141 -556 155 44 5 -45 11 -60 35 -66 43 -55 16 -15 38 -32 35 -26 56 -23 34 4 25 -2 56 10 16 7 85 51 11 13 4 4 5 6 42 79 17 51 9 64 1 70 -2 74 -11 56 -45 104 -7 15 -81 15 0 17 -33 66 -16 28 -44 47 -56 32 -26 11 -56 12 -56 0 -24 -4 -39 -21 -39 -49 -30 -41 -32 -57 -59 -66 10 -28 -3 -88 -5 -66 1 -66 3 -95 11 -27 3 -9 0 0 0 0 0 0 0 0 0 0 0 0 0 0 0 0 0 0 0 0 0 0 0 0 0 0 0 0 0 0 0 0 0 0 0 0 0 0 0 0 0 0 0 0 0 0 0 0 0 0 
0 0 0 0 0 0 0 0 1 0 0 0 
500 500 -128 210 -125 154 -113 57 -41 -144 -161 -142 -161 -142 -93 -285 102 -340 169 -388 224 -403 284 -410 359 -410 446 -393 446 -393 468 -381 500 -275 496 -263 416 311 395 333 395 333 373 384 359 437 246 497 194 500 113 485 47 456 -295 -45 -164 213 -263 216 -261 182 -261 70 -257 -9 -85 -143 -80 -155 -78 -165 -125 -254 -74 -347 -7 -422 50 -453 85 -461 160 -463 248 -417 253 -410 307 -376 430 -320 423 -310 492 -233 492 -233 492 -233 499 -55 496 9 487 106 459 201 426 262 426 281 391 342 376 368 364 388 288 388 291 402 201 453 85 497 25 499 -28 490 -101 461 -107 456 -111 419 -155 337 -180 293 -191 266 -214 184 -227 106 -226 26 -218 -26 -628 -290 3 -56 12 -97 72 -201 -120 2 0 0 68 -143 195 -55 67 -48 55 -15 60 -7 75 0 87 17 0 0 22 12 32 106 -4 12 -80 574 -21 22 0 0 -22 51 -14 53 -113 60 -52 3 -81 -15 -66 -29 -342 -501 131 258 -99 3 2 -34 0 -112 4 -79 172 -134 5 -12 2 -10 -47 -89 51 -93 67 -75 57 -31 35 -8 75 -2 88 46 5 7 54 34 123 56 -7 10 69 77 0 0 0 0 7 178 -3 64 -9 97 -28 95 -33 61 0 19 -35 61 -15 26 -12 20 -76 0 3 14 -90 51 -116 44 -60 2 -53 -9 -73 -29 -6 -5 -4 -37 -44 -82 -25 -44 -11 -27 -23 -82 -13 -78 1 -80 8 -52 0 0 
0 0 0 0 0 0 0 0 1 0 0 0 
-10 63 -133 65 -132 42 -125 -42 -5 -54 4 -84 7 -98 37 -157 82 -204 128 -227 151 -240 210 -258 266 -263 335 -246 368 -235 447 -204 487 -155 493 -145 499 -132 480 -86 480 -86 470 -52 464 -25 460 0 461 96 460 195 487 332 487 332 492 378 395 383 402 402 372 463 365 469 320 488 258 498 204 498 156 496 93 488 47 465 23 440 -17 378 -40 338 -67 286 -86 187 -93 128 -93 23 -87 -16 -73 -73 -42 138 -42 104 -38 4 302 -188 323 -145 327 -128 400 -16 400 -16 450 30 471 66 483 92 491 114 500 219 495 328 487 388 335 500 -123 2 1 -23 7 -84 120 -12 9 -30 3 -14 30 -59 45 -47 46 -23 23 -13 59 -18 56 -5 69 17 33 11 79 31 40 49 6 10 6 13 -19 46 0 0 -10 34 -6 27 -4 25 1 96 -1 99 27 137 0 0 5 46 -97 5 7 19 -30 61 -7 6 -45 19 -62 10 -54 0 -48 -2 -63 -8 -46 -23 -24 -25 -40 -62 -23 -40 -27 -52 -19 -99 -7 -59 0 -105 6 -39 14 -57 31 211 0 -34 4 -100 340 -192 21 43 4 17 73 112 0 0 50 46 21 36 12 26 8 22 9 105 -5 109 -8 60 -152 112 0 0 0 0 0 0 0 0 0 0 0 0 0 0 0 0 0 0 0 0 0 0 0 0 0 0 0 0 0 0 0 0 0 0 0 0 0 0 0 0 0 0 0 0 0 0 
0 0 0 0 0 0 0 0 1 0 0 0 
-249 19 -253 0 -258 -49 -262 -98 -222 -241 -222 -259 -237 -340 -183 -391 -123 -434 -117 -443 -52 -460 60 -441 174 -391 173 -389 256 -340 296 -316 297 -310 354 -248 422 -177 453 -117 486 -66 500 0 500 92 451 194 435 254 376 336 376 338 315 408 243 464 239 468 151 498 80 490 57 481 -32 498 -38 486 -71 462 -137 404 -151 391 -164 346 -241 284 -241 284 -181 197 -187 167 -190 154 -183 94 -171 8 -170 -23 151 -57 151 -57 -145 -253 500 500 376 493 129 327 -4 -19 -5 -49 -4 -49 40 -143 0 -18 -15 -81 54 -51 60 -43 6 -9 65 -17 112 19 114 50 -1 2 83 49 40 24 1 6 57 62 68 71 31 60 33 51 14 66 0 92 -49 102 -16 60 -59 82 0 2 -61 70 -72 56 -4 4 -88 30 -71 -8 -23 -9 -89 17 -6 -12 -33 -24 -66 -58 -14 -13 -13 -45 -77 -62 0 0 60 -87 -6 -30 -3 -13 7 -60 12 -86 1 -31 321 -34 0 0 -296 -196 645 753 -124 -7 -247 -166 0 0 0 0 0 0 0 0 0 0 0 0 0 0 0 0 0 0 0 0 0 0 0 0 0 0 0 0 0 0 0 0 0 0 0 0 0 0 0 0 0 0 0 0 0 0 0 0 0 0 0 0 0 0 0 0 0 0 0 0 0 0 0 0 0 0 0 0 0 0 0 0 0 0 0 0 0 0 0 0 0 0 0 0 0 0 0 0 0 0 
0 0 0 0 0 0 0 0 1 0 0 0 
-254 106 -249 61 -241 2 -207 -91 -168 -188 -145 -217 -125 -239 -58 -305 -50 -311 9 -341 65 -352 132 -354 207 -344 254 -326 350 -275 406 -228 443 -188 477 -134 499 -38 495 128 494 160 442 269 401 335 380 358 365 380 308 435 256 476 234 485 169 500 99 500 26 487 -16 463 -73 429 -140 380 -203 318 -220 288 -231 235 -234 155 -238 36 -238 -38 -238 -106 -238 -158 -101 -149 -101 -149 -140 83 -139 40 -126 -36 -104 -98 -73 -176 -42 -217 -28 -238 31 -302 38 -307 78 -328 137 -339 195 -336 259 -324 289 -313 368 -268 424 -217 462 -162 490 -95 499 -23 493 140 483 191 435 279 394 343 377 362 367 383 317 430 262 471 243 479 175 498 114 498 52 484 18 460 -18 432 -79 385 -136 313 -147 287 -157 243 -170 147 -171 53 -167 -23 -158 -104 -153 -151 5 -45 8 -59 34 -93 39 -97 23 -29 20 -22 67 -66 8 -6 59 -30 56 -11 67 -2 75 10 47 18 96 51 56 47 37 40 34 54 22 96 -4 166 -1 32 -52 109 -41 66 -21 23 -15 22 -57 55 -52 41 -22 9 -65 15 -70 0 -73 -13 -42 -24 -57 -34 -67 -49 -63 -62 -17 -30 -11 -53 -3 -80 -4 -119 0 -74 0 -68 0 -52 137 9 0 0 -39 232 1 -43 13 -76 22 -62 31 -78 31 -41 14 -21 59 -64 7 -5 40 -21 59 -11 58 3 64 12 30 11 79 45 56 51 38 55 28 67 9 72 -6 163 -10 51 
0 0 0 0 0 0 0 0 1 0 0 0 
