500 498 54 -473 74 -435 116 -360 130 -328 211 -166 249 -104 289 -31 316 13 358 137 406 206 467 324 478 355 140 500 110 484 32 446 -4 422 15 322 34 295 80 217 101 191 199 31 35 102 35 102 73 40 93 0 361 -228 412 -311 417 -317 434 -346 442 -355 500 -451 37 -474 -137 -368 -128 -348 -72 -268 -49 -210 21 -80 84 17 92 38 133 89 170 191 222 270 295 431 296 438 473 378 491 417 499 440 456 495 432 500 340 500 293 497 222 487 187 478 -16 474 -16 474 -145 482 -173 463 -128 336 -119 314 -45 197 -45 195 -43 189 178 8 187 -12 204 -31 240 -89 246 -102 154 -146 211 -242 226 -272 290 -353 287 -357 302 -400 487 -468 487 -468 -446 -971 20 38 42 75 14 32 81 162 38 62 40 73 27 44 42 124 48 69 61 118 11 31 -338 145 -30 -16 -78 -38 -36 -24 19 -100 19 -27 46 -78 21 -26 98 -160 -164 71 0 0 38 -62 20 -40 268 -228 51 -83 5 -6 17 -29 8 -9 58 -96 -463 -23 -174 106 9 20 56 80 23 58 70 130 63 97 8 21 41 51 37 102 52 79 73 161 1 7 177 -60 18 39 8 23 -43 55 -24 5 -92 0 -47 -3 -71 -10 -35 -9 -203 -4 0 0 -129 8 -28 -19 45 -127 9 -22 74 -117 0 -2 2 -6 221 -181 9 -20 17 -19 36 -58 6 -13 -92 -44 57 -96 15 -30 64 -81 -3 -4 15 -43 185 -68 
0 0 0 0 0 0 1 0 0 0 0 0 
-43 -441 -43 -441 -22 -408 40 -328 87 -267 123 -213 181 -131 201 -105 250 -28 338 96 348 107 415 223 441 276 478 335 499 396 450 422 309 457 287 446 257 441 232 441 134 455 110 455 44 460 -25 467 -128 500 -128 492 -117 420 -49 330 -49 330 -5 272 131 84 131 84 144 44 154 32 154 32 266 -136 266 -136 287 -171 296 -194 333 -255 350 -276 378 -333 420 -382 460 -446 467 -453 485 -471 498 500 -136 -319 -117 -310 -15 -211 31 -151 79 -99 162 -13 165 -4 226 68 321 176 331 198 398 279 459 350 483 392 499 458 449 409 322 477 322 477 281 477 108 499 44 493 41 486 -22 495 -81 460 -101 352 -105 348 17 180 17 180 60 123 82 92 82 92 179 -22 179 -22 203 -57 231 -105 274 -171 336 -240 338 -244 390 -319 407 -354 452 -409 457 -418 0 0 21 33 62 80 47 61 36 54 58 82 20 26 49 77 88 124 10 11 67 116 26 53 37 59 21 61 -49 26 -141 35 -22 -11 -30 -5 -25 0 -98 14 -24 0 -66 5 -69 7 -103 33 0 -8 11 -72 68 -90 0 0 44 -58 136 -188 0 0 13 -40 10 -12 0 0 112 -168 0 0 21 -35 9 -23 37 -61 17 -21 28 -57 42 -49 40 -64 7 -7 18 -18 13 971 -634 -819 19 9 102 99 46 60 48 52 83 86 3 9 61 72 95 108 10 22 67 81 61 71 24 42 16 66 -50 -49 -127 68 
0 0 0 0 0 0 1 0 0 0 0 0 
13 -378 39 -359 117 -299 142 -279 203 -213 302 -123 375 -41 390 2 500 103 447 281 447 281 450 431 271 458 150 493 105 499 26 497 268 28 327 -57 225 -112 225 -112 243 -140 271 -191 312 -268 367 -314 370 -337 422 -420 427 -438 432 -451 -53 -382 -212 -301 -212 -301 -144 -239 -115 -230 -63 -166 2 -89 63 -40 129 32 301 29 326 44 233 147 453 205 457 220 466 247 492 333 499 361 440 391 399 397 207 455 21 500 -15 487 -60 489 10 472 5 472 -168 485 -51 463 -60 459 -80 440 -17 333 14 288 79 164 34 70 34 70 284 -192 313 -224 313 -224 333 -262 336 -275 346 -297 388 -367 431 -427 461 -461 477 -474 26 19 78 60 25 20 61 66 99 90 73 82 15 43 110 101 -53 178 0 0 3 150 -179 27 -121 35 -45 6 -79 -2 242 -469 59 -85 -102 -55 0 0 18 -28 28 -51 41 -77 55 -46 3 -23 52 -83 5 -18 5 -13 -485 69 -159 81 0 0 68 62 29 9 52 64 65 77 61 49 66 72 172 -3 25 15 -93 103 220 58 4 15 9 27 26 86 7 28 -59 30 -41 6 -192 58 -186 45 -36 -13 -45 2 70 -17 -5 0 -173 13 117 -22 -9 -4 -20 -19 63 -107 31 -45 65 -124 -45 -94 0 0 250 -262 29 -32 0 0 20 -38 3 -13 10 -22 42 -70 43 -60 30 -34 16 -13 0 0 0 0 0 0 0 0 0 0 0 0 0 0 
0 0 0 0 0 0 1 0 0 0 0 0 
-102 -394 -102 -394 -66 -367 -25 -326 35 -251 65 -203 150 -68 205 13 262 91 262 91 262 91 246 283 386 262 403 292 407 303 434 328 490 420 500 456 494 461 393 479 341 484 279 488 119 493 89 493 7 497 -41 497 -126 500 -176 495 -179 486 -95 344 -55 301 12 200 75 98 75 98 250 -189 250 -189 277 -242 277 -242 326 -326 383 -404 388 -413 408 -445 445 -474 451 -477 -232 -345 -193 -323 -136 -295 -61 -226 -29 -170 63 -36 153 69 197 107 286 203 311 200 320 218 340 261 340 261 359 291 426 354 490 438 500 455 478 470 379 473 304 477 236 483 34 494 13 488 -55 488 -133 496 -228 498 -289 498 -223 380 -223 380 -81 224 -4 125 63 12 138 -95 138 -95 180 -164 180 -164 294 -282 288 -326 340 -395 346 -421 356 -449 385 -473 0 0 36 27 41 41 60 75 30 48 85 135 55 81 57 78 0 0 0 0 -16 192 140 -21 17 30 4 11 27 25 56 92 10 36 -6 5 -101 18 -52 5 -62 4 -160 5 -30 0 -82 4 -48 0 -85 3 -50 -5 -3 -9 84 -142 40 -43 67 -101 63 -102 0 0 175 -287 0 0 27 -53 0 0 49 -84 57 -78 5 -9 20 -32 37 -29 6 -3 -683 132 39 22 57 28 75 69 32 56 92 134 90 105 44 38 89 96 25 -3 9 18 20 43 0 0 19 30 67 63 64 84 10 17 -22 15 -99 3 -75 4 -68 6 
0 0 0 0 0 0 1 0 0 0 0 0 
-65 -454 -47 -430 47 -317 88 -268 127 -207 189 -123 211 -99 275 -18 293 4 384 128 392 137 439 213 478 263 500 299 462 400 390 432 311 457 215 477 191 484 124 500 124 500 188 58 205 29 237 -27 302 -121 302 -121 325 -180 395 -292 294 -353 294 -353 316 -382 316 -382 -74 -457 -226 -371 -226 -371 -125 -261 -59 -177 -53 -164 20 -71 46 -47 150 10 150 47 232 192 260 187 284 244 340 276 348 334 305 438 244 468 188 479 78 498 56 494 -4 498 17 485 17 485 -49 494 -90 498 -26 375 -11 356 41 267 65 215 101 159 17 101 74 12 83 -15 90 -30 147 -105 147 -118 214 -228 447 -397 453 -403 473 -431 479 -440 500 -457 18 24 94 113 41 49 39 61 62 84 22 24 64 81 18 22 91 124 8 9 47 76 39 50 22 36 -38 101 -72 32 -79 25 -96 20 -24 7 -67 16 0 0 64 -442 17 -29 32 -56 65 -94 0 0 23 -59 70 -112 -101 -61 0 0 22 -29 0 0 -390 -75 -152 86 0 0 101 110 66 84 6 13 73 93 26 24 104 57 0 37 82 145 28 -5 24 57 56 32 8 58 -43 104 -61 30 -56 11 -110 19 -22 -4 -60 4 21 -13 0 0 -66 9 -41 4 64 -123 15 -19 52 -89 24 -52 36 -56 -84 -58 57 -89 9 -27 7 -15 57 -75 0 -13 67 -110 233 -169 6 -6 20 -28 6 -9 21 -17 0 0 0 0 0 0 
0 0 0 0 0 0 1 0 0 0 0 0 
-93 -395 -93 -395 6 -400 7 -377 -27 -242 -27 -242 209 -166 209 -166 269 -75 269 -75 276 -51 276 -51 255 142 352 93 415 177 415 177 433 264 433 264 400 413 400 413 500 373 500 386 498 453 413 460 364 464 306 464 272 457 207 464 150 466 49 468 -32 475 -83 484 -129 493 -178 500 -193 488 -127 380 -116 362 -63 280 -47 246 3 164 61 53 86 0 110 -35 126 -60 169 -137 203 -186 244 -253 284 -304 324 -351 358 -393 387 -435 3 -419 66 -290 97 -269 112 5 112 5 132 38 132 38 352 191 328 388 328 388 497 494 499 500 0 0 99 -5 1 23 -34 135 0 0 236 76 0 0 60 91 0 0 7 24 0 0 -21 193 97 -49 63 84 0 0 18 87 0 0 -33 149 0 0 100 -40 0 13 -2 67 -85 7 -49 4 -58 0 -34 -7 -65 7 -57 2 -101 2 -81 7 -51 9 -46 9 -49 7 -15 -12 66 -108 11 -18 53 -82 16 -34 50 -82 58 -111 25 -53 24 -35 16 -25 43 -77 34 -49 41 -67 40 -51 40 -47 34 -42 29 -42 -384 16 63 129 31 21 15 274 0 0 20 33 0 0 220 153 -24 197 0 0 169 106 2 6 0 0 0 0 0 0 0 0 0 0 0 0 0 0 0 0 0 0 0 0 0 0 0 0 0 0 0 0 0 0 0 0 0 0 0 0 0 0 0 0 0 0 0 0 0 0 0 0 0 0 
0 0 0 0 0 0 1 0 0 0 0 0 
499 500 -139 -482 -139 -482 -133 -448 -103 -376 -12 -302 -12 -302 -12 -302 9 -264 9 -264 500 498 172 -112 193 -149 300 -311 201 -224 201 -224 309 -336 336 -373 350 -404 -251 -479 -251 -479 -161 -479 -88 -466 -36 -402 -36 -402 72 -338 122 -281 122 -281 130 -265 130 -265 232 -73 245 -53 312 60 329 73 386 191 420 244 454 322 467 338 494 436 500 473 500 473 497 476 495 479 424 500 363 486 284 466 241 453 164 429 60 412 36 406 0 409 -59 399 -142 399 -159 395 -214 409 -149 298 -134 281 -68 211 -10 117 50 43 75 0 63 6 56 6 72 -33 72 -33 252 -295 258 -312 261 -322 261 -322 235 -328 235 -328 235 -328 298 -412 294 -429 288 -453 -638 -982 0 0 6 34 30 72 91 74 0 0 0 0 21 38 0 0 491 762 -328 -610 21 -37 107 -162 -99 87 0 0 108 -112 27 -37 14 -31 -601 -75 0 0 90 0 73 13 52 64 0 0 108 64 50 57 0 0 8 16 0 0 102 192 13 20 67 113 17 13 57 118 34 53 34 78 13 16 27 98 6 37 0 0 -3 3 -2 3 -71 21 -61 -14 -79 -20 -43 -13 -77 -24 -104 -17 -24 -6 -36 3 -59 -10 -83 0 -17 -4 -55 14 65 -111 15 -17 66 -70 58 -94 60 -74 25 -43 -12 6 -7 0 16 -39 0 0 180 -262 6 -17 3 -10 0 0 -26 -6 0 0 0 0 63 -84 -4 -17 -6 -24 0 0 
0 0 0 0 0 0 1 0 0 0 0 0 
-264 -478 -264 -478 -164 -483 -95 -478 -67 -451 -67 -451 -67 -451 111 -320 10 -217 10 -217 144 -51 187 43 275 154 424 149 346 252 346 252 471 269 484 293 494 383 405 500 405 500 405 500 499 421 494 426 490 432 448 456 405 453 339 442 324 440 223 426 151 407 75 383 63 380 -5 372 -186 437 -200 437 -199 426 -200 418 -203 380 -203 372 -152 260 -132 225 -105 198 -69 138 -21 65 -21 65 54 -59 59 -70 59 -70 170 -233 171 -244 176 -255 181 -263 181 -263 249 -358 251 -361 251 -361 288 -377 288 -377 336 -410 339 -410 343 -413 350 -418 354 -426 -165 -483 -155 -447 -54 -313 -15 -316 109 -304 116 -286 174 -223 181 -202 310 20 376 140 427 232 431 241 496 477 497 483 499 498 -93 435 -120 205 -53 89 -53 89 11 -29 11 -29 35 -65 60 -110 145 -208 145 -208 145 -208 210 -313 267 -361 267 -361 267 -361 267 -361 0 0 100 -5 69 5 28 27 0 0 0 0 178 131 -101 103 0 0 134 166 43 94 88 111 149 -5 -78 103 0 0 125 17 13 24 10 90 -89 117 0 0 0 0 94 -79 -5 5 -4 6 -42 24 -43 -3 -66 -11 -15 -2 -101 -14 -72 -19 -76 -24 -12 -3 -68 -8 -181 65 -14 0 1 -11 -1 -8 -3 -38 0 -8 51 -112 20 -35 27 -27 36 -60 48 -73 0 0 75 -124 5 -11 0 0 111 -163 1 -11 5 -11 5 -8 0 0 68 -95 2 -3 
0 0 0 0 0 0 1 0 0 0 0 0 
266 -13 498 496 -99 -483 -46 -425 44 -352 -54 -305 -54 -305 49 -326 49 -326 79 -101 148 0 148 0 208 130 228 161 346 365 500 407 228 490 73 490 13 498 349 -420 349 -420 -204 -485 -204 -485 -140 -389 -140 -389 41 -362 45 -338 45 -338 89 -206 89 -206 89 -206 170 -170 170 -170 170 -170 300 16 300 16 357 84 364 108 386 245 402 310 499 362 499 372 497 423 425 439 346 435 277 427 265 430 120 485 -48 500 -79 473 -79 473 -127 478 -90 353 -45 271 -33 252 14 168 60 93 113 7 168 -72 224 -161 235 -185 277 -266 306 -343 297 -367 278 -415 344 -425 339 -449 336 -454 232 509 -597 -979 53 58 90 73 -98 47 0 0 103 -21 0 0 30 225 69 101 0 0 60 130 20 31 118 204 154 42 -272 83 -155 0 -60 8 336 -918 0 0 -553 -65 0 0 64 96 0 0 181 27 4 24 0 0 44 132 0 0 0 0 81 36 0 0 0 0 130 186 0 0 57 68 7 24 22 137 16 65 97 52 0 10 -2 51 -72 16 -79 -4 -69 -8 -12 3 -145 55 -168 15 -31 -27 0 0 -48 5 37 -125 45 -82 12 -19 47 -84 46 -75 53 -86 55 -79 56 -89 11 -24 42 -81 29 -77 -9 -24 -19 -48 66 -10 -5 -24 -3 -5 0 0 0 0 0 0 0 0 0 0 0 0 0 0 0 0 0 0 0 0 0 0 0 0 0 0 0 0 0 0 
0 0 0 0 0 0 1 0 0 0 0 0 
-8 -469 -8 -469 -42 -366 -42 -366 36 -194 115 -98 115 -79 117 -65 197 70 281 190 281 190 359 338 448 469 453 500 464 490 355 462 276 460 122 474 246 -84 269 -110 345 -206 345 -206 290 -176 290 -176 499 -361 446 -352 446 -352 -231 -485 -210 -483 -194 -476 -177 -454 -52 -472 -31 -452 11 -412 11 -412 47 -282 110 -231 173 -136 177 -123 177 -123 255 33 255 33 322 169 322 169 393 275 397 280 454 350 460 368 368 439 373 437 287 496 194 492 68 498 -33 474 -33 467 -79 461 -111 459 -81 331 -51 271 -1 169 47 70 65 50 110 -15 92 -19 122 -61 130 -88 132 -99 330 -291 334 -300 334 -300 288 -282 421 -384 440 -395 457 -406 499 -443 0 0 -34 103 0 0 78 172 79 96 0 19 2 14 80 135 84 120 0 0 78 148 89 131 5 31 11 -10 -109 -28 -79 -2 -154 14 124 -558 23 -26 76 -96 0 0 -55 30 0 0 209 -185 -53 9 0 0 -677 -133 21 2 16 7 17 22 125 -18 21 20 42 40 0 0 36 130 63 51 63 95 4 13 0 0 78 156 0 0 67 136 0 0 71 106 4 5 57 70 6 18 -92 71 5 -2 -86 59 -93 -4 -126 6 -101 -24 0 -7 -46 -6 -32 -2 30 -128 30 -60 50 -102 48 -99 18 -20 45 -65 -18 -4 30 -42 8 -27 2 -11 198 -192 4 -9 0 0 -46 18 133 -102 19 -11 17 -11 42 -37 0 0 
0 0 0 0 0 0 1 0 0 0 0 0 
500 500 38 -478 94 -389 127 -333 161 -275 233 -156 257 -118 273 -91 326 4 361 85 426 185 467 272 470 286 478 331 433 389 380 411 302 436 244 447 153 465 60 476 -4 485 -73 498 -82 496 -65 427 -139 416 -139 416 -101 364 -32 275 35 181 90 76 229 -2 365 -228 227 -174 227 -174 425 -362 481 -431 499 -465 499 -465 -132 -384 -132 -384 -68 -302 -39 -257 2 -196 63 -99 124 -25 132 -12 168 41 206 125 350 101 367 118 266 237 315 336 322 358 327 390 299 431 210 460 167 473 112 481 29 488 -78 494 -120 492 -185 498 -190 494 -94 462 -98 460 -216 483 -78 395 -78 395 -9 304 5 280 21 259 79 172 161 58 208 -19 147 -71 147 -71 339 -237 339 -237 339 -237 262 -287 299 -360 339 -447 352 -464 500 -485 500 -485 -462 -978 56 89 33 56 34 58 72 119 24 38 16 27 53 95 35 81 65 100 41 87 3 14 8 45 -45 58 -53 22 -78 25 -58 11 -91 18 -93 11 -64 9 -69 13 -9 -2 17 -69 -74 -11 0 0 38 -52 69 -89 67 -94 55 -105 139 -78 136 -226 -138 54 0 0 198 -188 56 -69 18 -34 0 0 -631 81 0 0 64 82 29 45 41 61 61 97 61 74 8 13 36 53 38 84 144 -24 17 17 -101 119 49 99 7 22 5 32 -28 41 -89 29 -43 13 -55 8 -83 7 -107 6 -42 -2 -65 6 -5 -4 96 -32 -4 -2 -118 23 
0 0 0 0 0 0 1 0 0 0 0 0 
498 496 -215 -364 -111 -259 -54 -164 29 -53 29 -53 29 -53 110 57 110 57 160 115 160 115 269 171 263 224 347 295 423 355 426 364 480 423 484 434 500 471 419 481 368 453 194 477 157 473 76 473 62 468 -22 477 -174 488 -176 483 -241 498 -260 492 -267 483 -204 370 -204 370 -181 346 -146 310 -57 229 38 119 113 55 188 -29 286 -102 272 -111 351 -199 433 -278 433 -278 433 -278 -83 -404 -83 -404 -7 -297 41 -203 53 -178 96 -109 110 -76 123 -51 123 -51 144 -22 196 51 215 78 230 107 230 107 275 165 342 252 415 326 422 342 476 398 491 420 500 440 450 456 355 454 312 454 250 456 123 463 113 465 55 469 -68 483 -93 487 -135 494 -163 498 -181 485 -180 474 -65 315 -65 315 -52 290 -37 279 78 125 98 93 169 2 208 -40 261 -93 343 -194 358 -210 358 -210 425 -302 433 -308 447 -348 -713 -860 104 105 57 95 83 111 0 0 0 0 81 110 0 0 50 58 0 0 109 56 -6 53 84 71 76 60 3 9 54 59 4 11 16 37 -81 10 -51 -28 -174 24 -37 -4 -81 0 -14 -5 -84 9 -152 11 -2 -5 -65 15 -19 -6 -7 -9 63 -113 0 0 23 -24 35 -36 89 -81 95 -110 75 -64 75 -84 98 -73 -14 -9 79 -88 82 -79 0 0 0 0 -516 -126 0 0 76 107 48 94 12 25 43 69 14 33 13 25 0 0 21 29 52 73 19 27 
0 0 0 0 0 0 1 0 0 0 0 0 
-27 -270 -27 -270 -3 -236 151 -52 178 -20 178 -20 206 55 319 253 474 378 500 500 -52 -401 -52 -401 -25 -382 25 -343 63 -295 33 -142 196 -135 196 -135 214 -96 280 7 280 7 249 171 315 234 421 239 444 302 468 346 500 384 445 430 368 440 302 455 258 462 164 467 104 474 43 489 0 493 -21 498 1 443 52 355 116 254 158 191 225 79 268 -2 274 -14 326 -123 336 -147 370 -222 389 -271 409 -329 418 -351 0 0 24 34 154 184 27 32 0 0 28 75 113 198 155 125 26 122 -552 -901 0 0 27 19 50 39 38 48 -30 153 163 7 0 0 18 39 66 103 0 0 -31 164 66 63 106 5 23 63 24 44 32 38 -55 46 -77 10 -66 15 -44 7 -94 5 -60 7 -61 15 -43 4 -21 5 22 -55 51 -88 64 -101 42 -63 67 -112 43 -81 6 -12 52 -109 10 -24 34 -75 19 -49 20 -58 9 -22 0 0 0 0 0 0 0 0 0 0 0 0 0 0 0 0 0 0 0 0 0 0 0 0 0 0 0 0 0 0 0 0 0 0 0 0 0 0 0 0 0 0 0 0 0 0 0 0 0 0 0 0 0 0 0 0 0 0 0 0 0 0 0 0 0 0 0 0 0 0 0 0 0 0 0 0 0 0 0 0 0 0 0 0 0 0 0 0 0 0 0 0 0 0 0 0 0 0 0 0 0 0 0 0 0 0 
0 0 0 0 0 0 1 0 0 0 0 0 
-31 -400 -2 -372 19 -340 88 -248 100 -214 275 34 217 233 217 233 235 267 289 368 289 368 343 462 346 473 -19 464 -31 462 -313 498 -321 432 -321 432 50 179 73 162 112 122 112 122 196 53 196 53 226 17 347 -104 377 -130 468 -224 485 -252 500 -276 420 -308 420 -308 420 -308 -50 -400 -211 -313 -165 -268 -165 -268 -96 -202 -82 -168 86 -187 120 -142 131 -113 181 -34 97 76 318 183 368 230 368 230 381 255 383 268 430 343 456 388 460 396 484 473 458 492 393 498 310 496 240 494 178 488 162 488 87 477 24 466 0 464 -191 488 -191 488 -201 466 -205 452 -215 420 -191 390 -191 390 -145 339 -130 321 -82 275 -83 243 -83 243 -42 176 -42 176 0 123 0 123 66 72 66 72 126 -8 188 -78 256 -142 303 -211 313 -230 457 -277 475 -300 483 -307 497 -330 499 -334 29 28 21 32 69 92 12 34 175 248 -58 199 0 0 18 34 54 101 0 0 54 94 3 11 -365 -9 -12 -2 -282 36 -8 -66 0 0 371 -253 23 -17 39 -40 0 0 84 -69 0 0 30 -36 121 -121 30 -26 91 -94 17 -28 15 -24 -80 -32 0 0 0 0 -470 -92 -161 87 46 45 0 0 69 66 14 34 168 -19 34 45 11 29 50 79 -84 110 221 107 50 47 0 0 13 25 2 13 47 75 26 45 4 8 24 77 -26 19 -65 6 -83 -2 -70 -2 -62 -6 -16 0 -75 -11 -63 -11 
0 0 0 0 0 0 1 0 0 0 0 0 
325 496 499 -160 -106 -345 -106 -345 -22 -207 -19 -196 12 -168 64 -81 132 17 199 81 207 110 263 159 346 263 346 263 355 289 388 318 427 380 500 466 -131 500 -101 382 -147 309 -126 280 -126 280 51 181 173 2 266 -128 347 -256 215 -196 215 -196 478 -424 365 -396 365 -396 365 -396 -7 -436 -7 -436 -4 -406 34 -340 74 -278 81 -267 114 -211 185 -107 210 -53 250 -6 271 44 330 130 344 152 362 175 430 263 437 274 441 282 500 361 402 423 405 419 374 406 278 411 217 428 148 441 138 443 74 456 14 466 -48 473 -111 477 -164 471 -312 498 -184 441 -161 381 -250 372 -87 263 -87 263 -20 173 -12 158 -12 158 -57 85 -57 85 64 -109 64 -109 248 -265 248 -265 248 -265 194 -310 364 -428 371 -456 397 -479 294 -466 294 -466 174 -656 -605 -185 0 0 84 138 3 11 31 28 52 87 68 98 67 64 8 29 56 49 83 104 0 0 9 26 33 29 39 62 73 86 -631 34 30 -118 -46 -73 21 -29 0 0 177 -99 122 -179 93 -130 81 -128 -132 60 0 0 263 -228 -113 28 0 0 0 0 -372 -40 0 0 3 30 38 66 40 62 7 11 33 56 71 104 25 54 40 47 21 50 59 86 14 22 18 23 68 88 7 11 4 8 59 79 -98 62 3 -4 -31 -13 -96 5 -61 17 -69 13 -10 2 -64 13 -60 10 -62 7 -63 4 -53 -6 -148 27 128 -57 23 -60 
0 0 0 0 0 0 1 0 0 0 0 0 
