-159 -265 -159 -265 -179 -209 -184 -161 -190 -93 -193 -20 -191 54 -166 211 -133 304 -113 336 -64 415 -31 438 -12 452 80 486 98 495 98 495 159 500 159 500 240 475 299 447 299 447 356 406 429 300 429 300 429 300 404 177 404 61 500 2 500 -18 498 -113 491 -200 489 -252 395 -295 395 -295 395 -295 497 -331 497 -331 -325 -192 -325 -192 -326 -163 -326 -72 -325 6 -53 496 -38 498 81 494 240 445 348 346 346 331 459 181 500 -13 491 -275 491 -284 491 -300 0 0 -20 56 -5 48 -6 68 -3 73 2 74 25 157 33 93 20 32 49 79 33 23 19 14 92 34 18 9 0 0 61 5 0 0 81 -25 59 -28 0 0 57 -41 73 -106 0 0 0 0 -25 -123 0 -116 96 -59 0 -20 -2 -95 -7 -87 -2 -52 -94 -43 0 0 0 0 102 -36 0 0 -822 139 0 0 -1 29 0 91 1 78 272 490 15 2 119 -4 159 -49 108 -99 -2 -15 113 -150 41 -194 -9 -262 0 -9 0 -16 0 0 0 0 0 0 0 0 0 0 0 0 0 0 0 0 0 0 0 0 0 0 0 0 0 0 0 0 0 0 0 0 0 0 0 0 0 0 0 0 0 0 0 0 0 0 0 0 0 0 0 0 0 0 0 0 0 0 0 0 0 0 0 0 0 0 0 0 0 0 0 0 0 0 0 0 0 0 0 0 0 0 0 0 0 0 0 0 0 0 
0 0 0 0 0 1 0 0 0 0 0 0 
-284 -207 -284 -207 -282 -128 -280 -80 -279 -14 -275 40 -228 154 -217 219 -164 300 -162 308 -115 361 -100 386 -39 443 20 477 128 488 125 490 193 498 193 498 257 492 299 471 361 397 403 355 408 344 430 298 423 243 412 183 414 122 416 33 415 -16 412 -88 410 -158 407 -219 404 -285 499 -327 499 -327 -158 -204 -160 -182 -162 -127 -162 -61 -160 -14 -159 38 -131 151 -112 219 -72 300 -61 314 -32 357 -2 389 57 451 87 476 108 500 494 193 494 193 498 104 500 10 500 -44 498 -112 500 -178 494 -231 487 -300 0 0 2 79 2 48 1 66 4 54 47 114 11 65 53 81 2 8 47 53 15 25 61 57 59 34 108 11 -3 2 68 8 0 0 64 -6 42 -21 62 -74 42 -42 5 -11 22 -46 -7 -55 -11 -60 2 -61 2 -89 -1 -49 -3 -72 -2 -70 -3 -61 -3 -66 95 -42 0 0 -657 123 -2 22 -2 55 0 66 2 47 1 52 28 113 19 68 40 81 11 14 29 43 30 32 59 62 30 25 21 24 386 -307 0 0 4 -89 2 -94 0 -54 -2 -68 2 -66 -6 -53 -7 -69 0 0 0 0 0 0 0 0 0 0 0 0 0 0 0 0 0 0 0 0 0 0 0 0 0 0 0 0 0 0 0 0 0 0 0 0 0 0 0 0 0 0 0 0 0 0 0 0 0 0 0 0 0 0 0 0 0 0 0 0 0 0 0 0 0 0 
0 0 0 0 0 1 0 0 0 0 0 0 
-144 -243 -144 -243 -177 -133 -186 -44 -187 36 -181 116 -174 154 -135 247 -132 256 -72 351 -67 360 -24 404 4 438 27 461 263 500 260 500 282 483 365 391 431 281 431 281 499 103 499 59 497 4 499 -67 499 -135 457 -228 452 -237 440 -273 428 -364 419 -408 -297 -274 -297 -274 -316 -210 -336 -124 -342 -54 -343 29 -339 111 -335 143 -207 151 -194 189 -281 270 -281 270 -227 364 -222 373 -172 426 -161 453 -103 472 21 485 30 487 95 497 128 500 184 500 258 485 258 485 291 457 309 434 380 364 388 350 431 276 447 227 483 109 494 56 498 8 500 -59 495 -120 474 -208 464 -240 459 -272 455 -360 459 -417 323 -411 323 -411 0 0 -33 110 -9 89 -1 80 6 80 7 38 39 93 3 9 60 95 5 9 43 44 28 34 23 23 236 39 -3 0 22 -17 83 -92 66 -110 0 0 68 -178 0 -44 -2 -55 2 -71 0 -68 -42 -93 -5 -9 -12 -36 -12 -91 -9 -44 -716 134 0 0 -19 64 -20 86 -6 70 -1 83 4 82 4 32 128 8 13 38 -87 81 0 0 54 94 5 9 50 53 11 27 58 19 124 13 9 2 65 10 33 3 56 0 74 -15 0 0 33 -28 18 -23 71 -70 8 -14 43 -74 16 -49 36 -118 11 -53 4 -48 2 -67 -5 -61 -21 -88 -10 -32 -5 -32 -4 -88 4 -57 -136 6 0 0 0 0 0 0 0 0 0 0 0 0 0 0 0 0 
0 0 0 0 0 1 0 0 0 0 0 0 
497 500 -308 -317 -320 -280 -324 -243 -330 -188 -330 -118 -327 -39 -317 30 -270 127 -259 195 -255 210 -187 298 -187 298 -187 298 -132 381 -86 427 -70 440 -4 478 60 500 107 500 197 484 211 469 261 432 285 401 336 335 356 293 410 223 419 203 425 173 496 13 496 13 496 13 500 -114 500 -173 498 -221 493 -276 490 -313 -182 -311 -182 -311 -203 -252 -211 -222 -217 -165 -219 -105 -215 -16 -206 52 -182 153 -166 215 -154 250 -154 250 -106 348 -103 355 -78 380 -34 431 -3 465 33 483 106 497 146 500 195 495 229 483 282 444 306 415 335 373 368 314 399 247 414 222 432 174 451 121 468 66 484 9 491 -29 499 -121 499 -181 498 -245 495 -291 492 -341 484 -405 -805 -817 -12 37 -4 37 -6 55 0 70 3 79 10 69 47 97 11 68 4 15 68 88 0 0 0 0 55 83 46 46 16 13 66 38 64 22 47 0 90 -16 14 -15 50 -37 24 -31 51 -66 20 -42 54 -70 9 -20 6 -30 71 -160 0 0 0 0 4 -127 0 -59 -2 -48 -5 -55 -3 -37 -672 2 0 0 -21 59 -8 30 -6 57 -2 60 4 89 9 68 24 101 16 62 12 35 0 0 48 98 3 7 25 25 44 51 31 34 36 18 73 14 40 3 49 -5 34 -12 53 -39 24 -29 29 -42 33 -59 31 -67 15 -25 18 -48 19 -53 17 -55 16 -57 7 -38 8 -92 0 -60 -1 -64 -3 -46 -3 -50 
0 0 0 0 0 1 0 0 0 0 0 0 
-203 -294 -203 -294 -211 -273 -213 -264 -231 -180 -234 -60 -226 -21 -213 55 -203 120 -201 150 -162 232 -152 253 -150 260 -145 270 -98 326 -92 333 -88 339 -68 356 -25 395 -7 412 35 449 46 460 79 477 118 492 165 498 238 496 304 479 325 470 378 434 396 419 415 397 428 337 467 275 473 253 489 172 495 103 499 21 493 -62 487 -133 477 -219 472 -286 469 -311 469 -313 470 -316 470 -316 -316 -284 -343 -245 -348 -235 -361 -162 -340 -59 -327 -19 -317 66 -309 132 -236 262 -236 262 -236 262 -160 346 -160 346 -160 346 -123 367 -81 423 -42 429 -9 463 37 474 56 485 124 497 173 500 275 493 337 480 345 476 414 427 419 423 499 -320 499 -320 0 0 -8 21 -2 9 -18 84 -3 120 8 39 13 76 10 65 2 30 39 82 10 21 2 7 5 10 47 56 6 7 4 6 20 17 43 39 18 17 42 37 11 11 33 17 39 15 47 6 73 -2 66 -17 21 -9 53 -36 18 -15 19 -22 13 -60 39 -62 6 -22 16 -81 6 -69 4 -82 -6 -83 -6 -71 -10 -86 -5 -67 -3 -25 0 -2 1 -3 0 0 -786 32 -27 39 -5 10 -13 73 21 103 13 40 10 85 8 66 73 130 0 0 0 0 76 84 0 0 0 0 37 21 42 56 39 6 33 34 46 11 19 11 68 12 49 3 102 -7 62 -13 8 -4 69 -49 5 -4 80 -743 0 0 0 0 0 0 0 0 
0 0 0 0 0 1 0 0 0 0 0 0 
-155 -271 -284 -271 -297 -254 -322 -172 -326 -77 -325 -29 -319 29 -190 43 -174 87 -162 121 -262 167 -262 167 -136 249 -96 310 -191 344 -169 359 -142 390 -20 400 -5 417 27 441 51 461 61 468 102 483 161 495 225 499 272 483 307 466 366 410 402 359 415 330 434 291 458 196 467 135 490 55 499 -24 494 -67 494 -167 415 -262 415 -262 414 -298 411 -354 411 -356 411 -356 -159 -241 -172 -222 -192 -123 -196 -13 -196 43 -193 115 -162 217 -159 233 -89 436 -65 469 -39 500 496 -208 497 -252 497 -296 499 -346 -129 0 -13 17 -25 82 -4 95 1 48 6 58 129 14 16 44 12 34 -100 46 0 0 126 82 40 61 -95 34 22 15 27 31 122 10 15 17 32 24 24 20 10 7 41 15 59 12 64 4 47 -16 35 -17 59 -56 36 -51 13 -29 19 -39 24 -95 9 -61 23 -80 9 -79 -5 -43 0 -100 -79 -95 0 0 -1 -36 -3 -56 0 -2 0 0 -570 115 -13 19 -20 99 -4 110 0 56 3 72 31 102 3 16 70 203 24 33 26 31 535 -708 1 -44 0 -44 2 -50 0 0 0 0 0 0 0 0 0 0 0 0 0 0 0 0 0 0 0 0 0 0 0 0 0 0 0 0 0 0 0 0 0 0 0 0 0 0 0 0 0 0 0 0 0 0 0 0 0 0 0 0 0 0 0 0 0 0 0 0 0 0 0 0 0 0 0 0 0 0 
0 0 0 0 0 1 0 0 0 0 0 0 
500 500 -193 -192 -199 -160 -206 -92 -209 -54 -212 15 -209 81 -200 146 -193 203 -170 263 -146 322 -124 372 -177 412 -177 412 -177 412 -177 412 -121 500 500 311 480 210 480 210 486 135 482 -192 482 -192 -218 -207 -346 -207 -347 -182 -346 -127 -345 -81 -342 -16 -339 54 -339 117 -334 169 -284 234 -277 276 -272 306 -154 333 -134 360 -122 379 -107 398 -61 446 -57 452 -12 486 35 494 99 498 161 496 227 494 261 482 311 446 340 408 363 379 400 322 419 274 456 238 456 238 487 157 490 144 498 90 500 77 495 -18 490 -102 486 -176 489 -218 486 -264 454 -329 389 -345 -693 -692 -6 32 -7 68 -3 38 -3 69 3 66 9 65 7 57 23 60 24 59 22 50 -53 40 0 0 0 0 0 0 56 88 621 -189 -20 -101 0 0 6 -75 -4 -327 0 0 -700 -15 -128 0 -1 25 1 55 1 46 3 65 3 70 0 63 5 52 50 65 7 42 5 30 118 27 20 27 12 19 15 19 46 48 4 6 45 34 47 8 64 4 62 -2 66 -2 34 -12 50 -36 29 -38 23 -29 37 -57 19 -48 37 -36 0 0 31 -81 3 -13 8 -54 2 -13 -5 -95 -5 -84 -4 -74 3 -42 -3 -46 -32 -65 -65 -16 0 0 0 0 0 0 0 0 0 0 0 0 0 0 0 0 0 0 0 0 0 0 0 0 0 0 0 0 0 0 0 0 0 0 0 0 0 0 0 0 0 0 
0 0 0 0 0 1 0 0 0 0 0 0 
-231 -302 -239 -247 -246 -178 -248 69 -244 84 -220 200 -183 300 -179 311 -206 429 -206 429 -206 429 -123 467 188 498 281 398 281 398 309 389 420 316 424 311 467 220 471 209 487 151 499 69 496 -262 485 -398 -233 -312 -357 -314 -350 -282 -345 -219 -248 -194 -252 -177 -265 -101 -261 -4 -337 71 -337 71 -334 145 -215 204 -189 251 -277 280 -277 280 -151 341 -151 341 -126 383 -115 400 -115 400 -143 451 -88 464 -3 487 11 491 51 500 100 500 160 485 184 464 254 428 276 409 273 392 272 375 407 284 332 278 332 278 447 208 397 168 397 168 393 149 391 63 495 -12 494 -50 494 -67 499 -141 495 -202 487 -248 382 -312 483 -362 479 -390 386 -459 386 -459 -8 55 -7 69 -2 247 4 15 24 116 37 100 4 11 -27 118 0 0 0 0 83 38 311 31 93 -100 0 0 28 -9 111 -73 4 -5 43 -91 4 -11 16 -58 12 -82 -3 -331 -11 -136 -718 86 -124 -2 7 32 5 63 97 25 -4 17 -13 76 4 97 -76 75 0 0 3 74 119 59 26 47 -88 29 0 0 126 61 0 0 25 42 11 17 0 0 -28 51 55 13 85 23 14 4 40 9 49 0 60 -15 24 -21 70 -36 22 -19 -3 -17 -1 -17 135 -91 -75 -6 0 0 115 -70 -50 -40 0 0 -4 -19 -2 -86 104 -75 -1 -38 0 -17 5 -74 -4 -61 -8 -46 -105 -64 101 -50 -4 -28 -93 -69 0 0 0 0 
0 0 0 0 0 1 0 0 0 0 0 0 
499 500 -178 -286 -194 -247 -217 -177 -229 -83 -237 -17 -237 51 -233 106 -228 175 -172 350 -168 356 -107 446 -106 450 -89 467 -80 476 190 500 201 489 209 448 280 363 280 363 311 352 394 311 394 305 415 277 427 256 453 173 477 87 496 -12 499 -66 496 -132 456 -307 458 -431 -298 -294 -298 -294 -319 -252 -335 -184 -341 -109 -338 -35 -336 35 -336 90 -338 161 -206 271 -203 283 -276 359 -276 359 -218 449 -212 457 -151 476 -148 481 -49 483 -34 487 1 493 94 500 144 497 181 495 275 460 275 460 300 434 300 434 290 380 290 380 286 346 289 323 353 239 353 239 422 75 422 75 410 -29 409 -88 409 -144 499 -189 470 -252 466 -271 351 -348 339 -447 472 -460 472 -460 -677 -786 -16 39 -23 70 -12 94 -8 66 0 68 4 55 5 69 56 175 4 6 61 90 1 4 17 17 9 9 270 24 11 -11 8 -41 71 -85 0 0 31 -11 83 -41 0 -6 21 -28 12 -21 26 -83 24 -86 19 -99 3 -54 -3 -66 -40 -175 2 -124 -756 137 0 0 -21 42 -16 68 -6 75 3 74 2 70 0 55 -2 71 132 110 3 12 -73 76 0 0 58 90 6 8 61 19 3 5 99 2 15 4 35 6 93 7 50 -3 37 -2 94 -35 0 0 25 -26 0 0 -10 -54 0 0 -4 -34 3 -23 64 -84 0 0 69 -164 0 0 -12 -104 -1 -59 0 -56 90 -45 -29 -63 -4 -19 -115 -77 
0 0 0 0 0 1 0 0 0 0 0 0 
-278 -251 -282 -188 -281 -72 -277 -8 -230 105 -227 133 -222 197 -197 246 -161 317 -111 366 -107 377 -56 433 -45 450 28 495 30 499 495 -465 499 -469 -135 -266 -135 -266 -147 -202 -152 -112 -157 -50 -130 78 -123 101 -111 150 -101 202 -64 272 -27 329 -14 344 13 380 43 405 73 452 107 482 107 482 156 494 203 498 257 490 299 467 332 414 366 372 381 340 392 308 408 262 431 196 452 122 466 63 474 -8 480 -93 475 -158 499 -230 484 -264 466 -329 427 -420 428 -450 358 -479 358 -479 478 -473 478 -473 -4 63 1 116 4 64 47 113 3 28 5 64 25 49 36 71 50 49 4 11 51 56 11 17 73 45 2 4 465 -964 4 -4 -634 203 0 0 -12 64 -5 90 -5 62 27 128 7 23 12 49 10 52 37 70 37 57 13 15 27 36 30 25 30 47 34 30 0 0 49 12 47 4 54 -8 42 -23 33 -53 34 -42 15 -32 11 -32 16 -46 23 -66 21 -74 14 -59 8 -71 6 -85 -5 -65 24 -72 -15 -34 -18 -65 -39 -91 1 -30 -70 -29 0 0 120 6 0 0 0 0 0 0 0 0 0 0 0 0 0 0 0 0 0 0 0 0 0 0 0 0 0 0 0 0 0 0 0 0 0 0 0 0 0 0 0 0 0 0 0 0 0 0 0 0 0 0 0 0 0 0 0 0 0 0 0 0 0 0 0 0 0 0 0 0 0 0 0 0 
0 0 0 0 0 1 0 0 0 0 0 0 
-128 -179 -128 -179 -155 -179 -162 -149 -167 -68 -164 -9 -160 50 -148 110 -119 188 -111 213 -83 259 -66 289 -57 308 -43 331 -5 379 30 411 88 452 103 464 166 489 223 498 286 478 363 422 403 367 409 358 446 291 462 264 472 241 482 206 486 158 466 98 454 59 447 29 446 -6 443 -82 442 -149 442 -220 499 -312 494 -324 486 -388 -294 -201 -294 -201 -296 -174 -295 -56 -291 4 -285 67 -245 131 -236 183 -176 305 -176 305 -176 305 -155 328 -120 382 -65 420 -19 452 -5 470 43 493 110 500 242 429 242 429 284 359 287 350 339 264 347 239 348 233 353 203 496 18 496 18 496 18 496 18 500 -97 500 -169 498 -230 0 0 -27 0 -7 30 -5 81 3 59 4 59 12 60 29 78 8 25 28 46 17 30 9 19 14 23 38 48 35 32 58 41 15 12 63 25 57 9 63 -20 77 -56 40 -55 6 -9 37 -67 16 -27 10 -23 10 -35 4 -48 -20 -60 -12 -39 -7 -30 -1 -35 -3 -76 -1 -67 0 -71 57 -92 -5 -12 -8 -64 -780 187 0 0 -2 27 1 118 4 60 6 63 40 64 9 52 60 122 0 0 0 0 21 23 35 54 55 38 46 32 14 18 48 23 67 7 132 -71 0 0 42 -70 3 -9 52 -86 8 -25 1 -6 5 -30 143 -185 0 0 0 0 0 0 4 -115 0 -72 -2 -61 0 0 0 0 0 0 0 0 0 0 0 0 0 0 
0 0 0 0 0 1 0 0 0 0 0 0 
-198 -169 -201 -141 -204 -76 -204 36 -201 101 -177 242 -155 322 322 500 332 451 496 276 486 -161 493 -446 499 -449 -343 -215 -343 -215 -345 -137 -342 -30 -338 35 -290 162 -282 212 -167 275 -165 312 -150 355 -124 405 -95 430 -42 470 -8 482 42 497 109 500 166 480 236 437 278 405 313 355 361 307 361 307 351 245 436 187 436 135 437 50 442 -37 452 -122 439 -167 499 -232 418 -342 429 -380 432 -392 339 -480 339 -480 339 -480 -3 28 -3 65 0 112 3 65 24 141 22 80 477 178 10 -49 164 -175 -10 -437 7 -285 6 -3 -842 234 0 0 -2 78 3 107 4 65 48 127 8 50 115 63 2 37 15 43 26 50 29 25 53 40 34 12 50 15 67 3 57 -20 70 -43 42 -32 35 -50 48 -48 0 0 -10 -62 85 -58 0 -52 1 -85 5 -87 10 -85 -13 -45 60 -65 -81 -110 11 -38 3 -12 -93 -88 0 0 0 0 0 0 0 0 0 0 0 0 0 0 0 0 0 0 0 0 0 0 0 0 0 0 0 0 0 0 0 0 0 0 0 0 0 0 0 0 0 0 0 0 0 0 0 0 0 0 0 0 0 0 0 0 0 0 0 0 0 0 0 0 0 0 0 0 0 0 0 0 0 0 0 0 0 0 0 0 0 0 0 0 0 0 0 0 0 0 0 0 0 0 0 0 0 0 0 0 0 0 0 0 0 0 0 0 0 0 
0 0 0 0 0 1 0 0 0 0 0 0 
228 -116 196 -110 141 -46 112 4 99 65 99 105 115 184 131 228 131 273 51 319 48 328 379 453 379 453 498 500 127 -119 -104 -147 -129 -136 -165 -84 -176 -44 -179 37 -171 75 -176 155 -171 212 -157 252 44 266 24 279 140 346 140 346 140 346 124 384 99 430 256 445 270 468 356 489 500 500 500 500 -32 6 -55 64 -29 50 -13 61 0 40 16 79 16 44 0 45 -80 46 -3 9 331 125 0 0 119 47 -371 -619 -231 -28 -25 11 -36 52 -11 40 -3 81 8 38 -5 80 5 57 14 40 201 14 -20 13 116 67 0 0 0 0 -16 38 -25 46 157 15 14 23 86 21 144 11 0 0 0 0 0 0 0 0 0 0 0 0 0 0 0 0 0 0 0 0 0 0 0 0 0 0 0 0 0 0 0 0 0 0 0 0 0 0 0 0 0 0 0 0 0 0 0 0 0 0 0 0 0 0 0 0 0 0 0 0 0 0 0 0 0 0 0 0 0 0 0 0 0 0 0 0 0 0 0 0 0 0 0 0 0 0 0 0 0 0 0 0 0 0 0 0 0 0 0 0 0 0 0 0 0 0 0 0 0 0 0 0 0 0 0 0 0 0 0 0 0 0 0 0 0 0 0 0 0 0 0 0 0 0 0 0 0 0 0 0 0 0 0 0 0 0 0 0 0 0 0 0 0 0 0 0 0 0 0 0 
0 0 0 0 0 1 0 0 0 0 0 0 
379 498 379 498 500 -359 162 500 186 497 214 493 285 481 357 434 357 434 402 334 416 296 449 218 484 147 494 67 495 27 499 -27 494 -96 485 -172 465 -239 446 -271 451 -317 469 -336 0 0 121 -857 -338 859 24 -3 28 -4 71 -12 72 -47 0 0 45 -100 14 -38 33 -78 35 -71 10 -80 1 -40 4 -54 -5 -69 -9 -76 -20 -67 -19 -32 5 -46 18 -19 0 0 0 0 0 0 0 0 0 0 0 0 0 0 0 0 0 0 0 0 0 0 0 0 0 0 0 0 0 0 0 0 0 0 0 0 0 0 0 0 0 0 0 0 0 0 0 0 0 0 0 0 0 0 0 0 0 0 0 0 0 0 0 0 0 0 0 0 0 0 0 0 0 0 0 0 0 0 0 0 0 0 0 0 0 0 0 0 0 0 0 0 0 0 0 0 0 0 0 0 0 0 0 0 0 0 0 0 0 0 0 0 0 0 0 0 0 0 0 0 0 0 0 0 0 0 0 0 0 0 0 0 0 0 0 0 0 0 0 0 0 0 0 0 0 0 0 0 0 0 0 0 0 0 0 0 0 0 0 0 0 0 0 0 0 0 0 0 0 0 0 0 0 0 0 0 0 0 0 0 0 0 0 0 0 0 0 0 0 0 0 0 0 0 0 0 0 0 0 0 0 0 0 0 0 0 0 0 0 0 0 0 0 0 
0 0 0 0 0 1 0 0 0 0 0 0 
-181 -260 -324 -262 -324 -262 -324 -192 -323 -96 -323 -40 -320 31 -309 101 -264 149 -258 175 -130 260 -165 308 -61 351 -61 351 -30 387 10 436 49 462 96 484 162 498 171 498 249 479 309 450 327 433 384 380 400 354 400 354 371 279 368 253 368 248 499 120 433 62 433 62 436 -91 437 -171 437 -250 437 -315 434 -390 428 -462 -196 -261 -202 -232 -213 -155 -213 -98 -212 -21 -209 19 -206 95 -191 129 -167 189 -190 326 -191 333 -144 395 -114 434 -80 462 -21 486 20 496 30 498 113 484 161 458 183 438 243 386 250 369 371 268 399 230 415 199 468 81 479 55 495 -110 497 -184 500 -258 500 -311 500 -386 -143 -2 0 0 0 70 1 96 0 56 3 71 11 70 45 48 6 26 128 85 -35 48 104 43 0 0 31 36 40 49 39 26 47 22 66 14 9 0 78 -19 60 -29 18 -17 57 -53 16 -26 0 0 -29 -75 -3 -26 0 -5 131 -128 -66 -58 0 0 3 -153 1 -80 0 -79 0 -65 -3 -75 -6 -72 -624 201 -6 29 -11 77 0 57 1 77 3 40 3 76 15 34 24 60 -23 137 -1 7 47 62 30 39 34 28 59 24 41 10 10 2 83 -14 48 -26 22 -20 60 -52 7 -17 121 -101 28 -38 16 -31 53 -118 11 -26 16 -165 2 -74 3 -74 0 -53 0 -75 0 0 0 0 0 0 0 0 0 0 0 0 0 0 0 0 0 0 0 0 0 0 
0 0 0 0 0 1 0 0 0 0 0 0 
