-165 -279 -165 -279 -185 -242 -226 -138 -231 -39 -228 18 -250 138 -196 188 -196 188 -149 343 -119 409 -92 433 -87 436 -44 361 -39 351 -8 268 -66 207 39 138 49 93 64 39 97 -29 119 -85 155 -140 186 -191 231 -234 248 -242 306 -260 384 -239 410 -215 410 -215 386 -148 385 -138 474 -125 477 -101 490 15 499 69 438 135 438 135 442 268 446 311 468 398 468 398 453 500 -293 -268 -324 -193 -346 -103 -350 2 -253 170 -269 204 -242 403 -198 484 -189 498 20 218 231 -235 291 -224 306 -201 462 -106 462 -106 495 137 498 156 500 316 497 338 497 338 0 0 -20 37 -41 104 -5 99 3 57 -22 120 54 50 0 0 47 155 30 66 27 24 5 3 43 -75 5 -10 31 -83 -58 -61 105 -69 10 -45 15 -54 33 -68 22 -56 36 -55 31 -51 45 -43 17 -8 58 -18 78 21 26 24 0 0 -24 67 -1 10 89 13 3 24 13 116 9 54 -61 66 0 0 4 133 4 43 22 87 0 0 -15 102 -746 -768 -31 75 -22 90 -4 105 97 168 -16 34 27 199 44 81 9 14 209 -280 211 -453 60 11 15 23 156 95 0 0 33 243 3 19 2 160 -3 22 0 0 0 0 0 0 0 0 0 0 0 0 0 0 0 0 0 0 0 0 0 0 0 0 0 0 0 0 0 0 0 0 0 0 0 0 0 0 0 0 0 0 0 0 0 0 0 0 0 0 0 0 
0 0 0 0 0 0 0 0 0 0 1 0 
-235 -206 -300 -30 -300 -30 -302 123 -299 250 -299 374 -297 498 78 446 78 446 209 295 209 295 228 268 241 243 449 -75 472 -79 500 -34 -153 -318 -153 -318 -170 -276 -222 -142 -223 -139 -234 -61 -235 22 -233 100 -225 178 -222 215 -198 321 -193 330 -163 379 -125 399 -67 389 -42 367 6 289 25 237 49 205 61 181 65 169 39 78 34 49 33 39 34 26 135 -31 149 -63 161 -100 197 -149 255 -193 209 -218 294 -198 375 -181 422 -142 422 -142 452 -71 478 -14 498 73 499 144 494 252 471 333 454 367 426 431 403 463 378 497 375 500 -65 176 0 0 -2 153 3 127 0 124 2 124 375 -52 0 0 131 -151 0 0 19 -27 13 -25 208 -318 23 -4 28 45 -653 -284 0 0 -17 42 -52 134 -1 3 -11 78 -1 83 2 78 8 78 3 37 24 106 5 9 30 49 38 20 58 -10 25 -22 48 -78 19 -52 24 -32 12 -24 4 -12 -26 -91 -5 -29 -1 -10 1 -13 101 -57 14 -32 12 -37 36 -49 58 -44 -46 -25 85 20 81 17 47 39 0 0 30 71 26 57 20 87 1 71 -5 108 -23 81 -17 34 -28 64 -23 32 -25 34 -3 3 0 0 0 0 0 0 0 0 0 0 0 0 0 0 0 0 0 0 0 0 0 0 0 0 0 0 0 0 0 0 0 0 0 0 0 0 0 0 0 0 0 0 0 0 0 0 0 0 0 0 0 0 0 0 
0 0 0 0 0 0 0 0 0 0 1 0 
-33 -406 -33 -406 -55 -369 -87 -284 -87 -284 -293 292 -293 292 130 500 194 414 176 357 500 -218 500 -218 493 -247 -161 -414 -257 -399 -161 -414 -293 -332 -293 -332 -271 -244 -271 -244 -271 -244 -267 -167 -281 -59 -283 54 -275 128 -259 198 -259 198 -255 270 -236 355 -203 414 -190 422 -138 432 -98 435 -105 443 -81 399 3 329 0 319 59 206 59 206 98 28 113 -23 149 -115 153 -123 164 -180 225 -244 281 -345 281 -345 281 -345 320 -378 370 -386 414 -360 438 -306 450 -244 481 -144 492 -56 495 74 499 172 475 298 457 353 421 422 400 456 387 474 353 500 0 0 -22 37 -32 85 0 0 -206 576 0 0 423 208 64 -86 -18 -57 324 -575 0 0 -7 -29 -654 -167 -96 15 96 -15 -132 82 0 0 22 88 0 0 0 0 4 77 -14 108 -2 113 8 74 16 70 0 0 4 72 19 85 33 59 13 8 52 10 40 3 -7 8 24 -44 84 -70 -3 -10 59 -113 0 0 39 -178 15 -51 36 -92 4 -8 11 -57 61 -64 56 -101 0 0 0 0 39 -33 50 -8 44 26 24 54 12 62 31 100 11 88 3 130 4 98 -24 126 -18 55 -36 69 -21 34 -13 18 -34 26 0 0 0 0 0 0 0 0 0 0 0 0 0 0 0 0 0 0 0 0 0 0 0 0 0 0 0 0 0 0 0 0 0 0 0 0 0 0 0 0 0 0 0 0 0 0 0 0 0 0 
0 0 0 0 0 0 0 0 0 0 1 0 
500 500 -167 -223 -197 -177 -222 -110 -234 -59 -259 41 -272 105 -273 151 -262 249 -254 285 -244 347 -230 411 -223 424 -191 475 -148 498 -118 493 -46 434 -21 380 6 331 29 262 88 92 -16 105 -16 105 36 -59 68 -110 84 -141 133 -187 159 -200 192 -205 235 -203 260 -187 300 -161 358 -107 369 -82 383 -30 426 79 499 313 489 370 454 439 443 475 -311 -234 -311 -234 -343 -180 -360 -122 -369 -66 -393 40 -401 106 -403 157 -384 246 -377 282 -364 358 -331 427 -315 447 -304 478 -270 498 -210 488 -152 432 -136 389 -96 320 -86 272 -76 221 74 86 77 78 126 -45 138 -86 171 -127 216 -165 248 -190 291 -195 326 -190 356 -173 389 -155 433 -104 455 -73 468 -38 498 78 499 139 365 305 365 305 327 422 314 463 311 491 -667 -723 -30 46 -25 67 -12 51 -25 100 -13 64 -1 46 11 98 8 36 10 62 14 64 7 13 32 51 43 23 30 -5 72 -59 25 -54 27 -49 23 -69 59 -170 -104 13 0 0 52 -164 32 -51 16 -31 49 -46 26 -13 33 -5 43 2 25 16 40 26 58 54 11 25 14 52 43 109 73 234 -10 57 -35 69 -11 36 -754 -709 0 0 -32 54 -17 58 -9 56 -24 106 -8 66 -2 51 19 89 7 36 13 76 33 69 16 20 11 31 34 20 60 -10 58 -56 16 -43 40 -69 10 -48 10 -51 150 -135 3 -8 49 -123 12 -41 33 -41 45 -38 32 -25 43 -5 
0 0 0 0 0 0 0 0 0 0 1 0 
-87 431 -87 431 -87 431 -87 431 -96 498 498 182 -143 -426 -157 -414 -169 -401 -195 -372 -206 -348 -235 -274 -257 -223 -273 -139 -308 -36 -317 -14 -313 53 -327 117 -331 132 -335 151 -336 169 -338 205 -336 223 -260 198 -267 252 -269 284 -248 345 -226 365 -176 409 -165 414 -92 406 -48 387 6 306 16 259 59 142 76 63 93 -22 149 -78 149 -78 184 -215 240 -289 293 -325 348 -333 412 -299 444 -252 461 -235 485 -176 488 -110 495 -44 499 36 499 63 494 164 490 269 468 350 449 397 438 458 397 500 0 0 0 0 0 0 -9 67 594 -316 -641 -608 -14 12 -12 13 -26 29 -11 24 -29 74 -22 51 -16 84 -35 103 -9 22 4 67 -14 64 -4 15 -4 19 -1 18 -2 36 2 18 76 -25 -7 54 -2 32 21 61 22 20 50 44 11 5 73 -8 44 -19 54 -81 10 -47 43 -117 17 -79 17 -85 56 -56 0 0 35 -137 56 -74 53 -36 55 -8 64 34 32 47 17 17 24 59 3 66 7 66 4 80 0 27 -5 101 -4 105 -22 81 -19 47 -11 61 -41 42 0 0 0 0 0 0 0 0 0 0 0 0 0 0 0 0 0 0 0 0 0 0 0 0 0 0 0 0 0 0 0 0 0 0 0 0 0 0 0 0 0 0 0 0 0 0 0 0 0 0 0 0 0 0 0 0 0 0 0 0 0 0 0 0 0 0 0 0 0 0 0 0 0 0 
0 0 0 0 0 0 0 0 0 0 1 0 
-209 -281 -242 -216 -251 -178 -259 -113 -262 -40 -261 33 -187 330 -176 337 -114 319 -93 305 -86 296 -26 220 -19 198 -11 154 53 11 112 -113 112 -113 112 -113 217 -216 227 -220 275 -220 302 -209 357 -183 418 -138 422 -131 432 -98 487 -6 497 37 500 120 446 283 446 283 477 395 480 408 444 488 440 500 -237 -285 -357 -285 -369 -259 -389 -189 -398 -127 -402 -54 -401 21 -295 96 -288 145 -280 186 -254 252 -222 298 -136 320 -136 320 -66 294 -47 285 -26 263 11 204 22 180 43 114 45 101 99 -21 103 -43 168 -160 168 -162 227 -204 266 -219 301 -219 326 -210 376 -184 418 -145 445 -114 453 -98 480 -10 492 30 499 112 498 151 461 290 459 296 365 312 383 380 291 421 291 421 250 481 241 498 240 498 -33 65 -9 38 -8 65 -3 73 1 73 74 297 11 7 62 -18 21 -14 7 -9 60 -76 7 -22 8 -44 64 -143 59 -124 0 0 0 0 105 -103 10 -4 48 0 27 11 55 26 61 45 4 7 10 33 55 92 10 43 3 83 -54 163 0 0 31 112 3 13 -36 80 -4 12 -677 -785 -120 0 -12 26 -20 70 -9 62 -4 73 1 75 106 75 7 49 8 41 26 66 32 46 86 22 0 0 70 -26 19 -9 21 -22 37 -59 11 -24 21 -66 2 -13 54 -122 4 -22 65 -117 0 -2 59 -42 39 -15 35 0 25 9 50 26 42 39 27 31 8 16 27 88 12 40 
0 0 0 0 0 0 0 0 0 0 1 0 
497 488 -184 -391 -283 -396 -283 -396 -309 -330 -356 -256 -371 -222 -381 -129 -385 -29 -385 68 -382 158 -378 180 -376 249 -345 342 -340 349 -285 376 -212 332 -144 256 -143 249 -90 136 -83 102 -26 -26 -22 -48 39 -166 75 -242 97 -271 136 -330 147 -342 190 -364 255 -376 304 -361 327 -342 394 -295 398 -271 436 -217 458 -168 468 -56 484 9 498 66 500 139 481 237 465 315 452 422 426 469 409 498 -681 -879 -99 -5 0 0 -26 66 -47 74 -15 34 -10 93 -4 100 0 97 3 90 4 22 2 69 31 93 5 7 55 27 73 -44 68 -76 1 -7 53 -113 7 -34 57 -128 4 -22 61 -118 36 -76 22 -29 39 -59 11 -12 43 -22 65 -12 49 15 23 19 67 47 4 24 38 54 22 49 10 112 16 65 14 57 2 73 -19 98 -16 78 -13 107 -26 47 -17 29 0 0 0 0 0 0 0 0 0 0 0 0 0 0 0 0 0 0 0 0 0 0 0 0 0 0 0 0 0 0 0 0 0 0 0 0 0 0 0 0 0 0 0 0 0 0 0 0 0 0 0 0 0 0 0 0 0 0 0 0 0 0 0 0 0 0 0 0 0 0 0 0 0 0 0 0 0 0 0 0 0 0 0 0 0 0 0 0 0 0 0 0 0 0 0 0 0 0 0 0 0 0 0 0 0 0 0 0 0 0 0 0 0 0 0 0 0 0 0 0 0 0 
0 0 0 0 0 0 0 0 0 0 1 0 
498 498 -130 -290 -145 -278 -167 -245 -211 -181 -220 -160 -225 -113 -229 -63 -234 16 -236 101 -191 346 -137 426 -115 429 -61 386 -117 375 -117 375 35 228 78 125 83 108 130 21 105 -113 105 -113 105 -113 201 -207 209 -216 255 -228 310 -219 320 -207 372 -160 383 -127 433 -28 441 37 500 254 345 360 345 360 345 360 345 360 298 466 280 500 -141 -288 -254 -298 -272 -284 -290 -255 -322 -193 -334 -169 -349 -105 -351 -54 -355 23 -354 112 -242 245 -222 293 -299 369 -249 446 -209 448 -200 443 -53 374 -42 357 -38 348 -76 260 -26 121 -25 109 19 26 155 -54 155 -54 182 -100 221 -147 250 -174 281 -193 328 -205 390 -193 402 -186 444 -136 457 -112 496 -14 500 31 498 88 368 233 467 288 444 334 433 365 419 400 388 460 375 486 367 498 -628 -788 -15 12 -22 33 -44 64 -9 21 -5 47 -4 50 -5 79 -2 85 45 245 54 80 22 3 54 -43 -56 -11 0 0 152 -147 43 -103 5 -17 47 -87 -25 -134 0 0 0 0 96 -94 8 -9 46 -12 55 9 10 12 52 47 11 33 50 99 8 65 59 217 -155 106 0 0 0 0 0 0 -47 106 -18 34 -421 -788 -113 -10 -18 14 -18 29 -32 62 -12 24 -15 64 -2 51 -4 77 1 89 112 133 20 48 -77 76 50 77 40 2 9 -5 147 -69 11 -17 4 -9 -38 -88 50 -139 1 -12 44 -83 136 -80 0 0 27 -46 39 -47 29 -27 
0 0 0 0 0 0 0 0 0 0 1 0 
-284 -450 -284 -450 -284 -450 -309 -342 -317 -325 -326 -265 -382 -157 -382 -157 -392 -127 -395 -94 -394 15 -321 53 -325 101 -326 142 -293 247 -283 258 -271 288 -197 308 -197 308 -163 269 -104 183 -101 172 -66 40 -36 0 -32 -17 14 -120 75 -211 78 -226 130 -273 137 -286 181 -314 237 -329 306 -310 364 -267 368 -250 424 -187 445 -118 486 -56 497 -17 497 43 500 148 486 226 451 280 438 336 389 403 377 435 378 454 308 500 308 500 -130 -439 -130 -439 -269 -133 -269 -133 -269 -114 -279 53 -218 290 499 500 0 0 0 0 -25 108 -8 17 -9 60 -56 108 0 0 -10 30 -3 33 1 109 73 38 -4 48 -1 41 33 105 10 11 12 30 74 20 0 0 34 -39 59 -86 3 -11 35 -132 30 -40 4 -17 46 -103 61 -91 3 -15 52 -47 7 -13 44 -28 56 -15 69 19 58 43 4 17 56 63 21 69 41 62 11 39 0 60 3 105 -14 78 -35 54 -13 56 -49 67 -12 32 1 19 -70 46 0 0 -438 -939 0 0 -139 306 0 0 0 19 -10 167 61 237 717 210 0 0 0 0 0 0 0 0 0 0 0 0 0 0 0 0 0 0 0 0 0 0 0 0 0 0 0 0 0 0 0 0 0 0 0 0 0 0 0 0 0 0 0 0 0 0 0 0 0 0 0 0 0 0 0 0 0 0 0 0 0 0 0 0 0 0 0 0 0 0 0 0 0 0 
0 0 0 0 0 0 0 0 0 0 1 0 
499 496 -52 -219 -80 -174 -112 -53 -146 64 -156 158 -157 252 -134 351 -112 426 -73 482 -21 498 50 469 117 378 80 246 80 246 80 246 141 5 273 -93 197 -139 197 -139 197 -139 232 -233 253 -276 292 -308 307 -321 347 -332 380 -324 421 -300 484 -222 499 -168 -210 -291 -210 -291 -238 -250 -255 -172 -287 -52 -295 30 -294 108 -258 191 -246 254 -204 298 -145 320 -92 300 -29 224 89 156 89 156 115 102 121 71 123 41 83 -61 89 -91 204 -169 218 -191 226 -211 235 -254 281 -302 301 -318 329 -331 366 -337 392 -335 433 -318 487 -261 499 -239 433 -165 444 -137 452 -84 452 39 452 89 452 183 448 239 437 285 398 372 379 407 343 459 247 498 -551 -715 -28 45 -32 121 -34 117 -10 94 -1 94 23 99 22 75 39 56 52 16 71 -29 67 -91 -37 -132 0 0 0 0 61 -241 132 -98 -76 -46 0 0 0 0 35 -94 21 -43 39 -32 15 -13 40 -11 33 8 41 24 63 78 15 54 -709 -123 0 0 -28 41 -17 78 -32 120 -8 82 1 78 36 83 12 63 42 44 59 22 53 -20 63 -76 118 -68 0 0 26 -54 6 -31 2 -30 -40 -102 6 -30 115 -78 14 -22 8 -20 9 -43 46 -48 20 -16 28 -13 37 -6 26 2 41 17 54 57 12 22 -66 74 11 28 8 53 0 123 0 50 0 94 -4 56 -11 46 -39 87 -19 35 -36 52 -96 39 0 0 0 0 0 0 
0 0 0 0 0 0 0 0 0 0 1 0 
-68 -390 -68 -390 -197 103 -197 103 -197 103 -194 339 -194 376 -193 454 -196 499 153 37 500 456 -181 -418 -181 -418 -181 -418 -187 -347 -211 -290 -222 -193 -253 -114 -271 -36 -281 0 -283 14 -287 70 -291 180 -290 246 -288 317 -286 342 -214 349 -217 369 -218 432 -177 459 -128 457 -70 408 -9 342 44 254 49 229 51 205 113 63 114 -19 177 -114 177 -114 220 -264 223 -283 277 -366 319 -427 327 -440 338 -449 377 -454 441 -408 445 -386 492 -312 493 -244 492 -127 492 -39 493 66 500 158 497 259 438 312 441 342 443 364 406 462 395 498 0 0 -129 493 0 0 0 0 3 236 0 37 1 78 -3 45 349 -462 347 419 -681 -874 0 0 0 0 -6 71 -24 57 -11 97 -31 79 -18 78 -10 36 -2 14 -4 56 -4 110 1 66 2 71 2 25 72 7 -3 20 -1 63 41 27 49 -2 58 -49 61 -66 53 -88 5 -25 2 -24 62 -142 1 -82 63 -95 0 0 43 -150 3 -19 54 -83 42 -61 8 -13 11 -9 39 -5 64 46 4 22 47 74 1 68 -1 117 0 88 1 105 7 92 -3 101 -59 53 3 30 2 22 -37 98 -11 36 0 0 0 0 0 0 0 0 0 0 0 0 0 0 0 0 0 0 0 0 0 0 0 0 0 0 0 0 0 0 0 0 0 0 0 0 0 0 0 0 0 0 0 0 0 0 0 0 0 0 0 0 0 0 0 0 0 0 
0 0 0 0 0 0 0 0 0 0 1 0 
-91 -211 -91 -211 -120 -180 -148 -125 -167 -49 -175 5 -181 138 -170 253 -165 289 -141 373 -91 462 -91 462 -107 498 -18 496 2 480 17 464 40 441 70 378 102 310 105 297 121 206 138 109 147 54 165 -23 186 -120 200 -180 227 -245 260 -289 290 -310 351 -310 388 -292 433 -261 440 -253 478 -193 500 -133 445 -26 447 65 405 321 405 321 396 347 393 373 443 480 443 480 -253 -246 -267 -209 -291 -138 -302 -47 -303 10 -302 162 -299 256 -248 342 -244 387 -196 471 -33 500 496 -23 500 96 464 329 464 329 386 447 0 0 -29 31 -28 55 -19 76 -8 54 -6 133 11 115 5 36 24 84 50 89 0 0 -16 36 89 -2 20 -16 15 -16 23 -23 30 -63 32 -68 3 -13 16 -91 17 -97 9 -55 18 -77 21 -97 14 -60 27 -65 33 -44 30 -21 61 0 37 18 45 31 7 8 38 60 22 60 -55 107 2 91 -42 256 0 0 -9 26 -3 26 50 107 0 0 -696 -726 -14 37 -24 71 -11 91 -1 57 1 152 3 94 51 86 4 45 48 84 163 29 529 -523 4 119 -36 233 0 0 -78 118 0 0 0 0 0 0 0 0 0 0 0 0 0 0 0 0 0 0 0 0 0 0 0 0 0 0 0 0 0 0 0 0 0 0 0 0 0 0 0 0 0 0 0 0 0 0 0 0 0 0 0 0 0 0 0 0 0 0 0 0 0 0 0 0 0 0 
0 0 0 0 0 0 0 0 0 0 1 0 
-127 -447 -135 -425 -157 -374 -180 -276 -195 -217 -214 -166 -231 -73 -235 -63 -249 31 -254 161 -254 246 -255 261 -245 361 -216 442 -213 459 -172 498 -132 488 -104 459 -54 391 -42 349 0 264 13 168 59 56 65 34 71 -36 111 -144 120 -190 172 -312 188 -354 225 -413 265 -466 312 -476 334 -474 395 -430 427 -376 447 -342 458 -278 482 -173 499 -100 495 -14 477 95 470 171 468 227 449 361 425 432 421 447 415 496 -8 22 -22 51 -23 98 -15 59 -19 51 -17 93 -4 10 -14 94 -5 130 0 85 -1 15 10 100 29 81 3 17 41 39 40 -10 28 -29 50 -68 12 -42 42 -85 13 -96 46 -112 6 -22 6 -70 40 -108 9 -46 52 -122 16 -42 37 -59 40 -53 47 -10 22 2 61 44 32 54 20 34 11 64 24 105 17 73 -4 86 -18 109 -7 76 -2 56 -19 134 -24 71 -4 15 -6 49 0 0 0 0 0 0 0 0 0 0 0 0 0 0 0 0 0 0 0 0 0 0 0 0 0 0 0 0 0 0 0 0 0 0 0 0 0 0 0 0 0 0 0 0 0 0 0 0 0 0 0 0 0 0 0 0 0 0 0 0 0 0 0 0 0 0 0 0 0 0 0 0 0 0 0 0 0 0 0 0 0 0 0 0 0 0 0 0 0 0 0 0 0 0 0 0 0 0 0 0 0 0 0 0 0 0 0 0 0 0 0 0 0 0 
0 0 0 0 0 0 0 0 0 0 1 0 
500 498 -126 -261 -142 -253 -171 -208 -208 -149 -224 -93 -239 0 -245 76 -245 170 -236 276 -211 385 -282 421 -282 421 -216 492 -217 500 29 393 29 393 495 -60 499 -20 457 195 455 210 300 352 300 352 -118 -261 -243 -314 -254 -309 -284 -269 -325 -210 -339 -159 -349 -83 -349 12 -346 126 -346 246 -338 329 -205 385 -192 416 -181 439 -115 497 -115 497 -95 500 -32 459 -22 431 -27 418 -33 375 52 345 62 294 88 195 100 137 103 121 129 25 145 -53 179 -134 186 -147 215 -215 237 -246 273 -289 304 -304 363 -312 414 -291 453 -258 484 -218 499 -144 430 -48 430 -48 498 91 486 129 373 200 373 200 443 317 443 317 430 352 430 352 -626 -759 -16 8 -29 45 -37 59 -16 56 -15 93 -6 76 0 94 9 106 25 109 -71 36 0 0 66 71 -1 8 246 -107 0 0 466 -453 4 40 -42 215 -2 15 -155 142 0 0 -418 -613 -125 -53 -11 5 -30 40 -41 59 -14 51 -10 76 0 95 3 114 0 120 8 83 133 56 13 31 11 23 66 58 0 0 20 3 63 -41 10 -28 -5 -13 -6 -43 85 -30 10 -51 26 -99 12 -58 3 -16 26 -96 16 -78 34 -81 7 -13 29 -68 22 -31 36 -43 31 -15 59 -8 51 21 39 33 31 40 15 74 -69 96 0 0 68 139 -12 38 -113 71 0 0 70 117 0 0 -13 35 0 0 0 0 0 0 0 0 0 0 0 0 0 0 0 0 
0 0 0 0 0 0 0 0 0 0 1 0 
-173 -417 -173 -417 -192 -360 -269 -341 -262 -318 -338 -217 -338 -217 -338 -217 -320 -119 -322 -72 -328 25 -329 137 -320 256 -319 274 -307 367 -284 435 -257 479 -259 497 -206 500 -168 455 -146 419 -109 331 -86 264 -83 248 -39 119 -25 67 34 -88 34 -88 34 -88 82 -253 87 -274 92 -300 148 -380 189 -448 238 -471 293 -471 304 -466 381 -406 423 -321 434 -300 444 -230 476 -106 494 -54 500 67 497 176 493 230 461 341 453 386 425 448 -30 -388 -10 -341 16 -284 16 -266 122 500 500 -25 494 -44 0 0 -19 57 -77 19 7 23 -76 101 0 0 0 0 18 98 -2 47 -6 97 -1 112 9 119 1 18 12 93 23 68 27 44 -2 18 53 3 38 -45 22 -36 37 -88 23 -67 3 -16 44 -129 14 -52 59 -155 0 0 0 0 48 -165 5 -21 5 -26 56 -80 41 -68 49 -23 55 0 11 5 77 60 42 85 11 21 10 70 32 124 18 52 6 121 -3 109 -4 54 -32 111 -8 45 -28 62 -455 -836 20 47 26 57 0 18 106 766 378 -525 -6 -19 0 0 0 0 0 0 0 0 0 0 0 0 0 0 0 0 0 0 0 0 0 0 0 0 0 0 0 0 0 0 0 0 0 0 0 0 0 0 0 0 0 0 0 0 0 0 0 0 0 0 0 0 0 0 0 0 0 0 0 0 0 0 0 0 0 0 0 0 0 0 0 0 0 0 0 0 0 0 
0 0 0 0 0 0 0 0 0 0 1 0 
