500 498 459 451 357 456 286 471 181 491 163 486 120 500 -37 495 -142 497 -169 491 85 228 85 228 111 206 194 118 256 74 137 98 137 98 156 78 185 46 317 6 427 -103 446 -118 456 -135 500 -184 469 -269 469 -269 469 -269 144 -320 124 -317 21 -311 11 -311 -49 -309 -331 -296 499 433 499 433 397 451 355 462 260 476 196 485 196 485 28 498 -29 492 -81 487 -100 485 -156 476 -165 471 -136 412 -101 362 -44 317 -65 306 -49 267 -20 231 -20 231 -5 206 178 92 183 83 202 63 219 40 232 22 185 -22 185 -22 214 -56 236 -88 306 -167 429 -226 429 -226 447 -260 457 -283 460 -299 387 -342 345 -346 278 -342 244 -335 163 -321 122 -317 -48 -306 -48 -306 -132 -292 -140 -294 -200 -290 -193 -294 -221 -308 -223 -308 -41 -47 -102 5 -71 15 -105 20 -18 -5 -43 14 -157 -5 -105 2 -27 -6 254 -263 0 0 26 -22 83 -88 62 -44 -119 24 0 0 19 -20 29 -32 132 -40 110 -109 19 -15 10 -17 44 -49 -31 -85 0 0 0 0 -325 -51 -20 3 -103 6 -10 0 -60 2 -282 13 830 729 0 0 -102 18 -42 11 -95 14 -64 9 0 0 -168 13 -57 -6 -52 -5 -19 -2 -56 -9 -9 -5 29 -59 35 -50 57 -45 -21 -11 16 -39 29 -36 0 0 15 -25 183 -114 5 -9 19 -20 17 -23 13 -18 -47 -44 0 0 29 -34 22 -32 70 -79 123 -59 0 0 18 -34 10 -23 
0 0 0 0 0 0 0 1 0 0 0 0 
500 390 381 405 500 390 486 390 321 419 230 453 144 476 34 491 62 500 500 391 472 395 323 450 218 482 138 498 -119 15 119 -15 -14 0 -165 29 -91 34 -86 23 -110 15 28 9 438 -109 -28 4 -149 55 -105 32 -80 16 0 0 0 0 0 0 0 0 0 0 0 0 0 0 0 0 0 0 0 0 0 0 0 0 0 0 0 0 0 0 0 0 0 0 0 0 0 0 0 0 0 0 0 0 0 0 0 0 0 0 0 0 0 0 0 0 0 0 0 0 0 0 0 0 0 0 0 0 0 0 0 0 0 0 0 0 0 0 0 0 0 0 0 0 0 0 0 0 0 0 0 0 0 0 0 0 0 0 0 0 0 0 0 0 0 0 0 0 0 0 0 0 0 0 0 0 0 0 0 0 0 0 0 0 0 0 0 0 0 0 0 0 0 0 0 0 0 0 0 0 0 0 0 0 0 0 0 0 0 0 0 0 0 0 0 0 0 0 0 0 0 0 0 0 0 0 0 0 0 0 0 0 0 0 0 0 0 0 0 0 0 0 0 0 0 0 0 0 0 0 0 0 0 0 0 0 0 0 0 0 0 0 0 0 0 0 0 0 0 0 0 0 0 0 0 0 0 0 0 0 0 0 0 0 0 0 0 0 0 0 0 0 0 0 0 0 0 0 0 0 0 0 0 0 0 0 
0 0 0 0 0 0 0 1 0 0 0 0 
-181 499 -181 499 20 297 41 275 41 275 154 154 228 83 313 52 301 26 298 4 359 -74 424 -174 499 -303 10 -237 -86 -229 -105 -226 -161 500 -145 487 -124 468 -97 443 -97 443 -56 405 -12 355 38 302 61 283 78 264 144 193 152 180 152 180 152 180 246 -4 337 -23 349 -44 395 -98 406 -113 469 -199 469 -199 485 -228 493 -262 499 -277 499 -277 352 -323 293 -300 271 -296 212 -283 145 -273 126 -271 50 -264 20 -258 -146 -243 -249 -233 -259 -233 -278 -224 0 0 201 -202 21 -22 0 0 113 -121 74 -71 85 -31 -12 -26 -3 -22 61 -78 65 -100 75 -129 -489 66 -96 8 -19 3 -56 726 16 -13 21 -19 27 -25 0 0 41 -38 44 -50 50 -53 23 -19 17 -19 66 -71 8 -13 0 0 0 0 94 -184 91 -19 12 -21 46 -54 11 -15 63 -86 0 0 16 -29 8 -34 6 -15 0 0 -147 -46 -59 23 -22 4 -59 13 -67 10 -19 2 -76 7 -30 6 -166 15 -103 10 -10 0 -19 9 0 0 0 0 0 0 0 0 0 0 0 0 0 0 0 0 0 0 0 0 0 0 0 0 0 0 0 0 0 0 0 0 0 0 0 0 0 0 0 0 0 0 0 0 0 0 0 0 0 0 0 0 0 0 0 0 0 0 0 0 0 0 0 0 0 0 0 0 0 0 0 0 0 0 0 0 0 0 0 0 0 0 0 0 0 0 0 0 0 0 
0 0 0 0 0 0 0 1 0 0 0 0 
500 498 500 397 471 392 387 397 322 400 273 409 198 421 119 440 43 458 24 463 -28 480 -73 496 -97 498 -97 461 -167 437 -167 437 -167 437 -167 437 57 247 96 200 106 176 161 120 210 56 266 -14 278 -35 322 -89 341 -127 363 -157 386 -190 364 -235 354 -240 271 -247 244 -242 179 -228 126 -223 67 -230 -7 -240 -57 -249 -171 -263 -222 -263 -238 -261 500 357 356 411 356 411 262 400 201 397 154 404 85 415 9 438 -65 460 -90 467 -144 487 -181 498 -208 498 -219 483 -97 417 -77 382 -72 370 -11 303 -7 296 -59 271 -16 215 -2 195 67 116 110 60 164 -11 172 -29 220 -92 231 -116 282 -177 288 -195 269 -231 261 -235 170 -233 148 -233 85 -224 27 -217 -30 -220 -87 -231 -164 -240 -262 -258 -315 -253 -333 -253 -335 -251 0 -101 -29 -5 -84 5 -65 3 -49 9 -75 12 -79 19 -76 18 -19 5 -52 17 -45 16 -24 2 0 -37 -70 -24 0 0 0 0 0 0 224 -190 39 -47 10 -24 55 -56 49 -64 56 -70 12 -21 44 -54 19 -38 22 -30 23 -33 -22 -45 -10 -5 -83 -7 -27 5 -65 14 -53 5 -59 -7 -74 -10 -50 -9 -114 -14 -51 0 -16 2 738 618 -144 54 0 0 -94 -11 -61 -3 -47 7 -69 11 -76 23 -74 22 -25 7 -54 20 -37 11 -27 0 -11 -15 122 -66 20 -35 5 -12 61 -67 4 -7 -52 -25 43 -56 14 -20 69 -79 43 -56 54 -71 8 -18 
0 0 0 0 0 0 0 1 0 0 0 0 
500 422 500 422 466 413 456 410 398 417 389 415 318 429 252 440 178 452 49 465 -25 477 -87 490 -161 500 -164 497 -164 481 -114 356 -98 303 -92 280 -84 262 -63 219 -48 198 -19 171 -1 143 77 70 152 -6 283 -130 288 -136 351 -210 400 -262 416 -289 427 -324 380 -358 276 -356 206 -347 141 -342 54 -347 6 -353 -19 -351 -66 -356 -89 -358 -131 -363 -184 -365 -267 -363 -297 -365 -187 -347 -187 -347 500 395 478 400 472 400 420 414 409 416 333 433 280 440 224 447 100 463 29 475 -23 489 -85 498 -27 248 -27 248 -27 248 -6 217 77 128 79 121 134 58 223 -30 304 -119 340 -154 386 -210 429 -262 440 -283 444 -311 376 -351 281 -344 227 -332 172 -327 98 -330 50 -334 39 -332 -20 -339 -28 -339 -77 -341 -134 -346 -193 -344 -211 -344 0 0 -34 -9 -10 -3 -58 7 -9 -2 -71 14 -66 11 -74 12 -129 13 -74 12 -62 13 -74 10 -3 -3 0 -16 50 -125 16 -53 6 -23 8 -18 21 -43 15 -21 29 -27 18 -28 78 -73 75 -76 131 -124 5 -6 63 -74 49 -52 16 -27 11 -35 -47 -34 -104 2 -70 9 -65 5 -87 -5 -48 -6 -25 2 -47 -5 -23 -2 -42 -5 -53 -2 -83 2 -30 -2 110 18 0 0 687 742 -22 5 -6 0 -52 14 -11 2 -76 17 -53 7 -56 7 -124 16 -71 12 -52 14 -62 9 58 -250 0 0 0 0 21 -31 83 -89 2 -7 55 -63 89 -88 
0 0 0 0 0 0 0 1 0 0 0 0 
434 434 434 434 421 432 313 429 287 429 225 445 218 443 88 466 5 485 -43 489 -104 494 -172 498 -222 498 -250 489 -222 388 -203 358 -136 287 -88 239 -8 167 42 114 129 41 184 -11 252 -82 303 -133 354 -193 372 -209 385 -234 500 -255 495 -271 466 -328 438 -342 377 -354 296 -354 218 -349 165 -349 151 -349 55 -351 -68 -374 -175 -379 -232 -377 -283 -381 -309 -383 -203 -365 -203 -365 499 433 478 430 366 435 356 435 291 442 263 449 154 470 94 484 14 496 -18 498 -78 498 -141 496 -162 494 -132 402 -107 358 -43 297 1 257 62 192 120 131 199 58 253 -2 314 -67 362 -110 407 -170 415 -177 432 -210 5 -348 -86 -353 -139 -355 -203 -360 -221 -362 0 0 -13 -2 -108 -3 -26 0 -62 16 -7 -2 -130 23 -83 19 -48 4 -61 5 -68 4 -50 0 -28 -9 28 -101 19 -30 67 -71 48 -48 80 -72 50 -53 87 -73 55 -52 68 -71 51 -51 51 -60 18 -16 13 -25 115 -21 -5 -16 -29 -57 -28 -14 -61 -12 -81 0 -78 5 -53 0 -14 0 -96 -2 -123 -23 -107 -5 -57 2 -51 -4 -26 -2 106 18 0 0 702 798 -21 -3 -112 5 -10 0 -65 7 -28 7 -109 21 -60 14 -80 12 -32 2 -60 0 -63 -2 -21 -2 30 -92 25 -44 64 -61 44 -40 61 -65 58 -61 79 -73 54 -60 61 -65 48 -43 45 -60 8 -7 17 -33 -427 -138 -91 -5 -53 -2 -64 -5 -18 -2 0 0 
0 0 0 0 0 0 0 1 0 0 0 0 
498 500 500 411 485 411 408 411 386 413 321 420 245 434 200 438 132 445 80 456 70 459 -8 475 -71 488 -123 500 -179 490 -176 431 -33 268 -147 295 -147 295 -127 270 -101 238 29 200 150 81 109 27 109 27 129 9 157 -22 231 -88 294 -165 300 -172 363 -243 453 -315 380 -354 338 -361 269 -365 202 -368 139 -372 74 -384 15 -393 -23 -395 -117 -406 -181 -413 -245 -415 -247 -420 340 404 340 404 270 400 243 402 180 408 106 420 62 428 0 435 -42 444 -65 446 -138 462 -190 477 -251 500 -284 495 -209 453 -205 442 -276 408 -233 353 -46 251 -42 237 -19 217 1 202 15 184 -27 137 -27 137 210 -8 210 -15 250 -48 250 -48 259 -68 387 -186 387 -186 445 -264 445 -264 499 -340 461 -357 406 -368 352 -371 284 -373 221 -377 160 -388 98 -395 49 -402 -23 -406 -88 -406 -138 -408 -259 -422 -257 -422 -337 -437 -337 -437 2 -89 -15 0 -77 0 -22 2 -65 7 -76 14 -45 4 -68 7 -52 11 -10 3 -78 16 -63 13 -52 12 -56 -10 3 -59 143 -163 -114 27 0 0 20 -25 26 -32 130 -38 121 -119 -41 -54 0 0 20 -18 28 -31 74 -66 63 -77 6 -7 63 -71 90 -72 -73 -39 -42 -7 -69 -4 -67 -3 -63 -4 -65 -12 -59 -9 -38 -2 -94 -11 -64 -7 -64 -2 -2 -5 587 824 0 0 -70 -4 -27 2 -63 6 -74 12 -44 8 -62 7 -42 9 -23 2 -73 16 -52 15 -61 23 
0 0 0 0 0 0 0 1 0 0 0 0 
498 500 499 409 391 418 275 443 214 462 158 473 95 482 25 489 -53 496 -76 498 -126 496 -154 489 -175 448 -139 372 -71 281 -17 221 63 125 132 41 21 75 21 75 21 75 261 -107 330 -169 348 -187 404 -267 425 -295 390 -352 327 -352 259 -350 216 -345 205 -343 107 -331 22 -324 -36 -324 -93 -329 -102 -327 -165 -336 500 421 500 421 389 424 263 446 188 459 125 470 53 475 -21 479 -105 493 -148 500 -193 497 -231 482 -243 444 -196 354 -131 279 -42 203 16 136 16 136 223 29 262 13 274 2 286 -13 234 -69 375 -191 372 -198 426 -265 434 -285 414 -343 365 -350 271 -345 220 -343 190 -341 136 -341 0 -334 -52 -334 -122 -332 -148 -334 -217 -341 -223 -343 -213 -345 1 -91 -108 9 -116 25 -61 19 -56 11 -63 9 -70 7 -78 7 -23 2 -50 -2 -28 -7 -21 -41 36 -76 68 -91 54 -60 80 -96 69 -84 -111 34 0 0 0 0 240 -182 69 -62 18 -18 56 -80 21 -28 -35 -57 -63 0 -68 2 -43 5 -11 2 -98 12 -85 7 -58 0 -57 -5 -9 2 -63 -9 665 757 0 0 -111 3 -126 22 -75 13 -63 11 -72 5 -74 4 -84 14 -43 7 -45 -3 -38 -15 -12 -38 47 -90 65 -75 89 -76 58 -67 0 0 207 -107 39 -16 12 -11 12 -15 -52 -56 141 -122 -3 -7 54 -67 8 -20 -20 -58 -49 -7 -94 5 -51 2 -30 2 -54 0 -136 7 -52 0 -70 2 -26 -2 
0 0 0 0 0 0 0 1 0 0 0 0 
499 322 499 322 447 325 406 338 310 367 260 386 183 413 140 426 102 440 -16 483 -33 483 -75 498 -99 496 -101 494 -101 492 -95 480 -72 449 -68 415 -65 404 -63 397 -59 386 -51 370 -51 370 37 259 55 241 74 216 139 146 201 81 228 45 308 -33 326 -58 382 -124 413 -162 452 -203 470 -221 482 -237 493 -270 478 -306 384 -334 249 -338 183 -340 128 -347 46 -358 -10 -363 -89 -363 -118 -365 -166 -370 -222 -367 -231 -370 499 305 447 321 413 331 330 363 274 384 214 410 174 421 141 435 36 480 14 489 -17 498 -37 498 -41 389 -41 389 -22 370 -22 370 1 342 30 317 87 254 121 214 152 172 190 121 231 72 274 16 341 -65 357 -83 409 -151 428 -179 460 -221 467 -230 481 -256 489 -282 461 -319 386 -340 263 -340 212 -344 144 -349 91 -356 33 -361 -36 -365 -68 -363 -97 -365 -151 -372 0 0 -52 3 -41 13 -96 29 -50 19 -77 27 -43 13 -38 14 -118 43 -17 0 -42 15 -24 -2 -2 -2 0 -2 6 -12 23 -31 4 -34 3 -11 2 -7 4 -11 8 -16 0 0 88 -111 18 -18 19 -25 65 -70 62 -65 27 -36 80 -78 18 -25 56 -66 31 -38 39 -41 18 -18 12 -16 11 -33 -15 -36 -94 -28 -135 -4 -66 -2 -55 -7 -82 -11 -56 -5 -79 0 -29 -2 -48 -5 -56 3 -9 -3 730 675 -52 16 -34 10 -83 32 -56 21 -60 26 -40 11 -33 14 -105 45 -22 9 
0 0 0 0 0 0 0 1 0 0 0 0 
499 361 485 364 437 373 376 386 376 386 308 404 242 424 187 438 116 456 83 462 21 478 -33 492 -72 498 -99 496 -139 483 -154 462 -129 393 -73 310 -69 301 -14 229 40 170 99 89 162 15 216 -60 273 -125 330 -191 336 -208 371 -262 363 -283 310 -298 243 -298 183 -294 134 -289 58 -287 10 -285 -41 -283 -98 -280 -140 -276 -170 -276 -218 -278 499 369 499 369 452 371 383 389 374 389 310 404 197 433 131 446 65 461 34 461 -20 479 -88 494 -133 498 -166 492 -203 481 -208 435 -194 385 -127 299 -92 271 -59 229 8 161 143 24 151 6 247 -80 314 -155 344 -196 353 -212 406 -271 391 -284 310 -301 242 -299 173 -295 118 -293 22 -293 -28 -291 -94 -288 -157 -284 -199 -282 -226 -282 -290 -277 -14 3 -48 9 -61 13 0 0 -68 18 -66 20 -55 14 -71 18 -33 6 -62 16 -54 14 -39 6 -27 -2 -40 -13 -15 -21 25 -69 56 -83 4 -9 55 -72 54 -59 59 -81 63 -74 54 -75 57 -65 57 -66 6 -17 35 -54 -8 -21 -53 -15 -67 0 -60 4 -49 5 -76 2 -48 2 -51 2 -57 3 -42 4 -30 0 -48 -2 717 647 0 0 -47 2 -69 18 -9 0 -64 15 -113 29 -66 13 -66 15 -31 0 -54 18 -68 15 -45 4 -33 -6 -37 -11 -5 -46 14 -50 67 -86 35 -28 33 -42 67 -68 135 -137 8 -18 96 -86 67 -75 30 -41 9 -16 53 -59 -15 -13 -81 -17 -68 2 
0 0 0 0 0 0 0 1 0 0 0 0 
499 472 499 472 486 470 411 465 381 463 326 463 232 467 179 472 146 475 57 482 -13 482 -122 498 -122 496 -164 477 -269 451 -173 441 -184 429 -112 356 -112 356 -101 320 -101 320 54 175 -39 187 -39 187 162 59 77 59 77 59 197 -76 197 -76 244 -152 355 -190 332 -218 400 -242 400 -242 400 -242 339 -313 307 -315 288 -313 218 -306 159 -299 130 -301 60 -304 15 -308 -28 -311 -92 -313 -142 -318 -201 -320 -252 -318 -270 -315 499 497 485 493 396 477 390 472 328 472 186 486 119 493 77 497 -9 500 -86 500 -122 410 -127 339 -31 240 -31 240 142 153 148 144 167 130 275 32 279 25 332 -29 411 -103 473 -172 462 -227 456 -233 0 0 -13 -2 -75 -5 -30 -2 -55 0 -94 4 -53 5 -33 3 -89 7 -70 0 -109 16 0 -2 -42 -19 -105 -26 96 -10 -11 -12 72 -73 0 0 11 -36 0 0 155 -145 -93 12 0 0 201 -128 -85 0 0 0 120 -135 0 0 47 -76 111 -38 -23 -28 68 -24 0 0 0 0 -61 -71 -32 -2 -19 2 -70 7 -59 7 -29 -2 -70 -3 -45 -4 -43 -3 -64 -2 -50 -5 -59 -2 -51 2 -18 3 769 812 -14 -4 -89 -16 -6 -5 -62 0 -142 14 -67 7 -42 4 -86 3 -77 0 -36 -90 -5 -71 96 -99 0 0 173 -87 6 -9 19 -14 108 -98 4 -7 53 -54 79 -74 62 -69 -11 -55 -6 -6 0 0 0 0 0 0 0 0 0 0 
0 0 0 0 0 0 0 1 0 0 0 0 
457 376 445 378 388 400 340 413 347 402 343 402 339 402 288 415 278 415 219 431 175 444 156 446 104 455 17 495 19 491 -71 500 -71 500 -71 500 -111 453 -93 391 -65 347 0 292 53 232 111 172 115 154 166 115 218 57 245 37 296 -28 304 -44 318 -66 336 -103 346 -130 350 -139 350 -139 354 -150 436 -207 428 -221 500 -278 429 -265 434 -292 409 -323 399 -329 342 -349 281 -356 174 -362 74 -369 5 -376 -79 -387 -182 -396 -182 -396 -179 -409 -179 -415 -269 -404 -336 -391 -336 -391 336 443 323 445 323 445 234 470 196 485 168 485 108 498 103 494 51 492 48 479 439 -132 484 -172 484 -172 499 -194 497 -209 486 -231 298 -366 193 -388 134 -397 67 -406 -58 -417 -254 -406 -254 -406 -253 -426 -12 2 -57 22 -48 13 7 -11 -4 0 -4 0 -51 13 -10 0 -59 16 -44 13 -19 2 -52 9 -87 40 2 -4 -90 9 0 0 0 0 -40 -47 18 -62 28 -44 65 -55 53 -60 58 -60 4 -18 51 -39 52 -58 27 -20 51 -65 8 -16 14 -22 18 -37 10 -27 4 -9 0 0 4 -11 82 -57 -8 -14 72 -57 -71 13 5 -27 -25 -31 -10 -6 -57 -20 -61 -7 -107 -6 -100 -7 -69 -7 -84 -11 -103 -9 0 0 3 -13 0 -6 -90 11 -67 13 0 0 672 834 -13 2 0 0 -89 25 -38 15 -28 0 -60 13 -5 -4 -52 -2 -3 -13 391 -611 45 -40 0 0 15 -22 -2 -15 
0 0 0 0 0 0 0 1 0 0 0 0 
500 429 500 429 421 445 354 457 279 462 232 468 104 485 81 491 17 491 -59 488 -159 498 -156 496 -248 445 -150 439 -148 432 -110 347 -86 317 -31 235 -2 186 35 122 43 109 98 20 135 -43 177 -104 238 -207 263 -250 294 -296 343 -347 351 -355 382 -386 418 -434 366 -470 366 -470 294 -452 224 -445 188 -429 138 -419 87 -406 16 -398 4 -396 -84 -391 -122 -388 -174 -388 481 448 370 463 296 468 232 473 172 475 33 496 9 498 -62 498 -138 493 -137 458 499 -453 -55 -392 0 0 -79 16 -67 12 -75 5 -47 6 -128 17 -23 6 -64 0 -76 -3 -100 10 3 -2 -92 -51 98 -6 2 -7 38 -85 24 -30 55 -82 29 -49 37 -64 8 -13 55 -89 37 -63 42 -61 61 -103 25 -43 31 -46 49 -51 8 -8 31 -31 36 -48 -52 -36 0 0 -72 18 -70 7 -36 16 -50 10 -51 13 -71 8 -12 2 -88 5 -38 3 -52 0 655 836 -111 15 -74 5 -64 5 -60 2 -139 21 -24 2 -71 0 -76 -5 1 -35 636 -911 -554 61 0 0 0 0 0 0 0 0 0 0 0 0 0 0 0 0 0 0 0 0 0 0 0 0 0 0 0 0 0 0 0 0 0 0 0 0 0 0 0 0 0 0 0 0 0 0 0 0 0 0 0 0 0 0 0 0 0 0 0 0 0 0 0 0 0 0 0 0 0 0 0 0 0 0 0 0 0 0 0 0 0 0 
0 0 0 0 0 0 0 1 0 0 0 0 
500 403 500 403 480 403 440 408 387 414 378 417 191 464 176 466 78 484 12 493 -46 497 -110 497 -170 499 -206 497 -227 488 -200 419 -69 289 -69 289 45 181 45 181 143 85 158 71 158 71 270 -40 270 -40 376 -143 376 -143 385 -159 431 -208 360 -224 370 -248 295 -269 126 -278 29 -289 -30 -298 -30 -298 -54 -320 -68 -334 -119 -345 -171 -349 -227 -352 -267 -356 480 414 480 414 437 414 376 421 367 421 170 460 124 475 37 482 -32 482 -132 500 -185 495 -265 500 -302 495 -308 489 -188 353 -188 353 -55 253 -55 253 77 148 90 137 90 137 214 28 214 28 347 -85 347 -85 366 -104 493 -189 493 -189 499 -264 327 -292 207 -303 137 -314 0 0 -20 0 -40 5 -53 6 -9 3 -187 47 -15 2 -98 18 -66 9 -58 4 -64 0 -60 2 -36 -2 -21 -9 27 -69 131 -130 0 0 114 -108 0 0 98 -96 15 -14 0 0 112 -111 0 0 106 -103 0 0 9 -16 46 -49 -71 -16 10 -24 -75 -21 -169 -9 -97 -11 -59 -9 0 0 -24 -22 -14 -14 -51 -11 -52 -4 -56 -3 -40 -4 747 770 0 0 -43 0 -61 7 -9 0 -197 39 -46 15 -87 7 -69 0 -100 18 -53 -5 -80 5 -37 -5 -6 -6 120 -136 0 0 133 -100 0 0 132 -105 13 -11 0 0 124 -109 0 0 133 -113 0 0 19 -19 127 -85 0 0 6 -75 -172 -28 -120 -11 -70 -11 0 0 0 0 0 0 
0 0 0 0 0 0 0 1 0 0 0 0 
499 354 382 395 382 395 284 415 245 424 163 444 99 461 42 470 -17 485 -67 495 -123 499 -140 497 -134 458 -112 405 -79 332 -39 276 -33 271 26 208 49 184 86 162 116 99 163 50 224 -24 260 -50 293 -114 325 -143 346 -203 339 -211 415 -281 422 -303 431 -327 409 -398 367 -400 301 -407 231 -407 172 -410 103 -424 47 -429 -9 -432 -66 -441 -127 -449 -180 -458 -278 -468 -278 -468 -358 -480 499 384 479 389 383 407 342 417 269 442 199 462 143 474 82 489 30 497 -26 500 415 -273 -197 -462 -197 -462 -117 41 0 0 -98 20 -39 9 -82 20 -64 17 -57 9 -59 15 -50 10 -56 4 -17 -2 6 -39 22 -53 33 -73 40 -56 6 -5 59 -63 23 -24 37 -22 30 -63 47 -49 61 -74 36 -26 33 -64 32 -29 21 -60 -7 -8 76 -70 7 -22 9 -24 -22 -71 -42 -2 -66 -7 -70 0 -59 -3 -69 -14 -56 -5 -56 -3 -57 -9 -61 -8 -53 -9 -98 -10 0 0 -80 -12 857 864 -20 5 -96 18 -41 10 -73 25 -70 20 -56 12 -61 15 -52 8 -56 3 441 -773 -612 -189 0 0 0 0 0 0 0 0 0 0 0 0 0 0 0 0 0 0 0 0 0 0 0 0 0 0 0 0 0 0 0 0 0 0 0 0 0 0 0 0 0 0 0 0 0 0 0 0 0 0 0 0 0 0 0 0 0 0 0 0 0 0 0 0 0 0 0 0 0 0 0 0 
0 0 0 0 0 0 0 1 0 0 0 0 
