0 486 -115 306 -111 259 -55 -215 57 11 59 39 63 57 150 178 224 295 245 297 245 297 262 319 262 319 288 367 288 367 405 499 500 22 500 22 500 22 -57 446 -208 477 -57 446 -90 376 -98 353 -69 241 -69 241 -103 21 -106 2 -103 -107 -103 -158 -95 -230 -19 -213 106 -10 121 23 124 35 195 160 195 160 195 160 156 308 156 308 327 340 327 340 340 365 386 429 407 471 468 498 488 420 488 315 486 260 483 141 493 23 495 6 499 -80 499 -80 486 -230 485 -276 -115 -180 4 -47 56 -474 112 226 2 28 4 18 87 121 74 117 21 2 0 0 17 22 0 0 26 48 0 0 117 132 95 -477 0 0 0 0 -557 424 -151 31 151 -31 -33 -70 -8 -23 29 -112 0 0 -34 -220 -3 -19 3 -109 0 -51 8 -72 76 17 125 203 15 33 3 12 71 125 0 0 0 0 -39 148 0 0 171 32 0 0 13 25 46 64 21 42 61 27 20 -78 0 -105 -2 -55 -3 -119 10 -118 2 -17 4 -86 0 0 -13 -150 -1 -46 0 0 0 0 0 0 0 0 0 0 0 0 0 0 0 0 0 0 0 0 0 0 0 0 0 0 0 0 0 0 0 0 0 0 0 0 0 0 0 0 0 0 0 0 0 0 0 0 0 0 0 0 0 0 0 0 0 0 0 0 0 0 0 0 0 0 0 0 0 0 0 0 0 0 0 0 0 0 
0 0 0 0 0 0 0 0 0 0 0 1 
499 489 499 489 -164 485 -167 464 -171 372 -171 284 -168 229 -167 118 -168 18 -168 -30 -163 -130 -155 -154 -105 -156 -96 -146 -43 -87 -5 -42 53 42 65 56 108 101 174 177 184 196 250 265 254 272 326 343 342 357 413 436 427 445 446 473 489 500 500 459 480 319 484 289 467 199 458 90 457 75 451 -49 440 -146 434 -222 425 -317 435 -338 456 -383 457 -390 0 0 -663 -4 -3 -21 -4 -92 0 -88 3 -55 1 -111 -1 -100 0 -48 5 -100 8 -24 50 -2 9 10 53 59 38 45 58 84 12 14 43 45 66 76 10 19 66 69 4 7 72 71 16 14 71 79 14 9 19 28 43 27 11 -41 -20 -140 4 -30 -17 -90 -9 -109 -1 -15 -6 -124 -11 -97 -6 -76 -9 -95 10 -21 21 -45 1 -7 0 0 0 0 0 0 0 0 0 0 0 0 0 0 0 0 0 0 0 0 0 0 0 0 0 0 0 0 0 0 0 0 0 0 0 0 0 0 0 0 0 0 0 0 0 0 0 0 0 0 0 0 0 0 0 0 0 0 0 0 0 0 0 0 0 0 0 0 0 0 0 0 0 0 0 0 0 0 0 0 0 0 0 0 0 0 0 0 0 0 0 0 0 0 0 0 0 0 0 0 0 0 0 0 0 0 0 0 0 0 0 0 0 0 0 0 0 0 0 0 0 0 0 0 0 0 0 0 0 0 0 0 0 0 
0 0 0 0 0 0 0 0 0 0 0 1 
-98 483 -217 498 -217 464 -216 410 -216 333 -216 270 -216 161 -215 73 -213 21 -212 -60 -209 -135 -207 -184 -205 -217 -91 -215 -91 -217 -35 -163 -9 -129 29 -73 54 -51 102 6 108 15 179 88 186 107 242 191 287 262 311 305 354 361 414 458 453 490 418 453 418 453 411 301 410 204 411 -30 412 -174 411 -193 408 -296 404 -352 399 -449 499 -417 499 -417 -100 500 -102 460 -102 410 -104 336 -102 275 -102 144 -102 102 -98 21 -97 -56 -96 -131 -94 -176 -93 -209 478 486 485 471 500 316 494 187 489 32 486 -159 486 -179 490 -283 491 -340 494 -414 -119 15 0 -34 1 -54 0 -77 0 -63 0 -109 1 -88 2 -52 1 -81 3 -75 2 -49 2 -33 114 2 0 -2 56 54 26 34 38 56 25 22 48 57 6 9 71 73 7 19 56 84 45 71 24 43 43 56 60 97 39 32 -35 -37 0 0 -7 -152 -1 -97 1 -234 1 -144 -1 -19 -3 -103 -4 -56 -5 -97 100 32 0 0 -599 917 -2 -40 0 -50 -2 -74 2 -61 0 -131 0 -42 4 -81 1 -77 1 -75 2 -45 1 -33 571 695 7 -15 15 -155 -6 -129 -5 -155 -3 -191 0 -20 4 -104 1 -57 3 -74 0 0 0 0 0 0 0 0 0 0 0 0 0 0 0 0 0 0 0 0 0 0 0 0 0 0 0 0 0 0 0 0 0 0 0 0 0 0 0 0 0 0 0 0 0 0 0 0 0 0 
0 0 0 0 0 0 0 0 0 0 0 1 
-214 500 -212 478 -207 329 -205 283 -204 189 -204 96 -200 -19 -197 -64 -194 -120 -77 -165 -81 -194 -144 -278 -144 -278 -84 -197 -21 -132 35 -67 121 62 171 139 251 245 315 336 367 384 381 425 431 456 444 459 450 307 450 307 491 93 484 -16 471 -122 468 -252 455 -336 464 -411 482 -435 498 -456 500 -459 -105 498 -104 476 -98 329 -97 266 -97 203 -93 84 -89 -29 -89 -48 -87 -106 -83 -239 -75 -249 16 -188 67 -118 119 -55 208 77 253 138 327 239 386 329 426 382 447 421 467 447 497 460 499 343 329 -491 329 -491 2 -22 5 -149 2 -46 1 -94 0 -93 4 -115 3 -45 3 -56 117 -45 -4 -29 -63 -84 0 0 60 81 63 65 56 65 86 129 50 77 80 106 64 91 52 48 14 41 50 31 13 3 6 -152 0 0 41 -214 -7 -109 -13 -106 -3 -130 -13 -84 9 -75 18 -24 16 -21 2 -3 -605 957 1 -22 6 -147 1 -63 0 -63 4 -119 4 -113 0 -19 2 -58 4 -133 8 -10 91 61 51 70 52 63 89 132 45 61 74 101 59 90 40 53 21 39 20 26 30 13 2 -117 -170 -834 0 0 0 0 0 0 0 0 0 0 0 0 0 0 0 0 0 0 0 0 0 0 0 0 0 0 0 0 0 0 0 0 0 0 0 0 0 0 0 0 0 0 0 0 0 0 0 0 0 0 0 0 0 0 0 0 0 0 0 0 0 0 0 0 
0 0 0 0 0 0 0 0 0 0 0 1 
-68 498 -68 498 -66 439 -68 323 -62 267 -54 139 -49 28 -43 -52 -39 -134 -40 -203 -39 -264 25 -184 79 -115 195 28 203 44 251 111 319 210 326 219 376 293 437 371 484 432 499 460 496 -359 -70 465 -203 500 -70 465 -161 456 -162 424 -169 301 -161 216 -161 132 -159 2 -159 -75 -159 -152 -158 -212 -158 -283 -88 -194 -31 -118 82 9 89 31 135 95 210 187 212 198 272 280 331 349 383 410 390 431 500 452 500 456 495 333 487 262 481 180 479 159 468 57 462 -59 456 -187 460 -198 462 -294 475 -344 391 -390 498 -374 498 -374 0 0 2 -59 -2 -116 6 -56 8 -128 5 -111 6 -80 4 -82 -1 -69 1 -61 64 80 54 69 116 143 8 16 48 67 68 99 7 9 50 74 61 78 47 61 15 28 -3 -819 -566 824 -133 35 133 -35 -91 -9 -1 -32 -7 -123 8 -85 0 -84 2 -130 0 -77 0 -77 1 -60 0 -71 70 89 57 76 113 127 7 22 46 64 75 92 2 11 60 82 59 69 52 61 7 21 110 21 0 4 -5 -123 -8 -71 -6 -82 -2 -21 -11 -102 -6 -116 -6 -128 4 -11 2 -96 13 -50 -84 -46 107 16 0 0 0 0 0 0 0 0 0 0 0 0 0 0 0 0 0 0 0 0 0 0 0 0 0 0 0 0 0 0 0 0 0 0 0 0 0 0 0 0 0 0 0 0 0 0 0 0 0 0 0 0 0 0 0 0 
0 0 0 0 0 0 0 0 0 0 0 1 
-132 500 -132 500 -141 392 -144 352 -191 221 -196 73 -194 -23 -192 -116 -182 -214 -164 -273 -152 -319 -142 -340 -96 -338 -35 -290 -10 -257 33 -183 85 -104 94 -80 101 -66 147 4 192 73 225 145 251 173 275 235 260 278 326 280 380 357 380 357 380 357 403 400 432 440 450 450 476 373 476 369 487 321 496 266 498 221 498 197 500 45 498 -50 498 -145 496 -254 494 -335 489 -402 420 -414 414 -445 414 -459 -205 498 -201 386 395 266 388 309 387 327 500 288 500 288 500 259 500 259 498 35 500 -84 498 -147 497 -238 497 -320 497 -416 0 0 -9 -108 -3 -40 -47 -131 -5 -148 2 -96 2 -93 10 -98 18 -59 12 -46 10 -21 46 2 61 48 25 33 43 74 52 79 9 24 7 14 46 70 45 69 33 72 26 28 24 62 -15 43 66 2 54 77 0 0 0 0 23 43 29 40 18 10 26 -77 0 -4 11 -48 9 -55 2 -45 0 -24 2 -152 -2 -95 0 -95 -2 -109 -2 -81 -5 -67 -69 -12 -6 -31 0 -14 -619 957 4 -112 596 -120 -7 43 -1 18 113 -39 0 0 0 -29 0 0 -2 -224 2 -119 -2 -63 -1 -91 0 -82 0 -96 0 0 0 0 0 0 0 0 0 0 0 0 0 0 0 0 0 0 0 0 0 0 0 0 0 0 0 0 0 0 0 0 0 0 0 0 0 0 0 0 0 0 0 0 0 0 0 0 0 0 0 0 0 0 
0 0 0 0 0 0 0 0 0 0 0 1 
-250 500 -250 500 -231 375 -231 221 -234 85 -234 70 -232 -2 -231 -76 -228 -160 -226 -228 -223 -258 -173 -228 -110 -155 -54 -76 8 13 80 94 159 206 183 221 198 239 257 313 273 355 321 403 331 425 369 447 395 364 397 258 397 168 399 87 397 -37 396 -175 396 -285 391 -350 499 -357 499 -357 -109 498 -107 392 -105 185 -103 119 -101 79 -98 18 -97 -83 -95 -160 -92 -205 -90 -239 -25 -178 14 -119 75 -29 136 56 250 185 265 218 301 264 315 284 366 358 376 381 419 435 432 453 467 476 500 345 500 261 497 173 494 60 490 -45 486 -148 485 -282 487 -331 0 0 19 -125 0 -154 -3 -136 0 -15 2 -72 1 -74 3 -84 2 -68 3 -30 50 30 63 73 56 79 62 89 72 81 79 112 24 15 15 18 59 74 16 42 48 48 10 22 38 22 26 -83 2 -106 0 -90 2 -81 -2 -124 -1 -138 0 -110 -5 -65 108 -7 0 0 -608 855 2 -106 2 -207 2 -66 2 -40 3 -61 1 -101 2 -77 3 -45 2 -34 65 61 39 59 61 90 61 85 114 129 15 33 36 46 14 20 51 74 10 23 43 54 13 18 35 23 33 -131 0 -84 -3 -88 -3 -113 -4 -105 -4 -103 -1 -134 2 -49 0 0 0 0 0 0 0 0 0 0 0 0 0 0 0 0 0 0 0 0 0 0 0 0 0 0 0 0 0 0 0 0 0 0 0 0 0 0 0 0 0 0 
0 0 0 0 0 0 0 0 0 0 0 1 
-204 500 -197 457 -192 433 -181 377 -179 304 -176 212 -174 117 -176 -18 -177 -127 -177 -207 -179 -257 -174 -299 -114 -226 -55 -146 -1 -56 9 -30 68 66 127 160 183 245 207 290 248 332 305 386 337 426 368 448 390 429 394 341 393 294 390 129 388 63 384 -75 383 -233 379 -339 376 -403 356 -459 499 -433 499 -433 -73 498 -74 475 -73 451 -69 406 -64 320 -60 213 -60 144 -56 -19 -57 -97 -58 -178 -56 -247 -53 -275 12 -209 61 -135 116 -38 128 -16 183 78 243 173 299 254 315 285 368 346 413 396 440 425 473 453 493 434 496 353 499 256 495 123 491 28 489 -109 488 -225 491 -337 492 -389 493 -420 7 -43 5 -24 11 -56 2 -73 3 -92 2 -95 -2 -135 -1 -109 0 -80 -2 -50 5 -42 60 73 59 80 54 90 10 26 59 96 59 94 56 85 24 45 41 42 57 54 32 40 31 22 22 -19 4 -88 -1 -47 -3 -165 -2 -66 -4 -138 -1 -158 -4 -106 -3 -64 -20 -56 143 26 0 0 -572 931 -1 -23 1 -24 4 -45 5 -86 4 -107 0 -69 4 -163 -1 -78 -1 -81 2 -69 3 -28 65 66 49 74 55 97 12 22 55 94 60 95 56 81 16 31 53 61 45 50 27 29 33 28 20 -19 3 -81 3 -97 -4 -133 -4 -95 -2 -137 -1 -116 3 -112 1 -52 1 -31 0 0 0 0 0 0 0 0 0 0 0 0 0 0 0 0 0 0 0 0 0 0 
0 0 0 0 0 0 0 0 0 0 0 1 
500 498 487 479 467 410 -280 498 -280 498 -278 418 -208 304 -222 279 -240 207 -241 186 -244 80 -246 -16 -248 -67 -245 -152 -230 -251 -214 -295 -208 -325 -178 -365 -125 -359 -74 -323 -17 -264 30 -205 97 -137 117 -112 181 -25 217 -2 236 38 253 63 300 133 325 156 366 213 398 241 408 253 428 279 464 323 486 342 500 338 492 232 482 109 465 4 453 -76 438 -162 428 -272 418 -363 408 -422 -13 -19 -20 -69 -747 88 0 0 2 -80 70 -114 -14 -25 -18 -72 -1 -21 -3 -106 -2 -96 -2 -51 3 -85 15 -99 16 -44 6 -30 30 -40 53 6 51 36 57 59 47 59 67 68 20 25 64 87 36 23 19 40 17 25 47 70 25 23 41 57 32 28 10 12 20 26 36 44 22 19 14 -4 -8 -106 -10 -123 -17 -105 -12 -80 -15 -86 -10 -110 -10 -91 -10 -59 0 0 0 0 0 0 0 0 0 0 0 0 0 0 0 0 0 0 0 0 0 0 0 0 0 0 0 0 0 0 0 0 0 0 0 0 0 0 0 0 0 0 0 0 0 0 0 0 0 0 0 0 0 0 0 0 0 0 0 0 0 0 0 0 0 0 0 0 0 0 0 0 0 0 0 0 0 0 0 0 0 0 0 0 0 0 0 0 0 0 0 0 0 0 0 0 0 0 0 0 0 0 0 0 0 0 0 0 0 0 0 0 0 0 0 0 0 0 0 0 0 0 
0 0 0 0 0 0 0 0 0 0 0 1 
-165 498 -165 498 -157 393 -163 276 -125 105 -117 72 -103 -68 -98 -147 -92 -215 -90 -272 -1 -208 107 -98 107 -98 -22 -92 3 -63 3 -63 33 -19 128 68 271 169 269 189 336 252 406 301 500 347 -341 498 -341 477 -335 399 -328 321 -206 263 -192 224 -192 194 -276 53 -276 53 -276 -95 -274 -170 -273 -237 -271 -289 -213 -252 -153 -181 -153 -181 30 -105 34 -95 63 -58 81 -34 81 -34 134 32 206 110 273 168 317 220 363 274 385 300 459 354 459 354 467 237 472 164 472 53 468 -41 466 -140 467 -192 472 -291 488 -362 499 -395 0 0 8 -105 -6 -117 38 -171 8 -33 14 -140 5 -79 6 -68 2 -57 89 64 108 110 0 0 -129 6 25 29 0 0 30 44 95 87 143 101 -2 20 67 63 70 49 94 46 -841 151 0 -21 6 -78 7 -78 122 -58 14 -39 0 -30 -84 -141 0 0 0 -148 2 -75 1 -67 2 -52 58 37 60 71 0 0 183 76 4 10 29 37 18 24 0 0 53 66 72 78 67 58 44 52 46 54 22 26 74 54 0 0 8 -117 5 -73 0 -111 -4 -94 -2 -99 1 -52 5 -99 16 -71 11 -33 0 0 0 0 0 0 0 0 0 0 0 0 0 0 0 0 0 0 0 0 0 0 0 0 0 0 0 0 0 0 0 0 0 0 0 0 0 0 0 0 0 0 0 0 0 0 0 0 0 0 0 0 0 0 0 0 0 0 
0 0 0 0 0 0 0 0 0 0 0 1 
-98 498 -101 466 -113 339 -86 -6 -73 -152 -68 -226 -65 -289 -56 -335 -1 -283 13 -261 -52 -193 -52 -193 144 -67 231 37 276 95 324 150 397 228 445 270 439 335 484 331 488 291 494 183 496 74 497 -30 497 -52 497 -143 497 -226 499 -307 496 -357 491 -431 -146 480 -279 500 -277 467 -272 352 -168 250 -147 162 -148 153 -221 2 -223 -194 -223 -252 -223 -292 -225 -346 -175 -294 -171 -284 -25 -230 -25 -230 2 -179 2 -179 -43 -102 76 64 77 76 122 136 197 215 238 247 350 282 342 292 413 331 457 305 469 262 475 185 478 66 480 -47 483 -85 482 -138 483 -245 484 -309 488 -356 499 -418 370 -450 -3 -32 -12 -127 27 -345 13 -146 5 -74 3 -63 9 -46 55 52 14 22 -65 68 0 0 196 126 87 104 45 58 48 55 73 78 48 42 -6 65 45 -4 4 -40 6 -108 2 -109 1 -104 0 -22 0 -91 0 -83 2 -81 -3 -50 -5 -74 -637 911 -133 20 2 -33 5 -115 104 -102 21 -88 -1 -9 -73 -151 -2 -196 0 -58 0 -40 -2 -54 50 52 4 10 146 54 0 0 27 51 0 0 -45 77 119 166 1 12 45 60 75 79 41 32 112 35 -8 10 71 39 44 -26 12 -43 6 -77 3 -119 2 -113 3 -38 -1 -53 1 -107 1 -64 4 -47 11 -62 -129 -32 0 0 0 0 0 0 0 0 0 0 0 0 0 0 0 0 0 0 0 0 0 0 0 0 0 0 
0 0 0 0 0 0 0 0 0 0 0 1 
-179 500 -179 500 -179 475 -182 330 -186 229 -188 164 -188 72 -190 -128 -192 -212 -186 -277 -182 -316 182 108 221 185 368 258 345 408 345 408 365 427 387 458 499 -342 -258 498 -264 472 -272 433 -277 396 -281 307 -282 209 -282 148 -280 63 -277 -87 -274 -193 -274 -248 -274 -289 -185 -350 -184 -352 -116 -352 -53 -289 -38 -285 12 -217 38 -187 94 -113 146 -41 164 -17 173 47 241 78 241 78 264 200 392 237 392 237 421 278 446 296 464 311 485 331 500 178 500 159 497 23 493 -65 492 -104 489 -191 486 -274 484 -339 398 -368 477 -416 468 -440 465 -455 0 0 0 -25 -3 -145 -4 -101 -2 -65 0 -92 -2 -200 -2 -84 6 -65 4 -39 364 424 39 77 147 73 -23 150 0 0 20 19 22 31 112 -800 -757 840 -6 -26 -8 -39 -5 -37 -4 -89 -1 -98 0 -61 2 -85 3 -150 3 -106 0 -55 0 -41 89 -61 1 -2 68 0 63 63 15 4 50 68 26 30 56 74 52 72 18 24 9 64 68 31 0 0 23 122 128 37 0 0 29 41 25 18 18 15 21 20 15 -153 0 -19 -3 -136 -4 -88 -1 -39 -3 -87 -3 -83 -2 -65 -86 -29 79 -48 -9 -24 -3 -15 0 0 0 0 0 0 0 0 0 0 0 0 0 0 0 0 0 0 0 0 0 0 0 0 0 0 0 0 0 0 0 0 0 0 0 0 0 0 0 0 0 0 0 0 0 0 0 0 0 0 
0 0 0 0 0 0 0 0 0 0 0 1 
-345 498 -345 498 -208 428 -204 403 -198 312 -193 250 -186 121 -182 2 -181 -19 -179 -76 -175 -161 -172 -193 -166 -305 -164 -337 -154 -371 -103 -337 -69 -292 -69 -292 -116 -199 42 -123 42 -123 47 -106 88 -46 88 -46 147 38 216 127 237 146 264 182 294 212 313 233 351 276 373 295 405 314 424 324 439 329 447 225 452 142 415 -25 415 -25 414 -154 415 -195 413 -244 413 -301 411 -367 409 -428 500 -416 500 -416 -208 500 -211 478 -293 384 -293 384 -293 384 -295 308 -299 134 -297 10 -297 -8 -297 -71 -295 -139 -294 -200 -290 -310 -289 -336 -265 -378 -194 -313 -181 -282 -5 -178 -56 -91 -56 -91 -39 -65 7 28 62 69 115 143 148 165 177 232 221 265 225 273 280 319 284 326 331 356 339 360 481 6 485 -32 491 -152 491 -169 494 -226 495 -284 496 -352 499 -395 0 0 137 -70 4 -25 6 -91 5 -62 7 -129 4 -119 1 -21 2 -57 4 -85 3 -32 6 -112 2 -32 10 -34 51 34 34 45 0 0 -47 93 158 76 0 0 5 17 41 60 0 0 59 84 69 89 21 19 27 36 30 30 19 21 38 43 22 19 32 19 19 10 15 5 8 -104 5 -83 -37 -167 0 0 -1 -129 1 -41 -2 -49 0 -57 -2 -66 -2 -61 91 12 0 0 -708 916 -3 -22 -82 -94 0 0 0 0 -2 -76 -4 -174 2 -124 0 -18 0 -63 2 -68 1 -61 4 -110 1 -26 24 -42 71 65 13 31 
0 0 0 0 0 0 0 0 0 0 0 1 
-150 500 -162 478 -164 473 -177 400 -184 300 -182 190 -177 87 -177 -31 -174 -121 -170 -200 -163 -278 -145 -339 -143 -348 -140 -356 -74 -348 -31 -297 5 -258 50 -165 63 -158 129 -51 134 -48 178 24 226 100 245 136 275 180 310 248 362 346 389 380 426 436 446 468 464 468 488 436 497 382 500 273 498 165 493 56 479 -146 479 -146 425 -265 413 -339 413 -339 392 -470 -213 -323 -213 -323 447 500 447 500 444 422 440 255 440 213 443 84 451 -91 500 -340 -12 -22 -2 -5 -13 -73 -7 -100 2 -110 5 -103 0 -118 3 -90 4 -79 7 -78 18 -61 2 -9 3 -8 66 8 43 51 36 39 45 93 13 7 66 107 5 3 44 72 48 76 19 36 30 44 35 68 52 98 27 34 37 56 20 32 18 0 24 -32 9 -54 3 -109 -2 -108 -5 -109 -14 -202 0 0 -54 -119 -12 -74 0 0 -21 -131 -605 147 0 0 660 823 0 0 -3 -78 -4 -167 0 -42 3 -129 8 -175 49 -249 0 0 0 0 0 0 0 0 0 0 0 0 0 0 0 0 0 0 0 0 0 0 0 0 0 0 0 0 0 0 0 0 0 0 0 0 0 0 0 0 0 0 0 0 0 0 0 0 0 0 0 0 0 0 0 0 0 0 0 0 0 0 0 0 0 0 0 0 0 0 0 0 0 0 0 0 0 0 0 0 0 0 0 0 0 0 0 0 0 0 0 0 0 0 
0 0 0 0 0 0 0 0 0 0 0 1 
499 498 -138 487 -134 438 -131 367 -127 292 -119 173 -119 68 -118 4 -118 -51 -117 -113 -116 -192 -118 -262 -114 -314 -102 -262 -105 -252 -69 -179 2 -94 1 -83 31 -40 59 42 113 111 113 111 171 190 171 190 191 213 191 213 208 247 218 275 282 358 282 358 298 380 474 500 474 500 474 500 499 -358 -138 487 -240 491 -240 467 -239 393 -236 311 -232 207 -230 76 -229 19 -227 -42 -227 -102 -229 -185 -227 -260 -225 -316 -114 -314 -115 -318 -17 -232 -17 -232 18 -173 70 -98 84 -74 114 -29 153 38 201 115 201 115 201 115 274 239 274 239 306 260 312 271 312 271 314 275 380 365 381 371 415 414 430 440 425 455 413 485 410 491 473 500 489 438 488 414 489 339 488 230 489 211 489 70 489 -8 488 -87 487 -143 488 -247 493 -341 396 -391 499 -363 499 -363 -637 -11 4 -49 3 -71 4 -75 8 -119 0 -105 1 -64 0 -55 1 -62 1 -79 -2 -70 4 -52 12 52 -3 10 36 73 71 85 -1 11 30 43 28 82 54 69 0 0 58 79 0 0 20 23 0 0 17 34 10 28 64 83 0 0 16 22 176 120 0 0 0 0 25 -858 -637 845 -102 4 0 -24 1 -74 3 -82 4 -104 2 -131 1 -57 2 -61 0 -60 -2 -83 2 -75 2 -56 111 2 -1 -4 98 86 0 0 35 59 52 75 14 24 30 45 39 67 48 77 0 0 0 0 73 124 0 0 32 21 
0 0 0 0 0 0 0 0 0 0 0 1 
