-260 171 -337 500 -320 486 -280 465 -246 462 -213 448 -169 434 -110 417 -6 397 4 397 53 369 99 335 143 318 190 321 246 321 272 318 327 318 371 318 418 311 449 311 500 291 -271 500 -253 489 -219 469 -182 464 -156 454 -115 438 -62 413 24 387 35 387 86 372 120 352 156 336 209 321 262 311 297 306 350 285 384 280 437 275 456 275 500 270 -77 329 17 -14 40 -21 34 -3 33 -14 44 -14 59 -17 104 -20 10 0 49 -28 46 -34 44 -17 47 3 56 0 26 -3 55 0 44 0 47 -7 31 0 51 -20 -771 209 18 -11 34 -20 37 -5 26 -10 41 -16 53 -25 86 -26 11 0 51 -15 34 -20 36 -16 53 -15 53 -10 35 -5 53 -21 34 -5 53 -5 19 0 44 -5 0 0 0 0 0 0 0 0 0 0 0 0 0 0 0 0 0 0 0 0 0 0 0 0 0 0 0 0 0 0 0 0 0 0 0 0 0 0 0 0 0 0 0 0 0 0 0 0 0 0 0 0 0 0 0 0 0 0 0 0 0 0 0 0 0 0 0 0 0 0 0 0 0 0 0 0 0 0 0 0 0 0 0 0 0 0 0 0 0 0 0 0 0 0 0 0 0 0 0 0 0 0 0 0 0 0 0 0 0 0 0 0 0 0 0 0 0 0 0 0 0 0 0 0 0 0 0 0 0 0 0 0 0 0 0 0 0 0 
0 1 0 0 0 0 0 0 0 0 0 0 
-366 261 -352 276 -303 286 -266 336 -232 321 -185 371 -147 386 -106 402 -55 422 -13 432 42 457 96 462 144 482 175 492 214 492 255 487 301 492 350 487 416 497 468 487 492 482 500 482 -321 65 -307 73 -254 113 -226 154 -185 154 -147 203 -121 219 -70 260 -20 300 21 325 75 349 128 357 171 382 201 398 227 422 275 439 317 463 359 471 422 487 462 495 499 495 14 15 49 10 37 50 34 -15 47 50 38 15 41 16 51 20 42 10 55 25 54 5 48 20 31 10 39 0 41 -5 46 5 49 -5 66 10 52 -10 24 -5 8 0 -821 -417 14 8 53 40 28 41 41 0 38 49 26 16 51 41 50 40 41 25 54 24 53 8 43 25 30 16 26 24 48 17 42 24 42 8 63 16 40 8 37 0 0 0 0 0 0 0 0 0 0 0 0 0 0 0 0 0 0 0 0 0 0 0 0 0 0 0 0 0 0 0 0 0 0 0 0 0 0 0 0 0 0 0 0 0 0 0 0 0 0 0 0 0 0 0 0 0 0 0 0 0 0 0 0 0 0 0 0 0 0 0 0 0 0 0 0 0 0 0 0 0 0 0 0 0 0 0 0 0 0 0 0 0 0 0 0 0 0 0 0 0 0 0 0 0 0 0 0 0 0 0 0 0 0 0 0 0 0 0 0 0 0 0 0 0 0 0 0 0 0 0 
0 1 0 0 0 0 0 0 0 0 0 0 
-310 430 -293 434 -242 413 -206 409 -142 396 -114 400 -72 417 -30 434 25 443 79 447 140 455 181 459 222 464 261 472 304 485 335 485 378 489 415 493 441 489 477 497 499 497 -311 204 -374 495 -374 495 -305 434 -269 437 -188 408 -173 428 -126 444 -91 466 -38 479 15 479 76 482 117 485 162 485 196 488 235 492 274 495 319 495 346 495 385 495 415 495 441 498 499 255 17 4 51 -21 36 -4 64 -13 28 4 42 17 42 17 55 9 54 4 61 8 41 4 41 5 39 8 43 13 31 0 43 4 37 4 26 -4 36 8 22 0 -810 -293 -63 291 0 0 69 -61 36 3 81 -29 15 20 47 16 35 22 53 13 53 0 61 3 41 3 45 0 34 3 39 4 39 3 45 0 27 0 39 0 30 0 26 3 58 -243 0 0 0 0 0 0 0 0 0 0 0 0 0 0 0 0 0 0 0 0 0 0 0 0 0 0 0 0 0 0 0 0 0 0 0 0 0 0 0 0 0 0 0 0 0 0 0 0 0 0 0 0 0 0 0 0 0 0 0 0 0 0 0 0 0 0 0 0 0 0 0 0 0 0 0 0 0 0 0 0 0 0 0 0 0 0 0 0 0 0 0 0 0 0 0 0 0 0 0 0 0 0 0 0 0 0 0 0 0 0 0 0 0 0 0 0 0 0 0 0 0 0 0 0 0 0 
0 1 0 0 0 0 0 0 0 0 0 0 
-280 410 -266 410 -224 440 -159 446 -114 446 -35 446 4 446 104 446 164 449 224 452 379 458 500 500 500 500 -377 488 -377 488 -334 493 -279 498 -227 496 -163 493 -127 491 -33 491 6 491 61 491 214 311 235 306 215 486 265 308 276 308 307 313 360 316 420 298 420 298 420 298 457 311 500 318 14 0 42 30 65 6 45 0 79 0 39 0 100 0 60 3 60 3 155 6 121 42 0 0 -877 -12 0 0 43 5 55 5 52 -2 64 -3 36 -2 94 0 39 0 55 0 153 -180 21 -5 -20 180 50 -178 11 0 31 5 53 3 60 -18 0 0 0 0 37 13 43 7 0 0 0 0 0 0 0 0 0 0 0 0 0 0 0 0 0 0 0 0 0 0 0 0 0 0 0 0 0 0 0 0 0 0 0 0 0 0 0 0 0 0 0 0 0 0 0 0 0 0 0 0 0 0 0 0 0 0 0 0 0 0 0 0 0 0 0 0 0 0 0 0 0 0 0 0 0 0 0 0 0 0 0 0 0 0 0 0 0 0 0 0 0 0 0 0 0 0 0 0 0 0 0 0 0 0 0 0 0 0 0 0 0 0 0 0 0 0 0 0 0 0 0 0 0 0 0 0 0 0 0 0 0 0 0 0 0 0 0 0 0 0 0 0 0 0 0 0 0 0 0 0 0 0 0 0 0 0 0 0 0 0 
0 1 0 0 0 0 0 0 0 0 0 0 
-201 466 -188 496 -158 490 -107 478 -84 460 -37 424 6 418 50 418 92 424 121 430 175 436 203 442 246 460 282 466 315 472 360 472 384 472 422 484 451 478 485 472 499 460 -90 489 -90 489 -24 472 28 476 76 485 117 480 165 485 195 497 239 497 293 485 311 493 369 480 389 489 433 485 477 476 500 480 13 30 30 -6 51 -12 23 -18 47 -36 43 -6 44 0 42 6 29 6 54 6 28 6 43 18 36 6 33 6 45 0 24 0 38 12 29 -6 34 -6 14 -12 -589 29 0 0 66 -17 52 4 48 9 41 -5 48 5 30 12 44 0 54 -12 18 8 58 -13 20 9 44 -4 44 -9 23 4 0 0 0 0 0 0 0 0 0 0 0 0 0 0 0 0 0 0 0 0 0 0 0 0 0 0 0 0 0 0 0 0 0 0 0 0 0 0 0 0 0 0 0 0 0 0 0 0 0 0 0 0 0 0 0 0 0 0 0 0 0 0 0 0 0 0 0 0 0 0 0 0 0 0 0 0 0 0 0 0 0 0 0 0 0 0 0 0 0 0 0 0 0 0 0 0 0 0 0 0 0 0 0 0 0 0 0 0 0 0 0 0 0 0 0 0 0 0 0 0 0 0 0 0 0 0 0 0 0 0 0 0 0 0 0 0 0 0 0 0 0 0 0 0 0 0 0 0 0 0 0 0 0 0 
0 1 0 0 0 0 0 0 0 0 0 0 
-227 359 -211 355 -156 347 -132 347 -91 347 -62 351 -13 355 -3 355 30 364 105 384 125 422 333 497 400 493 442 493 471 497 499 497 -232 165 -296 407 -285 404 -238 394 -202 398 -168 388 -142 391 -89 391 -65 388 -43 388 27 388 37 388 116 213 139 203 149 210 162 226 199 252 237 268 285 281 278 498 326 495 372 495 399 495 440 491 499 275 499 275 16 -4 55 -8 24 0 41 0 29 4 49 4 10 0 33 9 75 20 20 38 208 75 67 -4 42 0 29 4 28 0 -731 -332 -64 242 11 -3 47 -10 36 4 34 -10 26 3 53 0 24 -3 22 0 70 0 10 0 79 -175 23 -10 10 7 13 16 37 26 38 16 48 13 -7 217 48 -3 46 0 27 0 41 -4 59 -216 0 0 0 0 0 0 0 0 0 0 0 0 0 0 0 0 0 0 0 0 0 0 0 0 0 0 0 0 0 0 0 0 0 0 0 0 0 0 0 0 0 0 0 0 0 0 0 0 0 0 0 0 0 0 0 0 0 0 0 0 0 0 0 0 0 0 0 0 0 0 0 0 0 0 0 0 0 0 0 0 0 0 0 0 0 0 0 0 0 0 0 0 0 0 0 0 0 0 0 0 0 0 0 0 0 0 0 0 0 0 0 0 0 0 0 0 0 0 0 0 0 0 0 0 0 0 0 0 0 0 0 0 0 0 0 0 
0 1 0 0 0 0 0 0 0 0 0 0 
-402 401 -378 401 -324 370 -305 381 -300 385 -285 374 -276 366 -269 366 -252 354 -242 346 -218 346 -179 342 -129 346 -101 362 -45 381 4 389 45 393 64 401 108 405 165 409 185 413 207 409 233 425 257 417 283 421 304 425 332 425 382 429 417 437 442 444 464 452 483 468 495 484 500 500 -346 360 -346 360 -346 360 -346 360 -346 360 -309 360 -239 367 -190 386 -134 409 -90 432 -48 452 1 459 9 463 65 467 123 471 181 475 190 475 216 471 240 475 254 475 287 478 315 482 377 486 423 486 434 490 482 490 490 494 497 498 499 498 24 0 54 -31 19 11 5 4 15 -11 9 -8 7 0 17 -12 10 -8 24 0 39 -4 50 4 28 16 56 19 49 8 41 4 19 8 44 4 57 4 20 4 22 -4 26 16 24 -8 26 4 21 4 28 0 50 4 35 8 25 7 22 8 19 16 12 16 5 16 -846 -140 0 0 0 0 0 0 0 0 37 0 70 7 49 19 56 23 44 23 42 20 49 7 8 4 56 4 58 4 58 4 9 0 26 -4 24 4 14 0 33 3 28 4 62 4 46 0 11 4 48 0 8 4 7 4 2 0 0 0 0 0 0 0 0 0 0 0 0 0 0 0 0 0 0 0 0 0 0 0 0 0 0 0 0 0 0 0 0 0 0 0 0 0 0 0 0 0 0 0 0 0 0 0 0 0 0 0 
0 1 0 0 0 0 0 0 0 0 0 0 
-293 213 -275 207 -258 207 -254 207 -197 218 -188 224 -131 251 -63 278 -20 306 73 360 125 387 188 426 242 437 309 448 370 448 441 459 499 469 499 497 -404 185 -388 195 -375 195 -372 201 -310 227 -306 227 -254 248 -200 285 -140 328 -72 370 -15 391 40 423 93 444 154 465 218 486 273 492 328 497 434 444 430 449 500 428 500 428 18 -6 17 0 4 0 57 11 9 6 57 27 68 27 43 28 93 54 52 27 63 39 54 11 67 11 61 0 71 11 58 10 0 28 -903 -312 16 10 13 0 3 6 62 26 4 0 52 21 54 37 60 43 68 42 57 21 55 32 53 21 61 21 64 21 55 6 55 5 106 -53 -4 5 70 -21 0 0 0 0 0 0 0 0 0 0 0 0 0 0 0 0 0 0 0 0 0 0 0 0 0 0 0 0 0 0 0 0 0 0 0 0 0 0 0 0 0 0 0 0 0 0 0 0 0 0 0 0 0 0 0 0 0 0 0 0 0 0 0 0 0 0 0 0 0 0 0 0 0 0 0 0 0 0 0 0 0 0 0 0 0 0 0 0 0 0 0 0 0 0 0 0 0 0 0 0 0 0 0 0 0 0 0 0 0 0 0 0 0 0 0 0 0 0 0 0 0 0 0 0 0 0 0 0 0 0 0 0 0 0 0 0 0 0 0 0 0 0 0 0 0 0 0 0 
0 1 0 0 0 0 0 0 0 0 0 0 
-235 438 -235 438 -196 429 -155 419 -119 416 -60 409 -4 403 55 400 105 400 117 403 177 406 257 412 300 429 326 432 388 454 439 461 424 470 444 490 500 499 -264 432 -406 500 -393 487 -367 467 -322 448 -278 432 -214 413 -156 407 -115 403 -58 410 -50 413 6 410 63 426 116 432 128 439 179 458 298 451 311 455 248 467 338 461 408 467 450 483 483 480 499 477 0 0 39 -9 41 -10 36 -3 59 -7 56 -6 59 -3 50 0 12 3 60 3 80 6 43 17 26 3 62 22 51 7 -15 9 20 20 56 9 -764 -67 -142 68 13 -13 26 -20 45 -19 44 -16 64 -19 58 -6 41 -4 57 7 8 3 56 -3 57 16 53 6 12 7 51 19 119 -7 13 4 -63 12 90 -6 70 6 42 16 33 -3 16 -3 0 0 0 0 0 0 0 0 0 0 0 0 0 0 0 0 0 0 0 0 0 0 0 0 0 0 0 0 0 0 0 0 0 0 0 0 0 0 0 0 0 0 0 0 0 0 0 0 0 0 0 0 0 0 0 0 0 0 0 0 0 0 0 0 0 0 0 0 0 0 0 0 0 0 0 0 0 0 0 0 0 0 0 0 0 0 0 0 0 0 0 0 0 0 0 0 0 0 0 0 0 0 0 0 0 0 0 0 0 0 0 0 0 0 0 0 0 0 0 0 0 0 0 0 0 0 0 0 0 0 
0 1 0 0 0 0 0 0 0 0 0 0 
-425 482 -425 482 -380 432 -338 422 -273 407 -261 402 -218 391 -150 386 -107 386 -46 391 -2 396 61 402 105 402 134 412 185 417 231 417 276 417 300 422 338 422 382 427 404 432 499 497 499 497 -304 457 -261 412 -231 407 -181 396 -154 391 -112 386 -46 386 0 386 43 391 101 402 163 407 209 412 240 427 293 447 337 452 362 457 414 472 443 477 482 482 499 497 0 0 45 -50 42 -10 65 -15 12 -5 43 -11 68 -5 43 0 61 5 44 5 63 6 44 0 29 10 51 5 46 0 45 0 24 5 38 0 44 5 22 5 95 65 0 0 -803 -40 43 -45 30 -5 50 -11 27 -5 42 -5 66 0 46 0 43 5 58 11 62 5 46 5 31 15 53 20 44 5 25 5 52 15 29 5 39 5 17 15 0 0 0 0 0 0 0 0 0 0 0 0 0 0 0 0 0 0 0 0 0 0 0 0 0 0 0 0 0 0 0 0 0 0 0 0 0 0 0 0 0 0 0 0 0 0 0 0 0 0 0 0 0 0 0 0 0 0 0 0 0 0 0 0 0 0 0 0 0 0 0 0 0 0 0 0 0 0 0 0 0 0 0 0 0 0 0 0 0 0 0 0 0 0 0 0 0 0 0 0 0 0 0 0 0 0 0 0 0 0 0 0 0 0 0 0 0 0 0 0 0 0 0 0 0 0 0 0 0 0 
0 1 0 0 0 0 0 0 0 0 0 0 
-298 498 -259 480 -225 468 -176 459 -144 456 -91 454 -37 454 -8 454 31 456 74 456 110 454 151 454 212 451 244 451 294 451 348 456 388 459 425 456 463 448 499 427 -421 498 -421 498 -379 474 -341 457 -292 442 -263 436 -210 433 -154 427 -120 427 -79 427 -40 430 -2 427 42 424 96 421 132 418 181 418 232 421 278 424 321 421 348 415 393 404 500 401 495 398 474 389 39 -18 34 -12 49 -9 32 -3 53 -2 54 0 29 0 39 2 43 0 36 -2 41 0 61 -3 32 0 50 0 54 5 40 3 37 -3 38 -8 36 -21 -920 71 0 0 42 -24 38 -17 49 -15 29 -6 53 -3 56 -6 34 0 41 0 39 3 38 -3 44 -3 54 -3 36 -3 49 0 51 3 46 3 43 -3 27 -6 45 -11 107 -3 -5 -3 -21 -9 0 0 0 0 0 0 0 0 0 0 0 0 0 0 0 0 0 0 0 0 0 0 0 0 0 0 0 0 0 0 0 0 0 0 0 0 0 0 0 0 0 0 0 0 0 0 0 0 0 0 0 0 0 0 0 0 0 0 0 0 0 0 0 0 0 0 0 0 0 0 0 0 0 0 0 0 0 0 0 0 0 0 0 0 0 0 0 0 0 0 0 0 0 0 0 0 0 0 0 0 0 0 0 0 0 0 0 0 0 0 0 0 0 0 0 0 0 0 0 0 0 0 0 0 0 0 
0 1 0 0 0 0 0 0 0 0 0 0 
-218 500 -208 490 -158 471 -125 471 -96 466 -64 462 -2 438 14 438 55 419 96 400 147 391 166 386 203 377 242 372 282 367 352 377 413 391 464 410 497 448 500 462 -93 497 -93 497 32 470 32 470 132 433 140 433 183 424 245 410 260 406 366 415 414 424 489 447 500 447 10 -10 50 -19 33 0 29 -5 32 -4 62 -24 16 0 41 -19 41 -19 51 -9 19 -5 37 -9 39 -5 40 -5 70 10 61 14 51 19 33 38 3 14 -593 35 0 0 125 -27 0 0 100 -37 8 0 43 -9 62 -14 15 -4 106 9 48 9 75 23 11 0 0 0 0 0 0 0 0 0 0 0 0 0 0 0 0 0 0 0 0 0 0 0 0 0 0 0 0 0 0 0 0 0 0 0 0 0 0 0 0 0 0 0 0 0 0 0 0 0 0 0 0 0 0 0 0 0 0 0 0 0 0 0 0 0 0 0 0 0 0 0 0 0 0 0 0 0 0 0 0 0 0 0 0 0 0 0 0 0 0 0 0 0 0 0 0 0 0 0 0 0 0 0 0 0 0 0 0 0 0 0 0 0 0 0 0 0 0 0 0 0 0 0 0 0 0 0 0 0 0 0 0 0 0 0 0 0 0 0 0 0 0 0 0 0 0 0 0 0 0 0 0 0 0 0 0 0 0 0 0 0 0 0 0 0 0 0 0 0 0 0 
0 1 0 0 0 0 0 0 0 0 0 0 
-233 360 -390 372 -373 354 -325 330 -309 324 -269 321 -222 324 -155 327 -137 327 -90 327 -19 339 41 351 90 357 124 363 163 375 215 387 267 412 316 433 343 445 392 460 445 484 475 493 499 500 -251 345 -236 333 -203 315 -179 303 -142 300 -111 303 -63 306 -29 312 15 318 79 333 140 345 185 360 222 372 257 386 301 401 351 425 399 455 423 470 459 494 499 500 -157 12 17 -18 48 -24 16 -6 40 -3 47 3 67 3 18 0 47 0 71 12 60 12 49 6 34 6 39 12 52 12 52 25 49 21 27 12 49 15 53 24 30 9 24 7 -750 -155 15 -12 33 -18 24 -12 37 -3 31 3 48 3 34 6 44 6 64 15 61 12 45 15 37 12 35 14 44 15 50 24 48 30 24 15 36 24 40 6 0 0 0 0 0 0 0 0 0 0 0 0 0 0 0 0 0 0 0 0 0 0 0 0 0 0 0 0 0 0 0 0 0 0 0 0 0 0 0 0 0 0 0 0 0 0 0 0 0 0 0 0 0 0 0 0 0 0 0 0 0 0 0 0 0 0 0 0 0 0 0 0 0 0 0 0 0 0 0 0 0 0 0 0 0 0 0 0 0 0 0 0 0 0 0 0 0 0 0 0 0 0 0 0 0 0 0 0 0 0 0 0 0 0 0 0 0 0 0 0 0 0 0 0 0 0 0 0 0 0 
0 1 0 0 0 0 0 0 0 0 0 0 
-287 495 -424 500 -400 474 -377 457 -319 420 -265 399 -207 378 -141 352 -103 336 -58 319 -18 306 33 294 73 289 101 285 151 281 191 277 230 264 267 260 328 243 374 231 421 222 444 214 460 205 499 197 -300 497 -270 472 -225 447 -198 430 -147 413 -99 392 -43 375 -1 362 46 358 77 350 124 345 166 337 184 337 238 337 277 333 310 320 339 320 394 312 437 308 475 295 500 278 -137 5 24 -26 23 -17 58 -37 54 -21 58 -21 66 -26 38 -16 45 -17 40 -13 51 -12 40 -5 28 -4 50 -4 40 -4 39 -13 37 -4 61 -17 46 -12 47 -9 23 -8 16 -9 39 -8 -799 300 30 -25 45 -25 27 -17 51 -17 48 -21 56 -17 42 -13 47 -4 31 -8 47 -5 42 -8 18 0 54 0 39 -4 33 -13 29 0 55 -8 43 -4 38 -13 25 -17 0 0 0 0 0 0 0 0 0 0 0 0 0 0 0 0 0 0 0 0 0 0 0 0 0 0 0 0 0 0 0 0 0 0 0 0 0 0 0 0 0 0 0 0 0 0 0 0 0 0 0 0 0 0 0 0 0 0 0 0 0 0 0 0 0 0 0 0 0 0 0 0 0 0 0 0 0 0 0 0 0 0 0 0 0 0 0 0 0 0 0 0 0 0 0 0 0 0 0 0 0 0 0 0 0 0 0 0 0 0 0 0 0 0 0 0 0 0 0 0 0 0 
0 1 0 0 0 0 0 0 0 0 0 0 
-253 500 -402 454 -386 450 -335 439 -307 431 -260 416 -233 405 -183 393 -128 382 -74 375 -22 363 5 352 60 329 121 306 163 295 187 284 233 272 293 250 315 234 355 223 381 212 427 196 479 181 500 174 -276 500 -276 500 -225 488 -198 481 -160 469 -124 458 -85 446 -34 435 11 428 57 412 83 397 130 375 173 356 219 337 237 325 274 325 329 314 362 299 385 299 425 284 451 276 499 250 -149 -46 16 -4 51 -11 28 -8 47 -15 27 -11 50 -12 55 -11 54 -7 52 -12 27 -11 55 -23 61 -23 42 -11 24 -11 46 -12 60 -22 22 -16 40 -11 26 -11 46 -16 52 -15 21 -7 -776 326 0 0 51 -12 27 -7 38 -12 36 -11 39 -12 51 -11 45 -7 46 -16 26 -15 47 -22 43 -19 46 -19 18 -12 37 0 55 -11 33 -15 23 0 40 -15 26 -8 48 -26 0 0 0 0 0 0 0 0 0 0 0 0 0 0 0 0 0 0 0 0 0 0 0 0 0 0 0 0 0 0 0 0 0 0 0 0 0 0 0 0 0 0 0 0 0 0 0 0 0 0 0 0 0 0 0 0 0 0 0 0 0 0 0 0 0 0 0 0 0 0 0 0 0 0 0 0 0 0 0 0 0 0 0 0 0 0 0 0 0 0 0 0 0 0 0 0 0 0 0 0 0 0 0 0 0 0 0 0 0 0 0 0 0 0 0 0 0 0 
0 1 0 0 0 0 0 0 0 0 0 0 
