500 312 500 312 396 378 338 404 274 421 217 434 151 457 83 470 -4 496 -107 498 -174 493 -150 462 -150 462 -211 363 -211 350 -211 345 -213 337 -245 168 -257 130 -250 58 -232 -17 -190 -130 -176 -163 -154 -212 -106 -273 -96 -281 -36 -304 -26 -309 -46 -291 -36 -263 -12 -196 -7 -161 119 -94 149 -20 143 12 143 107 147 166 151 281 62 358 62 358 63 424 65 432 164 439 164 439 500 302 486 315 407 368 347 401 285 430 229 449 178 465 115 481 57 489 -46 500 -81 497 -103 494 -342 366 -175 -307 -10 -259 3 -232 38 -149 47 -74 87 371 91 409 90 473 89 478 0 0 -104 66 -58 26 -64 17 -57 13 -66 23 -68 13 -87 26 -103 2 -67 -5 24 -31 0 0 -61 -99 0 -13 0 -5 -2 -8 -32 -169 -12 -38 7 -72 18 -75 42 -113 14 -33 22 -49 48 -61 10 -8 60 -23 10 -5 -20 18 10 28 24 67 5 35 126 67 30 74 -6 32 0 95 4 59 4 115 -89 77 0 0 1 66 2 8 99 7 0 0 336 -137 -14 13 -79 53 -60 33 -62 29 -56 19 -51 16 -63 16 -58 8 -103 11 -35 -3 -22 -3 -239 -128 167 -673 165 48 13 27 35 83 9 75 40 445 4 38 -1 64 -1 5 0 0 0 0 0 0 0 0 0 0 0 0 0 0 0 0 0 0 0 0 0 0 0 0 0 0 0 0 0 0 0 0 0 0 0 0 0 0 
0 0 0 0 0 0 0 0 0 1 0 0 
500 262 485 274 469 293 402 346 369 366 278 419 238 433 151 467 52 491 -10 498 -61 489 -69 484 -132 460 -113 416 -113 416 -155 322 -167 291 -184 207 -184 146 -175 86 -164 26 -144 -60 -95 -185 -87 -197 -48 -250 -38 -265 18 -284 64 -265 107 -219 123 -200 142 -166 146 -154 119 -96 87 0 89 74 95 171 97 245 96 306 92 356 203 361 203 361 500 245 480 272 445 312 422 332 366 377 310 406 244 446 197 464 95 493 34 498 -11 493 -11 493 -64 473 -73 466 -295 89 -297 66 -247 -146 -247 -146 -195 -255 -195 -255 -195 -255 -157 -277 -97 -258 -46 -208 -44 -198 -34 -158 121 4 121 4 126 106 134 218 132 275 128 337 126 382 -15 12 -16 19 -67 53 -33 20 -91 53 -40 14 -87 34 -99 24 -62 7 -51 -9 -8 -5 -63 -24 19 -44 0 0 -42 -94 -12 -31 -17 -84 0 -61 9 -60 11 -60 20 -86 49 -125 8 -12 39 -53 10 -15 56 -19 46 19 43 46 16 19 19 34 4 12 -27 58 -32 96 2 74 6 97 2 74 -1 61 -4 50 111 5 0 0 297 -116 -20 27 -35 40 -23 20 -56 45 -56 29 -66 40 -47 18 -102 29 -61 5 -45 -5 0 0 -53 -20 -9 -7 -222 -377 -2 -23 50 -212 0 0 52 -109 0 0 0 0 38 -22 60 19 51 50 2 10 10 40 155 162 0 0 5 102 8 112 -2 57 -4 62 -2 45 0 0 0 0 0 0 
0 0 0 0 0 0 0 0 0 1 0 0 
500 500 -209 35 -243 -144 -243 -144 -73 -196 31 -240 121 -198 135 -182 194 -72 198 -56 499 455 499 455 378 459 392 461 336 475 271 482 218 484 154 493 120 493 49 499 7 499 -38 493 -66 486 -128 468 -168 448 -194 434 -230 405 -270 349 -274 338 -292 244 -294 170 -331 8 -181 -125 -181 -125 -174 -145 -172 -156 -217 -244 -124 -273 -55 -233 -49 -215 78 -145 95 -121 23 -85 23 -85 135 94 133 172 132 183 133 280 136 338 132 399 -709 -465 -34 -179 0 0 170 -52 104 -44 90 42 14 16 59 110 4 16 301 511 0 0 -121 4 14 2 -56 14 -65 7 -53 2 -64 9 -34 0 -71 6 -42 0 -45 -6 -28 -7 -62 -18 -40 -20 -26 -14 -36 -29 -40 -56 -4 -11 -18 -94 -2 -74 -37 -162 150 -133 0 0 7 -20 2 -11 -45 -88 93 -29 69 40 6 18 127 70 17 24 -72 36 0 0 112 179 -2 78 -1 11 1 97 3 58 -4 61 0 0 0 0 0 0 0 0 0 0 0 0 0 0 0 0 0 0 0 0 0 0 0 0 0 0 0 0 0 0 0 0 0 0 0 0 0 0 0 0 0 0 0 0 0 0 0 0 0 0 0 0 0 0 0 0 0 0 0 0 0 0 0 0 0 0 0 0 0 0 0 0 0 0 0 0 0 0 0 0 0 0 0 0 0 0 0 0 0 0 0 0 0 0 0 0 0 0 0 0 0 0 
0 0 0 0 0 0 0 0 0 1 0 0 
499 322 499 322 453 377 400 406 349 433 268 465 211 479 104 500 31 497 -29 494 -104 476 -181 418 -184 409 -236 337 -253 284 -253 127 -255 49 -258 -46 -155 -156 -152 -183 -129 -279 -101 -334 -67 -392 -49 -430 18 -470 18 -470 65 -462 135 -406 168 -345 195 -281 219 -171 222 -154 232 -14 231 63 228 159 215 281 212 299 206 377 206 406 211 415 212 415 212 415 500 292 447 357 398 396 354 417 280 452 229 473 137 494 67 500 1 491 -57 467 -116 417 -128 399 -173 325 -189 275 -205 94 -205 47 -200 -68 -88 -446 59 482 59 482 0 0 -46 55 -53 29 -51 27 -81 32 -57 14 -107 21 -73 -3 -60 -3 -75 -18 -77 -58 -3 -9 -52 -72 -17 -53 0 -157 -2 -78 -3 -95 103 -110 3 -27 23 -96 28 -55 34 -58 18 -38 67 -40 0 0 47 8 70 56 33 61 27 64 24 110 3 17 10 140 -1 77 -3 96 -13 122 -3 18 -6 78 0 29 5 9 1 0 0 0 288 -123 -53 65 -49 39 -44 21 -74 35 -51 21 -92 21 -70 6 -66 -9 -58 -24 -59 -50 -12 -18 -45 -74 -16 -50 -16 -181 0 -47 5 -115 112 -378 147 928 0 0 0 0 0 0 0 0 0 0 0 0 0 0 0 0 0 0 0 0 0 0 0 0 0 0 0 0 0 0 0 0 0 0 0 0 0 0 0 0 0 0 0 0 0 0 0 0 0 0 0 0 0 0 0 0 
0 0 0 0 0 0 0 0 0 1 0 0 
499 281 384 310 373 317 300 360 260 385 241 396 184 427 128 452 71 472 16 484 -77 500 -128 495 -194 470 -218 450 -260 407 -275 389 -260 295 -260 295 -270 155 -269 72 -262 9 -250 -24 -247 -36 -245 -49 -241 -60 -187 -182 -187 -186 -182 -195 -140 -254 -129 -270 -114 -281 -54 -308 11 -304 42 -288 89 -225 115 -168 134 -126 148 -60 155 24 157 103 154 200 150 263 145 328 499 300 472 316 398 357 352 390 337 401 283 424 215 454 174 468 114 489 13 498 -35 489 -109 450 -127 434 -159 404 -174 381 -188 348 -348 -27 -348 -27 -348 -27 -296 -140 -296 -140 -296 -140 -241 -258 -241 -258 -241 -258 -241 -258 -140 -332 -91 -325 -57 -297 -22 -247 27 -152 35 -120 41 -71 46 30 47 113 47 212 47 270 49 323 -115 29 -11 7 -73 43 -40 25 -19 11 -57 31 -56 25 -57 20 -55 12 -93 16 -51 -5 -66 -25 -24 -20 -42 -43 -15 -18 15 -94 0 0 -10 -140 1 -83 7 -63 12 -33 3 -12 2 -13 4 -11 54 -122 0 -4 5 -9 42 -59 11 -16 15 -11 60 -27 65 4 31 16 47 63 26 57 19 42 14 66 7 84 2 79 -3 97 -4 63 -5 65 354 -28 -27 16 -74 41 -46 33 -15 11 -54 23 -68 30 -41 14 -60 21 -101 9 -48 -9 -74 -39 -18 -16 -32 -30 -15 -23 -14 -33 -160 -375 0 0 0 0 52 -113 0 0 0 0 55 -118 0 0 0 0 0 0 101 -74 
0 0 0 0 0 0 0 0 0 1 0 0 
496 500 500 344 500 344 480 346 412 368 348 401 275 428 211 450 142 459 97 464 68 464 17 467 -20 467 -41 464 -112 453 -164 404 -213 344 -222 314 -234 265 -280 65 -282 49 -263 -90 -234 -218 -209 -262 -300 -341 -300 -341 -300 -341 -300 -341 -228 -415 -199 -415 -145 -390 -98 -349 -74 -308 -17 -213 -6 -144 38 8 44 38 45 92 49 245 49 352 19 469 12 500 499 311 487 314 475 317 406 341 352 360 267 395 205 414 112 436 77 439 31 447 -30 452 -66 449 -116 447 -179 433 -247 392 -281 352 -307 311 -320 265 -379 37 -379 29 -258 -13 -245 -46 -329 -140 -326 -208 -326 -208 -170 -265 -132 -333 -132 -336 -124 -344 -84 -365 -35 -368 7 -365 58 -327 103 -279 163 -181 185 -127 216 10 227 51 232 102 239 276 238 371 215 447 208 498 4 -156 0 0 -20 2 -68 22 -64 33 -73 27 -64 22 -69 9 -45 5 -29 0 -51 3 -37 0 -21 -3 -71 -11 -52 -49 -49 -60 -9 -30 -12 -49 -46 -200 -2 -16 19 -139 29 -128 25 -44 -91 -79 0 0 0 0 0 0 72 -74 29 0 54 25 47 41 24 41 57 95 11 69 44 152 6 30 1 54 4 153 0 107 -30 117 -7 31 487 -189 -12 3 -12 3 -69 24 -54 19 -85 35 -62 19 -93 22 -35 3 -46 8 -61 5 -36 -3 -50 -2 -63 -14 -68 -41 -34 -40 -26 -41 -13 -46 -59 -228 0 -8 121 -42 13 -33 -84 -94 3 -68 
0 0 0 0 0 0 0 0 0 1 0 0 
499 383 499 383 392 407 323 425 221 450 152 465 130 470 79 480 11 490 -50 499 -96 497 -166 485 -186 477 -179 462 -179 462 -187 432 -208 375 -250 283 -268 174 -268 97 -235 -29 -224 -54 -212 -94 -208 -111 -142 -223 -112 -258 -53 -281 -12 -283 30 -281 89 -251 144 -184 172 -129 215 2 224 119 226 231 224 333 218 398 218 402 196 447 197 450 58 437 58 437 500 382 489 384 390 416 319 444 236 461 179 476 159 478 113 483 40 491 1 498 -46 498 -106 491 -113 486 -126 478 -341 387 -345 364 -397 235 -406 146 -404 59 -358 -71 -358 -99 -356 -124 -306 -230 -306 -230 -256 -310 -220 -327 -178 -330 -120 -315 -95 -287 -42 -228 -23 -158 21 -32 26 101 29 210 29 310 29 357 -13 434 -13 434 0 0 -107 24 -69 18 -102 25 -69 15 -22 5 -51 10 -68 10 -61 9 -46 -2 -70 -12 -20 -8 7 -15 0 0 -8 -30 -21 -57 -42 -92 -18 -109 0 -77 33 -126 11 -25 12 -40 4 -17 66 -112 30 -35 59 -23 41 -2 42 2 59 30 55 67 28 55 43 131 9 117 2 112 -2 102 -6 65 0 4 -22 45 1 3 -139 -13 0 0 442 -55 -11 2 -99 32 -71 28 -83 17 -57 15 -20 2 -46 5 -73 8 -39 7 -47 0 -60 -7 -7 -5 -13 -8 -215 -91 -4 -23 -52 -129 -9 -89 2 -87 46 -130 0 -28 2 -25 50 -106 0 0 50 -80 36 -17 42 -3 58 15 25 28 
0 0 0 0 0 0 0 0 0 1 0 0 
500 333 474 342 386 372 383 379 330 399 264 429 175 462 150 471 118 478 79 489 17 497 -34 500 -102 497 -156 482 -219 458 -237 447 -284 399 -304 381 -323 339 -368 236 -377 201 -381 151 -240 76 -217 -13 -216 -15 -175 -105 -158 -131 -138 -173 -103 -199 -56 -225 -24 -223 17 -206 61 -146 98 -72 108 -39 116 8 122 63 132 173 133 232 135 269 4 375 128 410 499 349 499 349 399 389 372 403 329 423 284 449 205 474 183 476 136 489 119 489 61 498 11 498 -47 494 -103 478 -147 454 -167 436 -212 396 -217 387 -236 340 -280 224 -280 216 -283 146 -355 17 -355 17 -355 17 -304 -171 -303 -178 -298 -191 -255 -240 -221 -258 -197 -256 -147 -224 -100 -151 -81 -100 -76 -69 -69 2 -61 84 -55 173 -50 260 56 367 -26 9 -88 30 -3 7 -53 20 -66 30 -89 33 -25 9 -32 7 -39 11 -62 8 -51 3 -68 -3 -54 -15 -63 -24 -18 -11 -47 -48 -20 -18 -19 -42 -45 -103 -9 -35 -4 -50 141 -75 23 -89 1 -2 41 -90 17 -26 20 -42 35 -26 47 -26 32 2 41 17 44 60 37 74 10 33 8 47 6 55 10 110 1 59 2 37 -131 106 124 35 371 -61 0 0 -100 40 -27 14 -43 20 -45 26 -79 25 -22 2 -47 13 -17 0 -58 9 -50 0 -58 -4 -56 -16 -44 -24 -20 -18 -45 -40 -5 -9 -19 -47 -44 -116 0 -8 -3 -70 -72 -129 0 0 0 0 51 -188 1 -7 
0 0 0 0 0 0 0 0 0 1 0 0 
498 496 500 233 500 233 425 297 404 311 335 358 263 399 199 422 154 437 84 460 15 481 -38 492 -100 498 -167 483 -181 472 -246 425 -256 393 -189 282 -193 265 -206 166 -263 2 -263 2 -257 -137 -230 -201 -212 -259 -166 -323 -134 -352 -88 -335 -22 -268 -2 -172 -2 -172 143 -58 154 -14 170 72 173 119 176 192 179 288 180 346 184 396 500 232 425 304 418 310 353 370 277 408 237 431 188 445 148 462 72 485 20 494 -41 499 -94 482 -109 479 -158 436 -178 393 -216 54 -204 25 -173 -129 -154 -183 -135 -232 -105 -275 -60 -316 -21 -290 21 -224 46 -135 64 -63 -8 -48 -8 -48 -8 -48 -7 100 -7 172 -6 267 -7 316 2 -263 0 0 -75 64 -21 14 -69 47 -72 41 -64 23 -45 15 -70 23 -69 21 -53 11 -62 6 -67 -15 -14 -11 -65 -47 -10 -32 67 -111 -4 -17 -13 -99 -57 -164 0 0 6 -139 27 -64 18 -58 46 -64 32 -29 46 17 66 67 20 96 0 0 145 114 11 44 16 86 3 47 3 73 3 96 1 58 4 50 316 -164 -75 72 -7 6 -65 60 -76 38 -40 23 -49 14 -40 17 -76 23 -52 9 -61 5 -53 -17 -15 -3 -49 -43 -20 -43 -38 -339 12 -29 31 -154 19 -54 19 -49 30 -43 45 -41 39 26 42 66 25 89 18 72 -72 15 0 0 0 0 1 148 0 72 1 95 -1 49 0 0 0 0 0 0 0 0 0 0 0 0 0 0 
0 0 0 0 0 0 0 0 0 1 0 0 
500 498 499 242 478 259 459 276 345 338 348 346 234 388 222 391 27 467 27 467 27 467 -92 498 11 470 -116 383 -117 380 -121 371 -121 371 -190 180 -192 -30 -188 -101 152 -25 154 -11 165 154 164 228 499 180 499 180 479 200 451 216 367 261 342 278 261 346 259 349 178 383 99 416 99 416 85 422 80 422 23 450 16 453 -134 498 -242 419 -243 414 -223 323 -223 323 -223 323 -224 247 -298 183 -294 -2 -294 -70 -217 -154 -215 -230 -198 -295 -173 -371 -145 -445 -137 -453 -79 -481 -32 -476 21 -397 35 -366 54 -256 64 -143 32 36 32 36 32 163 34 276 34 276 60 391 64 464 -1 -256 -21 17 -19 17 -114 62 3 8 -114 42 -12 3 -195 76 0 0 0 0 -119 31 103 -28 -127 -87 -1 -3 -4 -9 0 0 -69 -191 -2 -210 4 -71 340 76 2 14 11 165 -1 74 335 -48 0 0 -20 20 -28 16 -84 45 -25 17 -81 68 -2 3 -81 34 -79 33 0 0 -14 6 -5 0 -57 28 -7 3 -150 45 -108 -79 -1 -5 20 -91 0 0 0 0 -1 -76 -74 -64 4 -185 0 -68 77 -84 2 -76 17 -65 25 -76 28 -74 8 -8 58 -28 47 5 53 79 14 31 19 110 10 113 -32 179 0 0 0 127 2 113 0 0 26 115 4 73 0 0 0 0 0 0 0 0 0 0 0 0 0 0 0 0 0 0 0 0 0 0 0 0 0 0 0 0 0 0 
0 0 0 0 0 0 0 0 0 1 0 0 
499 273 398 304 388 306 302 339 226 380 205 389 144 413 98 437 58 451 39 456 -13 477 -46 489 -97 498 -117 498 -168 479 -235 441 -238 437 -220 394 -210 337 -215 199 -208 68 -202 2 -152 -135 -148 -152 -104 -223 -57 -266 -4 -282 52 -232 64 -209 101 -106 107 -78 113 -21 119 85 120 173 120 251 118 311 499 291 481 304 404 355 319 389 299 403 226 435 199 447 147 467 129 474 86 484 38 493 -8 498 -17 498 -116 474 -143 452 -298 379 -298 379 -300 167 -301 90 -249 -114 -196 -223 -196 -223 -196 -223 -94 -296 -46 -250 -34 -214 16 -107 17 -70 21 -7 23 136 25 204 26 270 26 330 -101 31 -10 2 -86 33 -76 41 -21 9 -61 24 -46 24 -40 14 -19 5 -52 21 -33 12 -51 9 -20 0 -51 -19 -67 -38 -3 -4 18 -43 10 -57 -5 -138 7 -131 6 -66 50 -137 4 -17 44 -71 47 -43 53 -16 56 50 12 23 37 103 6 28 6 57 6 106 1 88 0 78 -2 60 381 -20 -18 13 -77 51 -85 34 -20 14 -73 32 -27 12 -52 20 -18 7 -43 10 -48 9 -46 5 -9 0 -99 -24 -27 -22 -155 -73 0 0 -2 -212 -1 -77 52 -204 53 -109 0 0 0 0 102 -73 48 46 12 36 50 107 1 37 4 63 2 143 2 68 1 66 0 60 0 0 0 0 0 0 0 0 0 0 0 0 0 0 0 0 0 0 0 0 0 0 0 0 0 0 
0 0 0 0 0 0 0 0 0 1 0 0 
500 497 499 302 486 302 481 302 422 317 351 350 236 400 196 415 144 433 117 448 66 462 6 483 -41 495 -93 498 -176 465 -208 430 -223 403 -236 335 -239 258 -221 127 -287 47 -287 47 -287 47 -185 -35 -155 -86 -81 -204 -48 -219 -21 -225 19 -213 81 -154 99 -127 142 -8 153 44 162 163 168 329 168 397 168 465 499 295 499 295 484 295 434 307 337 346 212 390 157 411 130 423 89 440 24 464 -41 482 -96 491 -157 494 -240 467 -287 414 -303 390 -316 331 -319 245 -318 198 -186 127 -157 23 -156 17 -146 -35 -199 -147 -199 -147 -159 -204 -92 -245 -81 -248 -34 -236 41 -195 54 -162 112 -41 123 26 130 144 134 281 136 381 136 449 131 500 -1 -195 -13 0 -5 0 -59 15 -71 33 -115 50 -40 15 -52 18 -27 15 -51 14 -60 21 -47 12 -52 3 -83 -33 -32 -35 -15 -27 -13 -68 -3 -77 18 -131 -66 -80 0 0 0 0 102 -82 30 -51 74 -118 33 -15 27 -6 40 12 62 59 18 27 43 119 11 52 9 119 6 166 0 68 0 68 331 -170 0 0 -15 0 -50 12 -97 39 -125 44 -55 21 -27 12 -41 17 -65 24 -65 18 -55 9 -61 3 -83 -27 -47 -53 -16 -24 -13 -59 -3 -86 1 -47 132 -71 29 -104 1 -6 10 -52 -53 -112 0 0 40 -57 67 -41 11 -3 47 12 75 41 13 33 58 121 11 67 7 118 4 137 2 100 0 68 -5 51 0 0 
0 0 0 0 0 0 0 0 0 1 0 0 
488 224 488 224 500 229 427 304 353 370 305 410 205 488 183 499 499 163 499 163 406 174 346 211 346 211 264 257 202 319 152 353 28 453 28 455 41 463 -21 493 -39 498 -90 487 -137 447 -159 423 -190 359 -214 278 -227 195 -232 120 -233 26 -224 -80 -213 -150 -185 -246 -162 -316 -139 -359 -116 -391 -75 -431 -21 -420 19 -380 41 -324 53 -286 76 -176 88 -101 97 -29 103 58 108 168 108 281 106 375 106 415 0 0 12 5 -73 75 -74 66 -48 40 -100 78 -22 11 316 -336 0 0 -93 11 -60 37 0 0 -82 46 -62 62 -50 34 -124 100 0 2 13 8 -62 30 -18 5 -51 -11 -47 -40 -22 -24 -31 -64 -24 -81 -13 -83 -5 -75 -1 -94 9 -106 11 -70 28 -96 23 -70 23 -43 23 -32 41 -40 54 11 40 40 22 56 12 38 23 110 12 75 9 72 6 87 5 110 0 113 -2 94 0 40 0 0 0 0 0 0 0 0 0 0 0 0 0 0 0 0 0 0 0 0 0 0 0 0 0 0 0 0 0 0 0 0 0 0 0 0 0 0 0 0 0 0 0 0 0 0 0 0 0 0 0 0 0 0 0 0 0 0 0 0 0 0 0 0 0 0 0 0 0 0 0 0 0 0 0 0 0 0 0 0 0 0 0 0 0 0 0 0 0 0 0 0 0 0 0 0 0 0 0 0 0 0 0 0 0 0 0 0 0 0 
0 0 0 0 0 0 0 0 0 1 0 0 
499 367 499 367 422 379 363 394 319 410 258 440 121 493 37 496 -22 498 -62 498 -110 496 -170 455 -195 427 -219 389 -244 334 -254 301 -256 288 -264 98 -255 30 -252 10 -291 -116 -199 -131 -184 -151 -135 -210 -106 -225 -67 -232 -43 -230 3 -197 36 -159 -18 -126 82 -35 88 5 90 15 104 108 111 205 111 222 111 326 36 410 500 357 435 367 396 374 327 396 190 469 73 486 -30 498 -89 498 -116 489 -181 481 -243 454 -327 347 -327 347 -327 347 -323 287 -317 63 -318 29 -150 -145 139 -150 208 328 0 0 -77 12 -59 15 -44 16 -61 30 -137 53 -84 3 -59 2 -40 0 -48 -2 -60 -41 -25 -28 -24 -38 -25 -55 -10 -33 -2 -13 -8 -190 9 -68 3 -20 -39 -126 92 -15 15 -20 49 -59 29 -15 39 -7 24 2 46 33 33 38 -54 33 100 91 6 40 2 10 14 93 7 97 0 17 0 104 -75 84 464 -53 -65 10 -39 7 -69 22 -137 73 -117 17 -103 12 -59 0 -27 -9 -65 -8 -62 -27 -84 -107 0 0 0 0 4 -60 6 -224 -1 -34 168 -174 289 -5 69 478 0 0 0 0 0 0 0 0 0 0 0 0 0 0 0 0 0 0 0 0 0 0 0 0 0 0 0 0 0 0 0 0 0 0 0 0 0 0 0 0 0 0 0 0 0 0 0 0 0 0 0 0 0 0 0 0 0 0 0 0 0 0 0 0 0 0 0 0 0 0 
0 0 0 0 0 0 0 0 0 1 0 0 
500 308 500 308 482 316 471 321 357 375 292 409 231 438 208 444 142 468 44 492 19 497 -36 500 -107 484 -167 449 -183 433 -251 345 -255 273 -230 199 -210 119 -201 61 -201 61 -201 45 -170 -63 -159 -111 -142 -164 -100 -239 -80 -263 -35 -289 14 -311 45 -311 92 -287 142 -239 161 -199 178 -143 191 -93 194 -50 194 -50 187 154 186 167 184 273 186 364 178 425 178 428 183 441 186 446 186 446 499 324 483 329 471 335 461 340 363 388 298 426 243 450 225 455 168 474 68 495 61 495 11 498 -53 487 -114 453 -119 447 -179 361 -342 107 -342 107 -342 107 -342 83 -295 -93 -295 -93 -293 -163 -249 -276 -229 -302 -198 -332 -157 -348 -126 -345 -83 -313 -36 -268 -27 -238 -14 -166 -3 -80 -1 -61 6 450 6 450 6 450 0 0 -18 8 -11 5 -114 54 -65 34 -61 29 -23 6 -66 24 -98 24 -25 5 -55 3 -71 -16 -60 -35 -16 -16 -68 -88 -4 -72 25 -74 20 -80 9 -58 0 0 0 -16 31 -108 11 -48 17 -53 42 -75 20 -24 45 -26 49 -22 31 0 47 24 50 48 19 40 17 56 13 50 3 43 0 0 -7 204 -1 13 -2 106 2 91 -8 61 0 3 5 13 3 5 0 0 313 -122 -16 5 -12 6 -10 5 -98 48 -65 38 -55 24 -18 5 -57 19 -100 21 -7 0 -50 3 -64 -11 -61 -34 -5 -6 -60 -86 -163 -254 0 0 0 0 0 -24 47 -176 0 0 
0 0 0 0 0 0 0 0 0 1 0 0 
