496 498 498 476 498 381 498 309 496 218 496 158 491 58 488 0 483 -60 481 -130 475 -230 475 -277 473 -388 468 -444 500 500 494 476 478 377 470 294 466 207 470 146 464 63 456 -16 454 -49 450 -132 446 -233 444 -290 448 -396 464 -448 2 -22 0 -95 0 -72 -2 -91 0 -60 -5 -100 -3 -58 -5 -60 -2 -70 -6 -100 0 -47 -2 -111 -5 -56 32 944 -6 -24 -16 -99 -8 -83 -4 -87 4 -61 -6 -83 -8 -79 -2 -33 -4 -83 -4 -101 -2 -57 4 -106 16 -52 0 0 0 0 0 0 0 0 0 0 0 0 0 0 0 0 0 0 0 0 0 0 0 0 0 0 0 0 0 0 0 0 0 0 0 0 0 0 0 0 0 0 0 0 0 0 0 0 0 0 0 0 0 0 0 0 0 0 0 0 0 0 0 0 0 0 0 0 0 0 0 0 0 0 0 0 0 0 0 0 0 0 0 0 0 0 0 0 0 0 0 0 0 0 0 0 0 0 0 0 0 0 0 0 0 0 0 0 0 0 0 0 0 0 0 0 0 0 0 0 0 0 0 0 0 0 0 0 0 0 0 0 0 0 0 0 0 0 0 0 0 0 0 0 0 0 0 0 0 0 0 0 0 0 0 0 0 0 0 0 0 0 0 0 0 0 0 0 0 0 0 0 0 0 0 0 0 0 0 0 0 0 0 0 0 0 0 0 0 0 
0 0 0 1 0 0 0 0 0 0 0 0 
338 500 338 500 342 382 340 317 342 221 340 185 338 103 338 40 335 -36 333 -110 331 -173 328 -225 328 -317 324 -408 500 -444 500 -444 499 498 494 379 490 320 487 210 485 196 482 94 480 32 476 -27 475 -109 471 -183 471 -218 470 -315 464 -384 0 0 4 -118 -2 -65 2 -96 -2 -36 -2 -82 0 -63 -3 -76 -2 -74 -2 -63 -3 -52 0 -92 -4 -91 176 -36 0 0 -1 942 -5 -119 -4 -59 -3 -110 -2 -14 -3 -102 -2 -62 -4 -59 -1 -82 -4 -74 0 -35 -1 -97 -6 -69 0 0 0 0 0 0 0 0 0 0 0 0 0 0 0 0 0 0 0 0 0 0 0 0 0 0 0 0 0 0 0 0 0 0 0 0 0 0 0 0 0 0 0 0 0 0 0 0 0 0 0 0 0 0 0 0 0 0 0 0 0 0 0 0 0 0 0 0 0 0 0 0 0 0 0 0 0 0 0 0 0 0 0 0 0 0 0 0 0 0 0 0 0 0 0 0 0 0 0 0 0 0 0 0 0 0 0 0 0 0 0 0 0 0 0 0 0 0 0 0 0 0 0 0 0 0 0 0 0 0 0 0 0 0 0 0 0 0 0 0 0 0 0 0 0 0 0 0 0 0 0 0 0 0 0 0 0 0 0 0 0 0 0 0 0 0 0 0 0 0 0 0 0 0 0 0 0 0 0 0 0 0 0 0 0 0 
0 0 0 1 0 0 0 0 0 0 0 0 
427 500 427 471 428 462 428 453 425 427 405 359 400 303 389 268 379 189 374 123 370 56 364 -44 362 -109 360 -161 355 -221 350 -308 321 -397 311 -439 302 -462 500 -453 500 -453 500 498 493 476 492 469 492 459 487 435 469 360 465 323 460 284 452 194 449 109 449 63 443 -38 439 -119 436 -155 433 -211 422 -304 405 -389 402 -418 414 -450 0 -29 1 -9 0 -9 -3 -26 -20 -68 -5 -56 -11 -35 -10 -79 -5 -66 -4 -67 -6 -100 -2 -65 -2 -52 -5 -60 -5 -87 -29 -89 -10 -42 -9 -23 198 9 0 0 0 951 -7 -22 -1 -7 0 -10 -5 -24 -18 -75 -4 -37 -5 -39 -8 -90 -3 -85 0 -46 -6 -101 -4 -81 -3 -36 -3 -56 -11 -93 -17 -85 -3 -29 12 -32 0 0 0 0 0 0 0 0 0 0 0 0 0 0 0 0 0 0 0 0 0 0 0 0 0 0 0 0 0 0 0 0 0 0 0 0 0 0 0 0 0 0 0 0 0 0 0 0 0 0 0 0 0 0 0 0 0 0 0 0 0 0 0 0 0 0 0 0 0 0 0 0 0 0 0 0 0 0 0 0 0 0 0 0 0 0 0 0 0 0 0 0 0 0 0 0 0 0 0 0 0 0 0 0 0 0 0 0 0 0 0 0 0 0 0 0 0 0 0 0 0 0 0 0 0 0 0 0 0 0 0 0 0 0 0 0 0 0 0 0 0 0 
0 0 0 1 0 0 0 0 0 0 0 0 
494 498 494 498 492 469 494 456 492 427 494 345 497 279 500 214 497 138 492 76 489 7 484 -61 479 -133 474 -217 469 -320 461 -424 499 498 491 468 491 460 489 453 489 425 479 351 483 275 479 217 473 134 471 88 463 0 461 -63 457 -124 453 -217 451 -311 455 -402 0 0 -2 -29 2 -13 -2 -29 2 -82 3 -66 3 -65 -3 -76 -5 -62 -3 -69 -5 -68 -5 -72 -5 -84 -5 -103 -8 -104 38 922 -8 -30 0 -8 -2 -7 0 -28 -10 -74 4 -76 -4 -58 -6 -83 -2 -46 -8 -88 -2 -63 -4 -61 -4 -93 -2 -94 4 -91 0 0 0 0 0 0 0 0 0 0 0 0 0 0 0 0 0 0 0 0 0 0 0 0 0 0 0 0 0 0 0 0 0 0 0 0 0 0 0 0 0 0 0 0 0 0 0 0 0 0 0 0 0 0 0 0 0 0 0 0 0 0 0 0 0 0 0 0 0 0 0 0 0 0 0 0 0 0 0 0 0 0 0 0 0 0 0 0 0 0 0 0 0 0 0 0 0 0 0 0 0 0 0 0 0 0 0 0 0 0 0 0 0 0 0 0 0 0 0 0 0 0 0 0 0 0 0 0 0 0 0 0 0 0 0 0 0 0 0 0 0 0 0 0 0 0 0 0 0 0 0 0 0 0 0 0 0 0 0 0 0 0 0 0 0 0 0 0 0 0 0 0 0 0 
0 0 0 1 0 0 0 0 0 0 0 0 
296 498 299 474 302 392 302 348 305 274 299 215 302 141 305 102 305 19 305 -52 302 -58 411 -148 421 -172 457 -193 490 -230 499 -289 496 -359 499 -376 498 499 498 499 495 401 498 340 492 266 492 226 489 156 483 109 471 24 462 -58 142 -210 142 -210 136 -275 124 -349 3 -24 3 -82 0 -44 3 -74 -6 -59 3 -74 3 -39 0 -83 0 -71 -3 -6 109 -90 10 -24 36 -21 33 -37 9 -59 -3 -70 3 -17 -1 875 0 0 -3 -98 3 -61 -6 -74 0 -40 -3 -70 -6 -47 -12 -85 -9 -82 -320 -152 0 0 -6 -65 -12 -74 0 0 0 0 0 0 0 0 0 0 0 0 0 0 0 0 0 0 0 0 0 0 0 0 0 0 0 0 0 0 0 0 0 0 0 0 0 0 0 0 0 0 0 0 0 0 0 0 0 0 0 0 0 0 0 0 0 0 0 0 0 0 0 0 0 0 0 0 0 0 0 0 0 0 0 0 0 0 0 0 0 0 0 0 0 0 0 0 0 0 0 0 0 0 0 0 0 0 0 0 0 0 0 0 0 0 0 0 0 0 0 0 0 0 0 0 0 0 0 0 0 0 0 0 0 0 0 0 0 0 0 0 0 0 0 0 0 0 0 0 0 0 0 0 0 0 0 0 0 0 0 0 0 0 0 0 0 0 0 0 0 0 0 0 0 0 0 0 0 0 0 0 0 0 
0 0 0 1 0 0 0 0 0 0 0 0 
427 500 442 497 464 491 500 475 451 456 421 410 415 342 411 278 410 214 408 125 408 54 408 -28 407 -107 403 -164 403 -232 405 -293 400 -353 394 -423 499 498 499 498 493 390 490 320 487 253 485 161 485 81 484 -9 481 -93 481 -146 479 -221 473 -310 473 -344 473 -421 15 -3 22 -6 36 -16 -49 -19 -30 -46 -6 -68 -4 -64 -1 -64 -2 -89 0 -71 0 -82 -1 -79 -4 -57 0 -68 2 -61 -5 -60 -6 -70 105 921 0 0 -6 -108 -3 -70 -3 -67 -2 -92 0 -80 -1 -90 -3 -84 0 -53 -2 -75 -6 -89 0 -34 0 -77 0 0 0 0 0 0 0 0 0 0 0 0 0 0 0 0 0 0 0 0 0 0 0 0 0 0 0 0 0 0 0 0 0 0 0 0 0 0 0 0 0 0 0 0 0 0 0 0 0 0 0 0 0 0 0 0 0 0 0 0 0 0 0 0 0 0 0 0 0 0 0 0 0 0 0 0 0 0 0 0 0 0 0 0 0 0 0 0 0 0 0 0 0 0 0 0 0 0 0 0 0 0 0 0 0 0 0 0 0 0 0 0 0 0 0 0 0 0 0 0 0 0 0 0 0 0 0 0 0 0 0 0 0 0 0 0 0 0 0 0 0 0 0 0 0 0 0 0 0 0 0 0 0 0 0 0 0 0 0 0 0 0 0 0 0 0 0 0 0 0 0 0 0 0 
0 0 0 1 0 0 0 0 0 0 0 0 
498 500 498 480 482 373 472 236 477 226 440 182 424 97 416 15 411 -69 408 -160 406 -239 403 -317 401 -365 393 -463 393 -463 500 500 500 500 480 368 465 240 461 226 453 180 442 86 436 -11 434 -80 431 -171 429 -248 425 -333 427 -368 444 -455 0 -20 -16 -107 -10 -137 5 -10 -37 -44 -16 -85 -8 -82 -5 -84 -3 -91 -2 -79 -3 -78 -2 -48 -8 -98 0 0 107 963 0 0 -20 -132 -15 -128 -4 -14 -8 -46 -11 -94 -6 -97 -2 -69 -3 -91 -2 -77 -4 -85 2 -35 17 -87 0 0 0 0 0 0 0 0 0 0 0 0 0 0 0 0 0 0 0 0 0 0 0 0 0 0 0 0 0 0 0 0 0 0 0 0 0 0 0 0 0 0 0 0 0 0 0 0 0 0 0 0 0 0 0 0 0 0 0 0 0 0 0 0 0 0 0 0 0 0 0 0 0 0 0 0 0 0 0 0 0 0 0 0 0 0 0 0 0 0 0 0 0 0 0 0 0 0 0 0 0 0 0 0 0 0 0 0 0 0 0 0 0 0 0 0 0 0 0 0 0 0 0 0 0 0 0 0 0 0 0 0 0 0 0 0 0 0 0 0 0 0 0 0 0 0 0 0 0 0 0 0 0 0 0 0 0 0 0 0 0 0 0 0 0 0 0 0 0 0 0 0 0 0 0 0 0 0 0 0 0 0 0 0 0 0 
0 0 0 1 0 0 0 0 0 0 0 0 
497 500 297 500 285 480 288 440 288 380 288 309 285 241 285 175 285 83 288 34 283 -40 278 -94 285 -179 288 -262 288 -326 269 -431 500 -442 500 -442 498 500 491 470 494 427 491 361 494 294 491 237 489 160 486 64 484 25 484 -59 479 -111 486 -194 491 -275 491 -320 496 -427 -200 0 -12 -20 3 -40 0 -60 0 -71 -3 -68 0 -66 0 -92 3 -49 -5 -74 -5 -54 7 -85 3 -83 0 -64 -19 -105 231 -11 0 0 -2 942 -7 -30 3 -43 -3 -66 3 -67 -3 -57 -2 -77 -3 -96 -2 -39 0 -84 -5 -52 7 -83 5 -81 0 -45 5 -107 0 0 0 0 0 0 0 0 0 0 0 0 0 0 0 0 0 0 0 0 0 0 0 0 0 0 0 0 0 0 0 0 0 0 0 0 0 0 0 0 0 0 0 0 0 0 0 0 0 0 0 0 0 0 0 0 0 0 0 0 0 0 0 0 0 0 0 0 0 0 0 0 0 0 0 0 0 0 0 0 0 0 0 0 0 0 0 0 0 0 0 0 0 0 0 0 0 0 0 0 0 0 0 0 0 0 0 0 0 0 0 0 0 0 0 0 0 0 0 0 0 0 0 0 0 0 0 0 0 0 0 0 0 0 0 0 0 0 0 0 0 0 0 0 0 0 0 0 0 0 0 0 0 0 0 0 0 0 0 0 0 0 0 0 0 0 0 0 0 0 
0 0 0 1 0 0 0 0 0 0 0 0 
353 500 350 477 347 428 340 346 340 233 340 142 336 82 340 22 329 -45 326 -133 498 -213 491 -222 463 -293 457 -399 460 -456 500 498 500 498 491 428 488 358 479 234 476 152 473 79 468 21 462 -37 450 -133 -3 -23 -3 -49 -7 -82 0 -113 0 -91 -4 -60 4 -60 -11 -67 -3 -88 172 -80 -7 -9 -28 -71 -6 -106 3 -57 40 954 0 0 -9 -70 -3 -70 -9 -124 -3 -82 -3 -73 -5 -58 -6 -58 -12 -96 0 0 0 0 0 0 0 0 0 0 0 0 0 0 0 0 0 0 0 0 0 0 0 0 0 0 0 0 0 0 0 0 0 0 0 0 0 0 0 0 0 0 0 0 0 0 0 0 0 0 0 0 0 0 0 0 0 0 0 0 0 0 0 0 0 0 0 0 0 0 0 0 0 0 0 0 0 0 0 0 0 0 0 0 0 0 0 0 0 0 0 0 0 0 0 0 0 0 0 0 0 0 0 0 0 0 0 0 0 0 0 0 0 0 0 0 0 0 0 0 0 0 0 0 0 0 0 0 0 0 0 0 0 0 0 0 0 0 0 0 0 0 0 0 0 0 0 0 0 0 0 0 0 0 0 0 0 0 0 0 0 0 0 0 0 0 0 0 0 0 0 0 0 0 0 0 0 0 0 0 0 0 0 0 0 0 0 0 0 0 0 0 0 0 0 0 0 0 0 0 0 0 
0 0 0 1 0 0 0 0 0 0 0 0 
237 498 243 471 248 429 253 355 258 237 260 158 260 51 263 -7 263 -71 263 -182 263 -261 260 -404 496 -414 498 -429 492 498 489 474 487 427 489 359 494 234 494 178 497 73 500 7 494 -48 489 -158 492 -237 492 -349 6 -27 5 -42 5 -74 5 -118 2 -79 0 -107 3 -58 0 -64 0 -111 0 -79 -3 -143 236 -10 2 -15 -6 927 -3 -24 -2 -47 2 -68 5 -125 0 -56 3 -105 3 -66 -6 -55 -5 -110 3 -79 0 -112 0 0 0 0 0 0 0 0 0 0 0 0 0 0 0 0 0 0 0 0 0 0 0 0 0 0 0 0 0 0 0 0 0 0 0 0 0 0 0 0 0 0 0 0 0 0 0 0 0 0 0 0 0 0 0 0 0 0 0 0 0 0 0 0 0 0 0 0 0 0 0 0 0 0 0 0 0 0 0 0 0 0 0 0 0 0 0 0 0 0 0 0 0 0 0 0 0 0 0 0 0 0 0 0 0 0 0 0 0 0 0 0 0 0 0 0 0 0 0 0 0 0 0 0 0 0 0 0 0 0 0 0 0 0 0 0 0 0 0 0 0 0 0 0 0 0 0 0 0 0 0 0 0 0 0 0 0 0 0 0 0 0 0 0 0 0 0 0 0 0 0 0 0 0 0 0 0 0 0 0 0 0 0 0 0 0 0 0 0 0 0 0 0 0 0 0 0 0 
0 0 0 1 0 0 0 0 0 0 0 0 
494 500 498 421 498 317 498 234 498 165 498 111 498 33 494 -52 494 -104 494 -170 496 -255 496 -379 496 -431 498 498 498 498 496 418 493 309 489 231 489 179 486 115 488 54 484 -35 481 -104 479 -158 483 -231 486 -326 498 -423 500 -430 4 -79 0 -104 0 -83 0 -69 0 -54 0 -78 -4 -85 0 -52 0 -66 2 -85 0 -124 0 -52 2 929 0 0 -2 -80 -3 -109 -4 -78 0 -52 -3 -64 2 -61 -4 -89 -3 -69 -2 -54 4 -73 3 -95 12 -97 2 -7 0 0 0 0 0 0 0 0 0 0 0 0 0 0 0 0 0 0 0 0 0 0 0 0 0 0 0 0 0 0 0 0 0 0 0 0 0 0 0 0 0 0 0 0 0 0 0 0 0 0 0 0 0 0 0 0 0 0 0 0 0 0 0 0 0 0 0 0 0 0 0 0 0 0 0 0 0 0 0 0 0 0 0 0 0 0 0 0 0 0 0 0 0 0 0 0 0 0 0 0 0 0 0 0 0 0 0 0 0 0 0 0 0 0 0 0 0 0 0 0 0 0 0 0 0 0 0 0 0 0 0 0 0 0 0 0 0 0 0 0 0 0 0 0 0 0 0 0 0 0 0 0 0 0 0 0 0 0 0 0 0 0 0 0 0 0 0 0 0 0 0 0 0 0 0 0 0 0 0 0 0 0 0 0 0 0 0 0 0 0 
0 0 0 1 0 0 0 0 0 0 0 0 
427 498 214 489 218 463 224 415 230 357 239 250 243 178 245 126 245 33 245 -31 245 -105 243 -200 243 -264 245 -331 247 -436 498 -455 500 -458 454 498 455 470 463 412 471 348 481 255 477 188 475 116 477 33 475 -16 473 -100 475 -174 475 -264 477 -317 499 -408 -213 -9 4 -26 6 -48 6 -58 9 -107 4 -72 2 -52 0 -93 0 -64 0 -74 -2 -95 0 -64 2 -67 2 -105 251 -19 2 -3 -46 956 1 -28 8 -58 8 -64 10 -93 -4 -67 -2 -72 2 -83 -2 -49 -2 -84 2 -74 0 -90 2 -53 22 -91 0 0 0 0 0 0 0 0 0 0 0 0 0 0 0 0 0 0 0 0 0 0 0 0 0 0 0 0 0 0 0 0 0 0 0 0 0 0 0 0 0 0 0 0 0 0 0 0 0 0 0 0 0 0 0 0 0 0 0 0 0 0 0 0 0 0 0 0 0 0 0 0 0 0 0 0 0 0 0 0 0 0 0 0 0 0 0 0 0 0 0 0 0 0 0 0 0 0 0 0 0 0 0 0 0 0 0 0 0 0 0 0 0 0 0 0 0 0 0 0 0 0 0 0 0 0 0 0 0 0 0 0 0 0 0 0 0 0 0 0 0 0 0 0 0 0 0 0 0 0 0 0 0 0 0 0 0 0 0 0 0 0 0 0 0 0 0 0 0 0 0 0 0 0 0 0 0 0 
0 0 0 1 0 0 0 0 0 0 0 0 
462 500 470 381 470 355 474 297 478 225 482 151 490 55 490 16 490 -16 494 -100 494 -181 498 -251 494 -304 490 -423 433 498 433 498 441 399 447 351 452 304 455 237 452 166 457 76 463 27 463 -18 466 -76 466 -163 463 -224 466 -286 476 -394 498 -438 8 -119 0 -26 4 -58 4 -72 4 -74 8 -96 0 -39 0 -32 4 -84 0 -81 4 -70 -4 -53 -4 -119 -57 921 0 0 8 -99 6 -48 5 -47 3 -67 -3 -71 5 -90 6 -49 0 -45 3 -58 0 -87 -3 -61 3 -62 10 -108 22 -44 0 0 0 0 0 0 0 0 0 0 0 0 0 0 0 0 0 0 0 0 0 0 0 0 0 0 0 0 0 0 0 0 0 0 0 0 0 0 0 0 0 0 0 0 0 0 0 0 0 0 0 0 0 0 0 0 0 0 0 0 0 0 0 0 0 0 0 0 0 0 0 0 0 0 0 0 0 0 0 0 0 0 0 0 0 0 0 0 0 0 0 0 0 0 0 0 0 0 0 0 0 0 0 0 0 0 0 0 0 0 0 0 0 0 0 0 0 0 0 0 0 0 0 0 0 0 0 0 0 0 0 0 0 0 0 0 0 0 0 0 0 0 0 0 0 0 0 0 0 0 0 0 0 0 0 0 0 0 0 0 0 0 0 0 0 0 0 0 0 0 0 0 0 0 0 0 0 0 0 0 0 0 
0 0 0 1 0 0 0 0 0 0 0 0 
275 498 275 498 273 409 273 345 270 296 271 187 271 100 273 -19 275 -117 275 -151 277 -270 277 -330 279 -424 279 -452 499 -466 499 -466 445 499 445 480 445 407 441 339 441 306 441 190 443 103 441 -17 443 -113 445 -148 447 -268 452 -330 463 -414 499 -465 0 0 -2 -89 0 -64 -3 -49 1 -109 0 -87 2 -119 2 -98 0 -34 2 -119 0 -60 2 -94 0 -28 220 -14 0 0 -54 965 0 -19 0 -73 -4 -68 0 -33 0 -116 2 -87 -2 -120 2 -96 2 -35 2 -120 5 -62 11 -84 36 -51 0 0 0 0 0 0 0 0 0 0 0 0 0 0 0 0 0 0 0 0 0 0 0 0 0 0 0 0 0 0 0 0 0 0 0 0 0 0 0 0 0 0 0 0 0 0 0 0 0 0 0 0 0 0 0 0 0 0 0 0 0 0 0 0 0 0 0 0 0 0 0 0 0 0 0 0 0 0 0 0 0 0 0 0 0 0 0 0 0 0 0 0 0 0 0 0 0 0 0 0 0 0 0 0 0 0 0 0 0 0 0 0 0 0 0 0 0 0 0 0 0 0 0 0 0 0 0 0 0 0 0 0 0 0 0 0 0 0 0 0 0 0 0 0 0 0 0 0 0 0 0 0 0 0 0 0 0 0 0 0 0 0 0 0 0 0 0 0 0 0 0 0 0 0 0 0 0 0 0 0 0 0 
0 0 0 1 0 0 0 0 0 0 0 0 
209 500 209 500 207 423 209 358 212 292 209 237 207 167 204 93 204 -36 204 -133 198 -233 196 -307 196 -343 187 -449 500 -453 500 -453 493 500 495 480 490 410 495 348 495 282 493 234 498 165 490 95 484 -34 479 -131 482 -225 476 -300 476 -334 490 -444 0 0 -2 -77 2 -65 3 -66 -3 -55 -2 -70 -3 -74 0 -129 0 -97 -6 -100 -2 -74 0 -36 -9 -106 313 -4 0 0 -7 953 2 -20 -5 -70 5 -62 0 -66 -2 -48 5 -69 -8 -70 -6 -129 -5 -97 3 -94 -6 -75 0 -34 14 -110 0 0 0 0 0 0 0 0 0 0 0 0 0 0 0 0 0 0 0 0 0 0 0 0 0 0 0 0 0 0 0 0 0 0 0 0 0 0 0 0 0 0 0 0 0 0 0 0 0 0 0 0 0 0 0 0 0 0 0 0 0 0 0 0 0 0 0 0 0 0 0 0 0 0 0 0 0 0 0 0 0 0 0 0 0 0 0 0 0 0 0 0 0 0 0 0 0 0 0 0 0 0 0 0 0 0 0 0 0 0 0 0 0 0 0 0 0 0 0 0 0 0 0 0 0 0 0 0 0 0 0 0 0 0 0 0 0 0 0 0 0 0 0 0 0 0 0 0 0 0 0 0 0 0 0 0 0 0 0 0 0 0 0 0 0 0 0 0 0 0 0 0 0 0 0 0 0 0 0 0 0 0 
0 0 0 1 0 0 0 0 0 0 0 0 
