500 -368 236 -338 236 -316 243 -260 250 -171 256 -114 263 -47 267 15 267 78 267 138 269 214 269 281 269 340 273 431 482 422 480 444 491 498 500 -349 495 -327 493 -265 493 -156 493 -111 491 -22 484 49 486 126 484 188 478 270 478 364 478 404 478 498 -264 30 0 22 7 56 7 89 6 57 7 67 4 62 0 63 0 60 2 76 0 67 0 59 4 91 209 -9 -2 22 11 54 9 -847 -5 22 -2 62 0 109 0 45 -2 89 -7 71 2 77 -2 62 -6 82 0 94 0 40 0 94 0 0 0 0 0 0 0 0 0 0 0 0 0 0 0 0 0 0 0 0 0 0 0 0 0 0 0 0 0 0 0 0 0 0 0 0 0 0 0 0 0 0 0 0 0 0 0 0 0 0 0 0 0 0 0 0 0 0 0 0 0 0 0 0 0 0 0 0 0 0 0 0 0 0 0 0 0 0 0 0 0 0 0 0 0 0 0 0 0 0 0 0 0 0 0 0 0 0 0 0 0 0 0 0 0 0 0 0 0 0 0 0 0 0 0 0 0 0 0 0 0 0 0 0 0 0 0 0 0 0 0 0 0 0 0 0 0 0 0 0 0 0 0 0 0 0 0 0 0 0 0 0 0 0 0 0 0 0 0 0 0 0 0 0 0 0 0 0 0 0 0 0 0 0 0 0 0 0 0 0 0 0 
0 0 1 0 0 0 0 0 0 0 0 0 
362 -356 362 -304 362 -224 375 -148 463 -66 463 -11 483 68 487 146 487 224 487 274 495 354 500 423 487 498 488 -380 488 -380 482 -333 473 -256 464 -176 479 -113 494 -36 497 36 497 115 497 183 497 247 500 324 500 390 494 448 488 498 0 52 0 80 13 76 88 82 0 55 20 79 4 78 0 78 0 50 8 80 5 69 -13 75 1 -878 0 0 -6 47 -9 77 -9 80 15 63 15 77 3 72 0 79 0 68 0 64 3 77 0 66 -6 58 -6 50 0 0 0 0 0 0 0 0 0 0 0 0 0 0 0 0 0 0 0 0 0 0 0 0 0 0 0 0 0 0 0 0 0 0 0 0 0 0 0 0 0 0 0 0 0 0 0 0 0 0 0 0 0 0 0 0 0 0 0 0 0 0 0 0 0 0 0 0 0 0 0 0 0 0 0 0 0 0 0 0 0 0 0 0 0 0 0 0 0 0 0 0 0 0 0 0 0 0 0 0 0 0 0 0 0 0 0 0 0 0 0 0 0 0 0 0 0 0 0 0 0 0 0 0 0 0 0 0 0 0 0 0 0 0 0 0 0 0 0 0 0 0 0 0 0 0 0 0 0 0 0 0 0 0 0 0 0 0 0 0 0 0 0 0 0 0 0 0 0 0 0 0 0 0 0 0 0 0 0 0 0 0 0 0 0 0 0 0 0 0 
0 0 1 0 0 0 0 0 0 0 0 0 
499 -399 294 -377 297 -351 297 -316 295 -255 295 -203 295 -133 297 -82 301 -13 303 56 303 139 299 198 297 246 297 314 301 384 304 458 306 500 480 495 480 500 499 -397 493 -368 486 -314 486 -278 477 -204 479 -150 477 -94 477 -20 482 38 482 125 477 186 479 226 475 303 475 373 479 440 480 498 -205 22 3 26 0 35 -2 61 0 52 0 70 2 51 4 69 2 69 0 83 -4 59 -2 48 0 68 4 70 3 74 2 42 174 -5 0 5 19 -897 -6 29 -7 54 0 36 -9 74 2 54 -2 56 0 74 5 58 0 87 -5 61 2 40 -4 77 0 70 4 67 1 58 0 0 0 0 0 0 0 0 0 0 0 0 0 0 0 0 0 0 0 0 0 0 0 0 0 0 0 0 0 0 0 0 0 0 0 0 0 0 0 0 0 0 0 0 0 0 0 0 0 0 0 0 0 0 0 0 0 0 0 0 0 0 0 0 0 0 0 0 0 0 0 0 0 0 0 0 0 0 0 0 0 0 0 0 0 0 0 0 0 0 0 0 0 0 0 0 0 0 0 0 0 0 0 0 0 0 0 0 0 0 0 0 0 0 0 0 0 0 0 0 0 0 0 0 0 0 0 0 0 0 0 0 0 0 0 0 0 0 0 0 0 0 0 0 0 0 0 0 0 0 0 0 0 0 0 0 0 0 0 0 0 0 
0 0 1 0 0 0 0 0 0 0 0 0 
462 -199 462 -199 462 -137 478 -26 476 26 480 148 494 205 500 280 476 327 474 407 460 466 456 500 500 -416 485 -405 466 -359 441 -287 458 -258 465 -228 473 -166 478 -70 478 -13 480 83 485 157 478 223 475 276 473 348 478 412 476 462 466 500 0 0 0 62 16 111 -2 52 4 122 14 57 6 75 -24 47 -2 80 -14 59 -4 34 44 -916 -15 11 -19 46 -25 72 17 29 7 30 8 62 5 96 0 57 2 96 5 74 -7 66 -3 53 -2 72 5 64 -2 50 -10 38 0 0 0 0 0 0 0 0 0 0 0 0 0 0 0 0 0 0 0 0 0 0 0 0 0 0 0 0 0 0 0 0 0 0 0 0 0 0 0 0 0 0 0 0 0 0 0 0 0 0 0 0 0 0 0 0 0 0 0 0 0 0 0 0 0 0 0 0 0 0 0 0 0 0 0 0 0 0 0 0 0 0 0 0 0 0 0 0 0 0 0 0 0 0 0 0 0 0 0 0 0 0 0 0 0 0 0 0 0 0 0 0 0 0 0 0 0 0 0 0 0 0 0 0 0 0 0 0 0 0 0 0 0 0 0 0 0 0 0 0 0 0 0 0 0 0 0 0 0 0 0 0 0 0 0 0 0 0 0 0 0 0 0 0 0 0 0 0 0 0 0 0 0 0 0 0 0 0 0 0 0 0 0 0 0 0 
0 0 1 0 0 0 0 0 0 0 0 0 
476 -467 304 -458 304 -437 312 -389 315 -326 317 -279 321 -201 327 -123 330 -54 332 -6 334 64 334 123 334 207 330 272 327 329 321 391 319 461 315 500 499 469 499 474 465 -465 465 -465 484 -401 487 -340 489 -276 491 -216 495 -116 497 -57 499 0 499 73 497 134 495 223 491 283 489 342 486 399 482 447 487 500 -172 9 0 21 8 48 3 63 2 47 4 78 6 78 3 69 2 48 2 70 0 59 0 84 -4 65 -3 57 -6 62 -2 70 -4 39 184 -31 0 5 -34 -939 0 0 19 64 3 61 2 64 2 60 4 100 2 59 2 57 0 73 -2 61 -2 89 -4 60 -2 59 -3 57 -4 48 5 53 0 0 0 0 0 0 0 0 0 0 0 0 0 0 0 0 0 0 0 0 0 0 0 0 0 0 0 0 0 0 0 0 0 0 0 0 0 0 0 0 0 0 0 0 0 0 0 0 0 0 0 0 0 0 0 0 0 0 0 0 0 0 0 0 0 0 0 0 0 0 0 0 0 0 0 0 0 0 0 0 0 0 0 0 0 0 0 0 0 0 0 0 0 0 0 0 0 0 0 0 0 0 0 0 0 0 0 0 0 0 0 0 0 0 0 0 0 0 0 0 0 0 0 0 0 0 0 0 0 0 0 0 0 0 0 0 0 0 0 0 0 0 0 0 0 0 0 0 0 0 0 0 0 0 
0 0 1 0 0 0 0 0 0 0 0 0 
307 -410 311 -385 316 -346 321 -236 323 -213 321 -162 321 -100 321 -20 318 25 311 128 309 155 304 243 302 311 302 339 300 415 300 444 297 500 498 477 498 477 494 -417 494 -417 496 -356 496 -247 498 -214 494 -150 496 -117 494 -9 492 25 480 139 478 162 474 242 471 308 471 344 469 415 469 450 469 500 4 25 5 39 5 110 2 23 -2 51 0 62 0 80 -3 45 -7 103 -2 27 -5 88 -2 68 0 28 -2 76 0 29 -3 56 201 -23 0 0 -4 -894 0 0 2 61 0 109 2 33 -4 64 2 33 -2 108 -2 34 -12 114 -2 23 -4 80 -3 66 0 36 -2 71 0 35 0 50 0 0 0 0 0 0 0 0 0 0 0 0 0 0 0 0 0 0 0 0 0 0 0 0 0 0 0 0 0 0 0 0 0 0 0 0 0 0 0 0 0 0 0 0 0 0 0 0 0 0 0 0 0 0 0 0 0 0 0 0 0 0 0 0 0 0 0 0 0 0 0 0 0 0 0 0 0 0 0 0 0 0 0 0 0 0 0 0 0 0 0 0 0 0 0 0 0 0 0 0 0 0 0 0 0 0 0 0 0 0 0 0 0 0 0 0 0 0 0 0 0 0 0 0 0 0 0 0 0 0 0 0 0 0 0 0 0 0 0 0 0 0 0 0 0 0 0 0 0 0 0 0 0 0 0 0 0 0 
0 0 1 0 0 0 0 0 0 0 0 0 
280 -310 282 -289 286 -236 290 -197 292 -104 294 -56 298 6 298 45 298 89 300 141 298 158 296 232 298 265 298 295 302 354 306 445 308 476 500 482 495 495 493 500 488 -330 492 -302 498 -241 496 -209 494 -102 500 -54 496 15 498 45 494 104 498 150 496 159 494 239 486 289 490 318 490 369 494 453 490 498 2 21 4 53 4 39 2 93 2 48 4 62 0 39 0 44 2 52 -2 17 -2 74 2 33 0 30 4 59 4 91 2 31 192 6 -5 13 -2 5 -5 -830 4 28 6 61 -2 32 -2 107 6 48 -4 69 2 30 -4 59 4 46 -2 9 -2 80 -8 50 4 29 0 51 4 84 -4 45 0 0 0 0 0 0 0 0 0 0 0 0 0 0 0 0 0 0 0 0 0 0 0 0 0 0 0 0 0 0 0 0 0 0 0 0 0 0 0 0 0 0 0 0 0 0 0 0 0 0 0 0 0 0 0 0 0 0 0 0 0 0 0 0 0 0 0 0 0 0 0 0 0 0 0 0 0 0 0 0 0 0 0 0 0 0 0 0 0 0 0 0 0 0 0 0 0 0 0 0 0 0 0 0 0 0 0 0 0 0 0 0 0 0 0 0 0 0 0 0 0 0 0 0 0 0 0 0 0 0 0 0 0 0 0 0 0 0 0 0 0 0 0 0 0 0 0 0 0 0 0 0 0 0 
0 0 1 0 0 0 0 0 0 0 0 0 
500 -454 500 -454 491 -411 484 -350 481 -281 479 -235 477 -123 477 -54 476 21 474 84 474 142 474 209 472 279 472 344 472 393 470 441 465 500 465 500 484 -455 482 -406 482 -343 484 -265 484 -215 486 -114 486 -45 486 43 486 107 484 155 484 222 486 291 488 358 490 425 492 462 498 498 0 0 -9 43 -7 61 -3 69 -2 46 -2 112 0 69 -1 75 -2 63 0 58 0 67 -2 70 0 65 0 49 -2 48 -5 59 0 0 19 -955 -2 49 0 63 2 78 0 50 2 101 0 69 0 88 0 64 -2 48 0 67 2 69 2 67 2 67 2 37 6 36 0 0 0 0 0 0 0 0 0 0 0 0 0 0 0 0 0 0 0 0 0 0 0 0 0 0 0 0 0 0 0 0 0 0 0 0 0 0 0 0 0 0 0 0 0 0 0 0 0 0 0 0 0 0 0 0 0 0 0 0 0 0 0 0 0 0 0 0 0 0 0 0 0 0 0 0 0 0 0 0 0 0 0 0 0 0 0 0 0 0 0 0 0 0 0 0 0 0 0 0 0 0 0 0 0 0 0 0 0 0 0 0 0 0 0 0 0 0 0 0 0 0 0 0 0 0 0 0 0 0 0 0 0 0 0 0 0 0 0 0 0 0 0 0 0 0 0 0 0 0 0 0 0 0 0 0 0 0 0 0 0 0 0 0 0 0 
0 0 1 0 0 0 0 0 0 0 0 0 
368 -411 368 -411 373 -331 374 -271 374 -181 376 -109 376 -38 376 25 377 73 376 157 374 241 374 303 374 377 373 443 374 487 500 500 500 500 491 -396 493 -377 499 -306 497 -265 495 -155 497 -81 497 -25 497 47 497 94 495 165 492 254 488 310 486 372 479 452 470 500 0 0 5 80 1 60 0 90 2 72 0 71 0 63 1 48 -1 84 -2 84 0 62 0 74 -1 66 1 44 126 13 0 0 -9 -896 2 19 6 71 -2 41 -2 110 2 74 0 56 0 72 0 47 -2 71 -3 89 -4 56 -2 62 -7 80 -9 48 0 0 0 0 0 0 0 0 0 0 0 0 0 0 0 0 0 0 0 0 0 0 0 0 0 0 0 0 0 0 0 0 0 0 0 0 0 0 0 0 0 0 0 0 0 0 0 0 0 0 0 0 0 0 0 0 0 0 0 0 0 0 0 0 0 0 0 0 0 0 0 0 0 0 0 0 0 0 0 0 0 0 0 0 0 0 0 0 0 0 0 0 0 0 0 0 0 0 0 0 0 0 0 0 0 0 0 0 0 0 0 0 0 0 0 0 0 0 0 0 0 0 0 0 0 0 0 0 0 0 0 0 0 0 0 0 0 0 0 0 0 0 0 0 0 0 0 0 0 0 0 0 0 0 0 0 0 0 0 0 0 0 0 0 0 0 0 0 0 0 0 0 0 0 
0 0 1 0 0 0 0 0 0 0 0 0 
285 -368 284 -342 285 -270 284 -159 284 -98 285 -48 289 28 293 100 300 181 306 233 311 305 333 351 499 364 491 397 488 432 480 500 484 -341 484 -312 480 -229 475 -111 477 -23 479 46 486 130 491 234 493 307 495 367 493 450 499 500 -1 26 1 72 -1 111 0 61 1 50 4 76 4 72 7 81 6 52 5 72 22 46 166 13 -8 33 -3 35 -8 68 4 -841 0 29 -4 83 -5 118 2 88 2 69 7 84 5 104 2 73 2 60 -2 83 6 50 0 0 0 0 0 0 0 0 0 0 0 0 0 0 0 0 0 0 0 0 0 0 0 0 0 0 0 0 0 0 0 0 0 0 0 0 0 0 0 0 0 0 0 0 0 0 0 0 0 0 0 0 0 0 0 0 0 0 0 0 0 0 0 0 0 0 0 0 0 0 0 0 0 0 0 0 0 0 0 0 0 0 0 0 0 0 0 0 0 0 0 0 0 0 0 0 0 0 0 0 0 0 0 0 0 0 0 0 0 0 0 0 0 0 0 0 0 0 0 0 0 0 0 0 0 0 0 0 0 0 0 0 0 0 0 0 0 0 0 0 0 0 0 0 0 0 0 0 0 0 0 0 0 0 0 0 0 0 0 0 0 0 0 0 0 0 0 0 0 0 0 0 0 0 0 0 0 0 0 0 0 0 0 0 0 0 0 0 0 0 
0 0 1 0 0 0 0 0 0 0 0 0 
268 -357 270 -336 272 -301 272 -221 270 -145 270 -47 270 21 275 84 277 143 281 197 284 247 288 314 293 390 293 457 498 492 496 498 498 -347 498 -327 498 -290 496 -203 483 -114 478 -32 476 50 487 123 487 173 492 240 487 290 492 343 494 427 496 498 2 21 2 35 0 80 -2 76 0 98 0 68 5 63 2 59 4 54 3 50 4 67 5 76 0 67 205 35 -2 6 2 -845 0 20 0 37 -2 87 -13 89 -5 82 -2 82 11 73 0 50 5 67 -5 50 5 53 2 84 2 71 0 0 0 0 0 0 0 0 0 0 0 0 0 0 0 0 0 0 0 0 0 0 0 0 0 0 0 0 0 0 0 0 0 0 0 0 0 0 0 0 0 0 0 0 0 0 0 0 0 0 0 0 0 0 0 0 0 0 0 0 0 0 0 0 0 0 0 0 0 0 0 0 0 0 0 0 0 0 0 0 0 0 0 0 0 0 0 0 0 0 0 0 0 0 0 0 0 0 0 0 0 0 0 0 0 0 0 0 0 0 0 0 0 0 0 0 0 0 0 0 0 0 0 0 0 0 0 0 0 0 0 0 0 0 0 0 0 0 0 0 0 0 0 0 0 0 0 0 0 0 0 0 0 0 0 0 0 0 0 0 0 0 0 0 0 0 0 0 0 0 0 0 0 0 0 0 0 0 0 0 0 0 
0 0 1 0 0 0 0 0 0 0 0 0 
232 -375 232 -375 232 -300 237 -240 240 -175 246 -97 246 -9 255 59 498 100 492 115 472 195 472 265 469 356 461 436 452 500 498 -262 492 -225 487 -127 487 0 490 98 490 225 484 393 484 499 0 0 0 75 5 60 3 65 6 78 0 88 9 68 243 41 -6 15 -20 80 0 70 -3 91 -8 80 -9 64 46 -762 -6 37 -5 98 0 127 3 98 0 127 -6 168 0 106 0 0 0 0 0 0 0 0 0 0 0 0 0 0 0 0 0 0 0 0 0 0 0 0 0 0 0 0 0 0 0 0 0 0 0 0 0 0 0 0 0 0 0 0 0 0 0 0 0 0 0 0 0 0 0 0 0 0 0 0 0 0 0 0 0 0 0 0 0 0 0 0 0 0 0 0 0 0 0 0 0 0 0 0 0 0 0 0 0 0 0 0 0 0 0 0 0 0 0 0 0 0 0 0 0 0 0 0 0 0 0 0 0 0 0 0 0 0 0 0 0 0 0 0 0 0 0 0 0 0 0 0 0 0 0 0 0 0 0 0 0 0 0 0 0 0 0 0 0 0 0 0 0 0 0 0 0 0 0 0 0 0 0 0 0 0 0 0 0 0 0 0 0 0 0 0 0 0 0 0 0 0 0 0 0 0 0 0 0 0 0 0 0 0 0 0 0 0 0 0 0 0 0 0 0 0 0 0 0 0 
0 0 1 0 0 0 0 0 0 0 0 0 
359 -401 358 -381 354 -343 350 -270 350 -229 352 -135 358 -47 363 36 366 113 368 160 366 233 365 281 363 345 359 401 358 448 356 491 499 499 500 -387 491 -367 484 -326 476 -253 474 -223 474 -139 478 -40 481 47 484 122 484 167 484 243 479 288 476 350 474 389 471 443 459 498 -1 20 -4 38 -4 73 0 41 2 94 6 88 5 83 3 77 2 47 -2 73 -1 48 -2 64 -4 56 -1 47 -2 43 143 8 1 -886 -9 20 -7 41 -8 73 -2 30 0 84 4 99 3 87 3 75 0 45 0 76 -5 45 -3 62 -2 39 -3 54 -12 55 0 0 0 0 0 0 0 0 0 0 0 0 0 0 0 0 0 0 0 0 0 0 0 0 0 0 0 0 0 0 0 0 0 0 0 0 0 0 0 0 0 0 0 0 0 0 0 0 0 0 0 0 0 0 0 0 0 0 0 0 0 0 0 0 0 0 0 0 0 0 0 0 0 0 0 0 0 0 0 0 0 0 0 0 0 0 0 0 0 0 0 0 0 0 0 0 0 0 0 0 0 0 0 0 0 0 0 0 0 0 0 0 0 0 0 0 0 0 0 0 0 0 0 0 0 0 0 0 0 0 0 0 0 0 0 0 0 0 0 0 0 0 0 0 0 0 0 0 0 0 0 0 0 0 0 0 0 0 0 0 0 0 0 0 0 0 0 0 0 0 
0 0 1 0 0 0 0 0 0 0 0 0 
492 -118 492 -118 494 -28 494 62 494 138 496 246 494 345 498 405 500 498 485 -348 483 -325 479 -253 486 -224 491 -182 496 -121 497 -61 499 4 497 81 499 149 496 209 493 281 491 343 472 420 452 499 0 0 2 90 0 90 0 76 2 108 -2 99 4 60 2 93 -15 -846 -2 23 -4 72 7 29 5 42 5 61 1 60 2 65 -2 77 2 68 -3 60 -3 72 -2 62 -19 77 -20 79 0 0 0 0 0 0 0 0 0 0 0 0 0 0 0 0 0 0 0 0 0 0 0 0 0 0 0 0 0 0 0 0 0 0 0 0 0 0 0 0 0 0 0 0 0 0 0 0 0 0 0 0 0 0 0 0 0 0 0 0 0 0 0 0 0 0 0 0 0 0 0 0 0 0 0 0 0 0 0 0 0 0 0 0 0 0 0 0 0 0 0 0 0 0 0 0 0 0 0 0 0 0 0 0 0 0 0 0 0 0 0 0 0 0 0 0 0 0 0 0 0 0 0 0 0 0 0 0 0 0 0 0 0 0 0 0 0 0 0 0 0 0 0 0 0 0 0 0 0 0 0 0 0 0 0 0 0 0 0 0 0 0 0 0 0 0 0 0 0 0 0 0 0 0 0 0 0 0 0 0 0 0 0 0 0 0 0 0 0 0 0 0 0 0 0 0 0 0 0 0 0 0 0 0 0 0 
0 0 1 0 0 0 0 0 0 0 0 0 
280 -372 299 -352 313 -320 324 -249 332 -150 332 -120 334 -62 336 19 336 68 336 129 336 193 336 262 336 339 338 395 338 451 340 490 500 498 500 498 471 -354 471 -354 475 -319 484 -224 490 -133 492 -92 496 -47 500 43 500 86 500 136 500 198 498 278 494 356 492 412 490 451 484 498 19 20 14 32 11 71 8 99 0 30 2 58 2 81 0 49 0 61 0 64 0 69 0 77 2 56 0 56 2 39 160 8 0 0 -29 -852 0 0 4 35 9 95 6 91 2 41 4 45 4 90 0 43 0 50 0 62 -2 80 -4 78 -2 56 -2 39 -6 47 0 0 0 0 0 0 0 0 0 0 0 0 0 0 0 0 0 0 0 0 0 0 0 0 0 0 0 0 0 0 0 0 0 0 0 0 0 0 0 0 0 0 0 0 0 0 0 0 0 0 0 0 0 0 0 0 0 0 0 0 0 0 0 0 0 0 0 0 0 0 0 0 0 0 0 0 0 0 0 0 0 0 0 0 0 0 0 0 0 0 0 0 0 0 0 0 0 0 0 0 0 0 0 0 0 0 0 0 0 0 0 0 0 0 0 0 0 0 0 0 0 0 0 0 0 0 0 0 0 0 0 0 0 0 0 0 0 0 0 0 0 0 0 0 0 0 0 0 0 0 0 0 0 0 0 0 0 0 0 0 0 0 0 0 0 0 
0 0 1 0 0 0 0 0 0 0 0 0 
