150 150 10
500 330 500 330 454 322 380 330 317 326 259 322 172 330 150 334 89 347 33 364 -14 372 -69 406 -111 419 -154 436 -206 466 -224 478 -253 500 500 356 450 369 365 372 326 372 241 356 153 362 143 362 75 362 19 353 -34 343 -106 454 -144 463 -176 473 -252 498 -270 498 0 0 0 0 0 0 0 0 0 0 0 0 0 0 0 0 0 0 0 0 0 0 0 0 0 0 0 0 0 0 0 0 0 0 0 0 0 0 0 0 0 0 0 0 0 0 0 0 0 0 0 0 0 0 0 0 0 0 0 0 0 0 0 0 0 0 0 0 0 0 0 0 0 0 0 0 0 0 0 0 0 0 0 0 0 0 
1 0 0 0 0 0 0 0 0 0 
432 498 500 260 471 214 446 195 431 185 385 172 314 169 229 153 164 149 83 149 3 146 -83 159 -91 159 -146 156 -206 153 -251 156 -289 159 499 498 467 423 438 410 411 394 370 377 314 371 198 361 138 345 56 345 -1 335 0 0 0 0 0 0 0 0 0 0 0 0 0 0 0 0 0 0 0 0 0 0 0 0 0 0 0 0 0 0 0 0 0 0 0 0 0 0 0 0 0 0 0 0 0 0 0 0 0 0 0 0 0 0 0 0 0 0 0 0 0 0 0 0 0 0 0 0 0 0 0 0 0 0 0 0 0 0 0 0 0 0 0 0 0 0 0 0 0 0 0 0 0 0 0 0 
1 0 0 0 0 0 0 0 0 0 
500 447 446 463 421 471 421 500 500 374 500 374 500 374 468 381 439 385 411 392 329 371 318 374 263 381 227 378 172 395 123 406 99 406 45 424 -10 448 -40 452 -94 473 -120 487 -174 498 -204 484 0 0 0 0 0 0 0 0 0 0 0 0 0 0 0 0 0 0 0 0 0 0 0 0 0 0 0 0 0 0 0 0 0 0 0 0 0 0 0 0 0 0 0 0 0 0 0 0 0 0 0 0 0 0 0 0 0 0 0 0 0 0 0 0 0 0 0 0 0 0 0 0 0 0 0 0 0 0 0 0 0 0 0 0 0 0 0 0 0 0 0 0 0 0 0 0 0 0 0 0 0 0 
1 0 0 0 0 0 0 0 0 0 
499 497 499 497 0 0 0 0 0 0 0 0 0 0 0 0 0 0 0 0 0 0 0 0 0 0 0 0 0 0 0 0 0 0 0 0 0 0 0 0 0 0 0 0 0 0 0 0 0 0 0 0 0 0 0 0 0 0 0 0 0 0 0 0 0 0 0 0 0 0 0 0 0 0 0 0 0 0 0 0 0 0 0 0 0 0 0 0 0 0 0 0 0 0 0 0 0 0 0 0 0 0 0 0 0 0 0 0 0 0 0 0 0 0 0 0 0 0 0 0 0 0 0 0 0 0 0 0 0 0 0 0 0 0 0 0 0 0 0 0 0 0 0 0 0 0 0 0 0 0 
1 0 0 0 0 0 0 0 0 0 
500 412 456 381 397 339 342 309 351 330 351 330 265 339 227 343 174 347 119 360 60 369 -4 377 -68 403 -94 416 -102 424 -168 472 -188 484 -219 497 500 497 451 445 398 406 383 398 -268 398 -336 441 0 0 0 0 0 0 0 0 0 0 0 0 0 0 0 0 0 0 0 0 0 0 0 0 0 0 0 0 0 0 0 0 0 0 0 0 0 0 0 0 0 0 0 0 0 0 0 0 0 0 0 0 0 0 0 0 0 0 0 0 0 0 0 0 0 0 0 0 0 0 0 0 0 0 0 0 0 0 0 0 0 0 0 0 0 0 0 0 0 0 0 0 0 0 0 0 0 0 0 0 0 0 
1 0 0 0 0 0 0 0 0 0 
499 500 444 438 395 417 344 410 284 397 219 383 144 356 73 321 60 315 -12 267 -60 239 -109 198 -165 171 -202 150 -252 136 -283 130 -315 130 -375 171 -403 246 499 491 499 491 453 500 408 500 357 497 303 491 233 482 166 471 109 457 85 448 33 434 -21 420 -67 408 -113 400 -162 394 -196 388 -229 385 -266 382 -319 385 -343 400 -343 400 0 0 0 0 0 0 0 0 0 0 0 0 0 0 0 0 0 0 0 0 0 0 0 0 0 0 0 0 0 0 0 0 0 0 0 0 0 0 0 0 0 0 0 0 0 0 0 0 0 0 0 0 0 0 0 0 0 0 0 0 0 0 0 0 0 0 0 0 0 0 
1 0 0 0 0 0 0 0 0 0 
500 271 494 313 477 435 459 497 394 430 363 389 317 397 239 401 160 405 132 405 68 405 41 405 -49 397 -71 397 -160 397 -238 405 -313 389 -363 376 -394 368 -407 355 499 478 499 478 436 493 345 500 271 493 208 487 162 487 102 487 41 484 -18 481 -109 478 -199 481 -282 475 -345 462 -385 453 0 0 0 0 0 0 0 0 0 0 0 0 0 0 0 0 0 0 0 0 0 0 0 0 0 0 0 0 0 0 0 0 0 0 0 0 0 0 0 0 0 0 0 0 0 0 0 0 0 0 0 0 0 0 0 0 0 0 0 0 0 0 0 0 0 0 0 0 0 0 0 0 0 0 0 0 0 0 0 0 
1 0 0 0 0 0 0 0 0 0 
500 393 500 393 456 397 406 405 374 410 303 418 242 427 134 427 42 427 19 423 -54 491 -63 482 -110 470 -162 474 -226 487 -261 495 -292 500 500 492 455 500 405 496 362 496 291 492 195 500 114 500 -6 488 -5 365 0 0 0 0 0 0 0 0 0 0 0 0 0 0 0 0 0 0 0 0 0 0 0 0 0 0 0 0 0 0 0 0 0 0 0 0 0 0 0 0 0 0 0 0 0 0 0 0 0 0 0 0 0 0 0 0 0 0 0 0 0 0 0 0 0 0 0 0 0 0 0 0 0 0 0 0 0 0 0 0 0 0 0 0 0 0 0 0 0 0 0 0 0 0 0 0 0 0 
1 0 0 0 0 0 0 0 0 0 
498 497 467 497 500 411 484 390 446 369 389 366 329 376 271 387 217 401 198 408 136 429 93 443 51 457 9 468 -34 478 -70 489 -82 489 -145 492 -181 500 0 0 0 0 0 0 0 0 0 0 0 0 0 0 0 0 0 0 0 0 0 0 0 0 0 0 0 0 0 0 0 0 0 0 0 0 0 0 0 0 0 0 0 0 0 0 0 0 0 0 0 0 0 0 0 0 0 0 0 0 0 0 0 0 0 0 0 0 0 0 0 0 0 0 0 0 0 0 0 0 0 0 0 0 0 0 0 0 0 0 0 0 0 0 0 0 0 0 0 0 0 0 0 0 0 0 0 0 0 0 0 0 
1 0 0 0 0 0 0 0 0 0 
499 411 499 411 472 383 461 377 440 366 417 366 406 366 393 361 344 361 283 377 253 444 224 466 133 455 111 444 63 400 28 422 -14 472 -55 483 -101 494 -160 494 -203 494 -252 500 447 102 500 500 475 466 458 455 449 452 442 448 419 441 407 437 395 437 350 430 291 426 260 452 235 470 157 433 118 463 74 415 46 433 -4 463 -24 477 -72 492 -132 500 -185 496 -225 492 -290 150 -290 150 0 0 0 0 0 0 0 0 0 0 0 0 0 0 0 0 0 0 0 0 0 0 0 0 0 0 0 0 0 0 0 0 0 0 0 0 0 0 0 0 0 0 0 0 0 0 0 0 0 0 0 0 0 0 0 0 
1 0 0 0 0 0 0 0 0 0 
499 339 499 339 440 339 368 344 331 349 265 358 226 363 178 372 110 386 34 400 -57 415 -116 433 -154 500 -177 490 -231 495 -231 495 499 403 429 416 372 423 324 426 245 429 224 429 174 439 112 445 32 448 -57 455 -109 467 -132 480 -176 487 -200 500 0 0 0 0 0 0 0 0 0 0 0 0 0 0 0 0 0 0 0 0 0 0 0 0 0 0 0 0 0 0 0 0 0 0 0 0 0 0 0 0 0 0 0 0 0 0 0 0 0 0 0 0 0 0 0 0 0 0 0 0 0 0 0 0 0 0 0 0 0 0 0 0 0 0 0 0 0 0 0 0 0 0 0 0 0 0 0 0 0 0 
1 0 0 0 0 0 0 0 0 0 
500 477 500 477 460 467 392 456 333 456 320 456 257 451 172 446 128 446 66 441 37 446 -11 451 -79 461 -143 477 -201 487 -239 497 440 103 499 500 485 487 446 471 396 462 337 456 324 456 250 450 182 443 138 443 85 443 43 443 2 443 -57 450 -117 456 -171 468 -215 475 -254 478 0 0 0 0 0 0 0 0 0 0 0 0 0 0 0 0 0 0 0 0 0 0 0 0 0 0 0 0 0 0 0 0 0 0 0 0 0 0 0 0 0 0 0 0 0 0 0 0 0 0 0 0 0 0 0 0 0 0 0 0 0 0 0 0 0 0 0 0 0 0 0 0 0 0 0 0 0 0 0 0 0 0 
1 0 0 0 0 0 0 0 0 0 
499 487 499 487 419 490 379 490 305 490 260 490 199 490 98 500 24 496 -62 496 -106 490 -160 480 -227 464 -280 445 -312 432 -374 419 500 466 417 484 387 490 335 490 278 487 224 487 144 496 90 500 -1 490 -25 487 -91 475 -155 451 -187 439 -217 430 0 0 0 0 0 0 0 0 0 0 0 0 0 0 0 0 0 0 0 0 0 0 0 0 0 0 0 0 0 0 0 0 0 0 0 0 0 0 0 0 0 0 0 0 0 0 0 0 0 0 0 0 0 0 0 0 0 0 0 0 0 0 0 0 0 0 0 0 0 0 0 0 0 0 0 0 0 0 0 0 0 0 0 0 0 0 0 0 0 0 
1 0 0 0 0 0 0 0 0 0 
499 496 499 496 436 410 397 379 336 348 296 317 221 279 163 263 141 255 84 263 72 271 17 302 -45 341 -56 348 -109 356 -163 348 -222 333 -250 325 -303 317 -333 294 -350 317 500 498 444 462 396 452 340 441 305 434 228 427 171 424 160 424 92 431 80 431 23 452 -42 466 -52 466 -110 466 -167 466 -218 462 -252 455 -306 445 -336 438 0 0 0 0 0 0 0 0 0 0 0 0 0 0 0 0 0 0 0 0 0 0 0 0 0 0 0 0 0 0 0 0 0 0 0 0 0 0 0 0 0 0 0 0 0 0 0 0 0 0 0 0 0 0 0 0 0 0 0 0 0 0 0 0 0 0 0 0 0 0 
1 0 0 0 0 0 0 0 0 0 
499 420 412 426 371 431 298 426 261 431 201 437 122 437 96 443 24 443 -11 443 -81 455 -140 467 -165 461 -207 467 -263 497 -277 497 499 498 499 498 422 477 387 477 310 474 288 474 235 470 156 474 125 474 86 474 33 477 -27 477 -91 477 -106 484 -148 480 -202 487 -226 491 -226 491 0 0 0 0 0 0 0 0 0 0 0 0 0 0 0 0 0 0 0 0 0 0 0 0 0 0 0 0 0 0 0 0 0 0 0 0 0 0 0 0 0 0 0 0 0 0 0 0 0 0 0 0 0 0 0 0 0 0 0 0 0 0 0 0 0 0 0 0 0 0 0 0 0 0 0 0 0 0 0 0 0 0 
1 0 0 0 0 0 0 0 0 0 
-175 172 -175 172 -122 175 -78 175 3 161 47 153 121 142 155 139 219 135 260 135 321 135 382 135 426 135 468 142 499 142 483 498 483 498 -230 498 -178 494 -123 498 -39 473 24 463 90 456 124 452 189 445 234 438 298 438 366 435 409 442 459 449 500 452 0 0 0 0 0 0 0 0 0 0 0 0 0 0 0 0 0 0 0 0 0 0 0 0 0 0 0 0 0 0 0 0 0 0 0 0 0 0 0 0 0 0 0 0 0 0 0 0 0 0 0 0 0 0 0 0 0 0 0 0 0 0 0 0 0 0 0 0 0 0 0 0 0 0 0 0 0 0 0 0 0 0 0 0 0 0 0 0 
0 1 0 0 0 0 0 0 0 0 
-248 460 -248 460 -220 474 -197 480 -162 485 -128 491 -87 494 -41 497 1 500 45 500 92 497 143 497 193 494 244 491 286 488 331 482 372 480 411 480 438 480 483 485 500 494 -240 419 -212 442 -184 456 -152 470 -119 474 -75 483 -41 488 12 497 61 497 108 493 152 493 204 488 255 483 301 474 342 470 382 465 416 460 446 460 492 474 500 479 0 0 0 0 0 0 0 0 0 0 0 0 0 0 0 0 0 0 0 0 0 0 0 0 0 0 0 0 0 0 0 0 0 0 0 0 0 0 0 0 0 0 0 0 0 0 0 0 0 0 0 0 0 0 0 0 0 0 0 0 0 0 0 0 0 0 0 0 
0 1 0 0 0 0 0 0 0 0 
412 498 412 498 500 490 -133 480 -236 334 -236 334 -133 480 -114 469 -175 346 -85 473 -81 473 -33 480 21 492 79 500 89 496 140 492 180 476 224 457 260 442 315 415 364 380 390 369 435 346 459 338 500 334 0 0 0 0 0 0 0 0 0 0 0 0 0 0 0 0 0 0 0 0 0 0 0 0 0 0 0 0 0 0 0 0 0 0 0 0 0 0 0 0 0 0 0 0 0 0 0 0 0 0 0 0 0 0 0 0 0 0 0 0 0 0 0 0 0 0 0 0 0 0 0 0 0 0 0 0 0 0 0 0 0 0 0 0 0 0 0 0 0 0 0 0 0 0 0 0 0 0 0 0 
0 1 0 0 0 0 0 0 0 0 
-240 325 -175 341 -138 350 -100 358 -36 362 -14 366 34 366 94 366 132 366 181 370 226 379 251 383 318 470 363 487 386 487 421 495 461 500 500 500 -205 458 -205 458 -149 470 -111 473 -77 479 -13 482 5 479 48 476 106 473 141 473 186 470 230 470 253 470 298 494 339 497 370 497 408 500 439 494 478 497 500 497 0 0 0 0 0 0 0 0 0 0 0 0 0 0 0 0 0 0 0 0 0 0 0 0 0 0 0 0 0 0 0 0 0 0 0 0 0 0 0 0 0 0 0 0 0 0 0 0 0 0 0 0 0 0 0 0 0 0 0 0 0 0 0 0 0 0 0 0 0 0 0 0 0 0 
0 1 0 0 0 0 0 0 0 0 
-143 500 -241 460 -228 451 -197 402 -148 371 -142 362 -85 296 -20 261 31 230 91 212 135 185 208 185 252 181 329 199 435 247 427 243 500 265 500 265 479 238 -114 500 -93 491 -57 460 -34 424 -20 415 71 345 134 292 176 269 242 247 292 243 352 234 416 230 499 247 499 238 0 0 0 0 0 0 0 0 0 0 0 0 0 0 0 0 0 0 0 0 0 0 0 0 0 0 0 0 0 0 0 0 0 0 0 0 0 0 0 0 0 0 0 0 0 0 0 0 0 0 0 0 0 0 0 0 0 0 0 0 0 0 0 0 0 0 0 0 0 0 0 0 0 0 0 0 0 0 0 0 0 0 0 0 
0 1 0 0 0 0 0 0 0 0 
-235 423 -113 454 -61 475 92 489 134 479 159 454 212 468 280 468 330 486 407 496 500 500 -182 500 -182 500 -107 497 -54 500 58 488 114 486 131 480 163 480 220 480 280 486 327 488 337 491 394 488 394 488 421 466 455 444 500 414 0 0 0 0 0 0 0 0 0 0 0 0 0 0 0 0 0 0 0 0 0 0 0 0 0 0 0 0 0 0 0 0 0 0 0 0 0 0 0 0 0 0 0 0 0 0 0 0 0 0 0 0 0 0 0 0 0 0 0 0 0 0 0 0 0 0 0 0 0 0 0 0 0 0 0 0 0 0 0 0 0 0 0 0 0 0 0 0 0 0 0 0 0 0 
0 1 0 0 0 0 0 0 0 0 
-279 487 -279 487 -225 497 -195 497 -141 492 -82 487 -38 483 16 478 57 483 122 478 177 473 228 468 271 458 312 458 370 449 403 439 429 439 467 429 500 425 -273 487 -260 487 -220 495 -189 498 -148 495 -91 495 -41 495 12 492 55 495 100 492 152 492 207 490 247 487 299 487 345 484 375 481 415 478 443 478 487 475 499 475 0 0 0 0 0 0 0 0 0 0 0 0 0 0 0 0 0 0 0 0 0 0 0 0 0 0 0 0 0 0 0 0 0 0 0 0 0 0 0 0 0 0 0 0 0 0 0 0 0 0 0 0 0 0 0 0 0 0 0 0 0 0 0 0 0 0 0 0 0 0 0 0 
0 1 0 0 0 0 0 0 0 0 
-266 500 -266 500 -226 396 -200 344 -175 318 -93 240 -83 240 -45 207 -13 201 35 201 74 201 117 214 166 246 212 279 265 311 305 344 333 363 369 389 409 409 435 422 463 435 499 461 -270 -6 -266 500 -244 467 -212 432 -173 397 -144 381 -82 362 -72 358 -32 346 -6 342 42 339 88 342 124 352 159 362 215 384 258 407 300 423 324 432 367 448 407 464 427 467 454 477 499 487 484 -25 484 -25 0 0 0 0 0 0 0 0 0 0 0 0 0 0 0 0 0 0 0 0 0 0 0 0 0 0 0 0 0 0 0 0 0 0 0 0 0 0 0 0 0 0 0 0 0 0 0 0 0 0 0 0 0 0 0 0 
0 1 0 0 0 0 0 0 0 0 
-244 47 -244 47 -171 44 -119 44 -45 50 -9 50 50 50 109 50 167 53 239 53 251 53 307 50 359 50 395 47 446 47 471 50 500 500 500 500 -226 477 -149 477 -99 483 -18 489 17 489 78 492 137 492 195 495 267 495 279 498 334 495 387 495 423 492 472 492 500 489 0 0 0 0 0 0 0 0 0 0 0 0 0 0 0 0 0 0 0 0 0 0 0 0 0 0 0 0 0 0 0 0 0 0 0 0 0 0 0 0 0 0 0 0 0 0 0 0 0 0 0 0 0 0 0 0 0 0 0 0 0 0 0 0 0 0 0 0 0 0 0 0 0 0 0 0 0 0 0 0 0 0 0 0 
0 1 0 0 0 0 0 0 0 0 
-175 499 -100 480 -60 473 -18 467 53 460 105 440 156 388 211 355 240 368 290 315 339 289 386 282 422 282 455 289 500 302 -149 496 -149 496 -85 500 -53 492 -5 477 48 466 103 451 144 429 192 417 236 414 274 399 325 388 368 384 411 380 434 384 481 388 498 395 499 399 0 0 0 0 0 0 0 0 0 0 0 0 0 0 0 0 0 0 0 0 0 0 0 0 0 0 0 0 0 0 0 0 0 0 0 0 0 0 0 0 0 0 0 0 0 0 0 0 0 0 0 0 0 0 0 0 0 0 0 0 0 0 0 0 0 0 0 0 0 0 0 0 0 0 0 0 0 0 0 0 0 0 0 0 
0 1 0 0 0 0 0 0 0 0 
-242 111 -242 111 -168 95 -123 78 -80 65 -31 52 -2 49 59 42 94 45 146 52 186 55 221 59 268 65 299 65 339 65 380 62 413 55 438 52 459 49 486 49 499 498 499 498 -236 498 -157 483 -110 464 -68 455 -19 443 11 436 72 433 106 433 153 440 200 443 235 446 269 449 310 452 353 455 387 449 423 446 446 443 468 440 499 436 0 0 0 0 0 0 0 0 0 0 0 0 0 0 0 0 0 0 0 0 0 0 0 0 0 0 0 0 0 0 0 0 0 0 0 0 0 0 0 0 0 0 0 0 0 0 0 0 0 0 0 0 0 0 0 0 0 0 0 0 0 0 0 0 0 0 0 0 
0 1 0 0 0 0 0 0 0 0 
-47 471 -47 471 -5 498 34 494 99 482 163 459 230 444 305 417 344 402 419 367 419 406 470 413 499 413 -234 500 -221 493 -190 479 -139 452 -79 445 -12 422 39 408 104 388 152 368 208 351 335 273 322 293 403 260 403 260 485 246 493 246 500 246 0 0 0 0 0 0 0 0 0 0 0 0 0 0 0 0 0 0 0 0 0 0 0 0 0 0 0 0 0 0 0 0 0 0 0 0 0 0 0 0 0 0 0 0 0 0 0 0 0 0 0 0 0 0 0 0 0 0 0 0 0 0 0 0 0 0 0 0 0 0 0 0 0 0 0 0 0 0 0 0 0 0 0 0 0 0 0 0 0 0 
0 1 0 0 0 0 0 0 0 0 
-133 500 -241 375 -241 375 -133 500 -118 478 -73 461 -119 400 -40 452 -30 443 12 422 35 409 85 396 127 392 182 387 235 387 267 392 320 392 344 392 399 396 411 396 454 400 499 439 317 500 317 500 500 461 0 0 0 0 0 0 0 0 0 0 0 0 0 0 0 0 0 0 0 0 0 0 0 0 0 0 0 0 0 0 0 0 0 0 0 0 0 0 0 0 0 0 0 0 0 0 0 0 0 0 0 0 0 0 0 0 0 0 0 0 0 0 0 0 0 0 0 0 0 0 0 0 0 0 0 0 0 0 0 0 0 0 0 0 0 0 0 0 0 0 0 0 0 0 0 0 0 0 0 0 
0 1 0 0 0 0 0 0 0 0 
-252 500 -252 500 -202 456 -162 443 -96 426 -89 422 -11 370 27 379 94 318 144 297 185 275 349 297 363 297 281 254 462 293 471 297 394 250 498 306 500 306 -115 500 -67 482 -18 461 39 427 48 427 113 388 139 376 231 329 285 307 345 299 400 286 499 299 0 0 0 0 0 0 0 0 0 0 0 0 0 0 0 0 0 0 0 0 0 0 0 0 0 0 0 0 0 0 0 0 0 0 0 0 0 0 0 0 0 0 0 0 0 0 0 0 0 0 0 0 0 0 0 0 0 0 0 0 0 0 0 0 0 0 0 0 0 0 0 0 0 0 0 0 0 0 0 0 0 0 0 0 0 0 0 0 
0 1 0 0 0 0 0 0 0 0 
-296 341 -281 362 -253 387 -188 408 -166 416 -124 420 -72 433 -9 450 52 462 112 475 172 487 230 500 236 487 276 466 313 466 344 466 405 483 453 487 487 483 499 479 274 473 274 473 330 479 369 488 414 495 453 492 499 498 0 0 0 0 0 0 0 0 0 0 0 0 0 0 0 0 0 0 0 0 0 0 0 0 0 0 0 0 0 0 0 0 0 0 0 0 0 0 0 0 0 0 0 0 0 0 0 0 0 0 0 0 0 0 0 0 0 0 0 0 0 0 0 0 0 0 0 0 0 0 0 0 0 0 0 0 0 0 0 0 0 0 0 0 0 0 0 0 0 0 0 0 0 0 0 0 
0 1 0 0 0 0 0 0 0 0 
499 -306 253 -297 260 -273 279 -204 289 -137 294 -79 296 -12 298 163 296 204 296 290 291 463 293 476 468 500 468 500 487 -299 493 -268 497 -219 499 -138 499 -76 497 -4 489 172 485 237 482 272 469 458 465 498 0 0 0 0 0 0 0 0 0 0 0 0 0 0 0 0 0 0 0 0 0 0 0 0 0 0 0 0 0 0 0 0 0 0 0 0 0 0 0 0 0 0 0 0 0 0 0 0 0 0 0 0 0 0 0 0 0 0 0 0 0 0 0 0 0 0 0 0 0 0 0 0 0 0 0 0 0 0 0 0 0 0 0 0 0 0 0 0 0 0 0 0 0 0 0 0 0 0 0 0 
0 0 1 0 0 0 0 0 0 0 
488 -379 488 -379 482 -286 482 -218 482 -147 486 -70 486 -8 490 99 492 116 488 174 490 275 494 353 500 410 500 476 500 498 500 498 464 -370 472 -266 474 -208 479 -134 482 -58 484 2 487 88 489 132 489 184 492 284 494 364 494 405 500 494 500 498 0 0 0 0 0 0 0 0 0 0 0 0 0 0 0 0 0 0 0 0 0 0 0 0 0 0 0 0 0 0 0 0 0 0 0 0 0 0 0 0 0 0 0 0 0 0 0 0 0 0 0 0 0 0 0 0 0 0 0 0 0 0 0 0 0 0 0 0 0 0 0 0 0 0 0 0 0 0 0 0 0 0 0 0 0 0 0 0 0 0 
0 0 1 0 0 0 0 0 0 0 
459 -391 459 -391 480 -251 482 -236 492 -150 496 -91 498 39 498 142 492 262 488 367 484 444 480 498 480 498 412 -370 467 -230 472 -215 485 -130 490 -71 498 52 498 183 498 281 493 403 493 464 498 498 0 0 0 0 0 0 0 0 0 0 0 0 0 0 0 0 0 0 0 0 0 0 0 0 0 0 0 0 0 0 0 0 0 0 0 0 0 0 0 0 0 0 0 0 0 0 0 0 0 0 0 0 0 0 0 0 0 0 0 0 0 0 0 0 0 0 0 0 0 0 0 0 0 0 0 0 0 0 0 0 0 0 0 0 0 0 0 0 0 0 0 0 0 0 0 0 0 0 0 0 0 0 
0 0 1 0 0 0 0 0 0 0 
213 -424 213 -424 221 -363 228 -220 231 -143 236 -41 243 84 253 206 256 287 261 370 278 488 276 498 499 492 499 492 500 -405 485 -325 476 -198 468 -120 464 -20 471 100 480 244 478 311 473 371 466 483 466 498 0 0 0 0 0 0 0 0 0 0 0 0 0 0 0 0 0 0 0 0 0 0 0 0 0 0 0 0 0 0 0 0 0 0 0 0 0 0 0 0 0 0 0 0 0 0 0 0 0 0 0 0 0 0 0 0 0 0 0 0 0 0 0 0 0 0 0 0 0 0 0 0 0 0 0 0 0 0 0 0 0 0 0 0 0 0 0 0 0 0 0 0 0 0 0 0 0 0 0 0 
0 0 1 0 0 0 0 0 0 0 
303 -466 303 -466 303 -405 296 -286 270 -200 279 -74 294 -4 300 66 277 140 266 229 257 348 253 405 246 499 500 473 500 486 498 -471 498 -428 490 -308 480 -206 480 -97 488 -11 488 73 477 168 471 267 469 355 469 436 467 500 0 0 0 0 0 0 0 0 0 0 0 0 0 0 0 0 0 0 0 0 0 0 0 0 0 0 0 0 0 0 0 0 0 0 0 0 0 0 0 0 0 0 0 0 0 0 0 0 0 0 0 0 0 0 0 0 0 0 0 0 0 0 0 0 0 0 0 0 0 0 0 0 0 0 0 0 0 0 0 0 0 0 0 0 0 0 0 0 0 0 0 0 0 0 0 0 
0 0 1 0 0 0 0 0 0 0 
302 -435 302 -435 300 -356 302 -258 307 -153 309 -118 315 -48 319 35 320 120 322 207 320 264 315 330 307 402 304 442 298 498 500 468 500 474 481 -453 475 -432 473 -382 479 -262 484 -172 488 -115 491 -42 497 44 499 134 495 224 491 293 488 345 484 420 477 453 470 498 0 0 0 0 0 0 0 0 0 0 0 0 0 0 0 0 0 0 0 0 0 0 0 0 0 0 0 0 0 0 0 0 0 0 0 0 0 0 0 0 0 0 0 0 0 0 0 0 0 0 0 0 0 0 0 0 0 0 0 0 0 0 0 0 0 0 0 0 0 0 0 0 0 0 0 0 0 0 0 0 0 0 0 0 0 0 
0 0 1 0 0 0 0 0 0 0 
280 -409 280 -389 280 -307 284 -231 287 -160 291 -93 295 -44 298 33 307 113 309 187 302 251 298 314 295 380 291 432 287 498 499 461 499 461 481 -425 481 -425 477 -327 482 -246 488 -161 491 -97 493 -31 499 51 499 117 497 215 495 276 493 344 491 400 491 454 490 498 0 0 0 0 0 0 0 0 0 0 0 0 0 0 0 0 0 0 0 0 0 0 0 0 0 0 0 0 0 0 0 0 0 0 0 0 0 0 0 0 0 0 0 0 0 0 0 0 0 0 0 0 0 0 0 0 0 0 0 0 0 0 0 0 0 0 0 0 0 0 0 0 0 0 0 0 0 0 0 0 0 0 0 0 0 0 
0 0 1 0 0 0 0 0 0 0 
292 -323 296 -294 299 -231 301 -120 301 -52 305 113 305 218 307 281 310 360 312 421 318 493 499 489 499 500 497 -300 499 -273 495 -214 488 -90 481 -22 477 142 477 246 477 288 473 372 475 446 466 498 0 0 0 0 0 0 0 0 0 0 0 0 0 0 0 0 0 0 0 0 0 0 0 0 0 0 0 0 0 0 0 0 0 0 0 0 0 0 0 0 0 0 0 0 0 0 0 0 0 0 0 0 0 0 0 0 0 0 0 0 0 0 0 0 0 0 0 0 0 0 0 0 0 0 0 0 0 0 0 0 0 0 0 0 0 0 0 0 0 0 0 0 0 0 0 0 0 0 0 0 0 0 
0 0 1 0 0 0 0 0 0 0 
188 -355 207 -334 241 -268 249 -195 257 -97 257 -19 259 58 262 134 267 240 275 342 280 436 286 488 498 498 498 498 482 -351 487 -329 497 -277 500 -176 497 -82 497 -15 494 72 500 157 500 246 500 340 492 432 472 500 0 0 0 0 0 0 0 0 0 0 0 0 0 0 0 0 0 0 0 0 0 0 0 0 0 0 0 0 0 0 0 0 0 0 0 0 0 0 0 0 0 0 0 0 0 0 0 0 0 0 0 0 0 0 0 0 0 0 0 0 0 0 0 0 0 0 0 0 0 0 0 0 0 0 0 0 0 0 0 0 0 0 0 0 0 0 0 0 0 0 0 0 0 0 0 0 0 0 
0 0 1 0 0 0 0 0 0 0 
276 -485 276 -485 274 -423 264 -341 260 -283 260 -221 262 -130 266 -55 272 57 276 152 278 263 278 334 272 445 268 498 498 476 498 487 495 -471 487 -420 479 -367 475 -328 473 -229 477 -132 481 -50 493 72 497 178 499 301 499 374 493 463 493 500 0 0 0 0 0 0 0 0 0 0 0 0 0 0 0 0 0 0 0 0 0 0 0 0 0 0 0 0 0 0 0 0 0 0 0 0 0 0 0 0 0 0 0 0 0 0 0 0 0 0 0 0 0 0 0 0 0 0 0 0 0 0 0 0 0 0 0 0 0 0 0 0 0 0 0 0 0 0 0 0 0 0 0 0 0 0 0 0 0 0 0 0 
0 0 1 0 0 0 0 0 0 0 
321 -457 319 -437 318 -415 311 -356 308 -310 304 -260 301 -153 301 -74 303 41 304 102 304 242 306 306 304 437 304 455 304 498 494 446 496 459 498 483 500 485 499 -452 499 -452 499 -452 484 -364 479 -328 475 -276 470 -159 472 -73 477 45 485 133 480 266 484 354 487 442 487 459 489 500 0 0 0 0 0 0 0 0 0 0 0 0 0 0 0 0 0 0 0 0 0 0 0 0 0 0 0 0 0 0 0 0 0 0 0 0 0 0 0 0 0 0 0 0 0 0 0 0 0 0 0 0 0 0 0 0 0 0 0 0 0 0 0 0 0 0 0 0 0 0 0 0 0 0 0 0 0 0 0 0 0 0 
0 0 1 0 0 0 0 0 0 0 
478 -412 478 -412 486 -355 481 -246 481 -164 481 -87 488 32 491 116 494 181 497 283 499 348 499 432 499 499 318 -416 318 -393 321 -346 321 -239 320 -169 320 -92 321 20 323 119 324 158 326 251 326 300 326 395 324 486 497 486 499 500 0 0 0 0 0 0 0 0 0 0 0 0 0 0 0 0 0 0 0 0 0 0 0 0 0 0 0 0 0 0 0 0 0 0 0 0 0 0 0 0 0 0 0 0 0 0 0 0 0 0 0 0 0 0 0 0 0 0 0 0 0 0 0 0 0 0 0 0 0 0 0 0 0 0 0 0 0 0 0 0 0 0 0 0 0 0 0 0 0 0 0 0 0 0 
0 0 1 0 0 0 0 0 0 0 
168 -339 168 -339 192 -282 207 -209 218 -131 229 -34 238 62 248 200 253 261 274 375 268 412 296 475 500 475 497 498 449 -310 453 -290 460 -250 468 -176 473 -102 479 2 488 116 490 243 492 308 494 394 492 436 498 498 0 0 0 0 0 0 0 0 0 0 0 0 0 0 0 0 0 0 0 0 0 0 0 0 0 0 0 0 0 0 0 0 0 0 0 0 0 0 0 0 0 0 0 0 0 0 0 0 0 0 0 0 0 0 0 0 0 0 0 0 0 0 0 0 0 0 0 0 0 0 0 0 0 0 0 0 0 0 0 0 0 0 0 0 0 0 0 0 0 0 0 0 0 0 0 0 0 0 
0 0 1 0 0 0 0 0 0 0 
424 -445 431 -422 451 -339 459 -235 466 -147 466 -75 474 17 478 142 482 244 486 344 486 383 494 458 498 500 498 500 487 -394 487 -394 495 -286 498 -186 495 -104 493 -34 493 58 495 182 493 279 487 353 487 409 474 475 474 498 0 0 0 0 0 0 0 0 0 0 0 0 0 0 0 0 0 0 0 0 0 0 0 0 0 0 0 0 0 0 0 0 0 0 0 0 0 0 0 0 0 0 0 0 0 0 0 0 0 0 0 0 0 0 0 0 0 0 0 0 0 0 0 0 0 0 0 0 0 0 0 0 0 0 0 0 0 0 0 0 0 0 0 0 0 0 0 0 0 0 0 0 0 0 0 0 
0 0 1 0 0 0 0 0 0 0 
488 -446 488 -446 488 -411 484 -340 480 -244 480 -141 482 -77 484 50 484 176 486 274 486 334 489 434 497 491 499 498 452 -477 466 -418 466 -333 463 -239 470 -137 477 -52 473 45 473 169 484 270 498 344 494 442 494 498 0 0 0 0 0 0 0 0 0 0 0 0 0 0 0 0 0 0 0 0 0 0 0 0 0 0 0 0 0 0 0 0 0 0 0 0 0 0 0 0 0 0 0 0 0 0 0 0 0 0 0 0 0 0 0 0 0 0 0 0 0 0 0 0 0 0 0 0 0 0 0 0 0 0 0 0 0 0 0 0 0 0 0 0 0 0 0 0 0 0 0 0 0 0 0 0 0 0 
0 0 1 0 0 0 0 0 0 0 
496 500 496 500 496 500 500 420 498 297 496 140 498 104 492 20 486 -102 480 -180 474 -280 470 -344 478 -413 478 -440 484 498 489 463 494 393 497 271 500 135 500 74 497 8 497 -120 494 -205 492 -306 489 -376 484 -446 0 0 0 0 0 0 0 0 0 0 0 0 0 0 0 0 0 0 0 0 0 0 0 0 0 0 0 0 0 0 0 0 0 0 0 0 0 0 0 0 0 0 0 0 0 0 0 0 0 0 0 0 0 0 0 0 0 0 0 0 0 0 0 0 0 0 0 0 0 0 0 0 0 0 0 0 0 0 0 0 0 0 0 0 0 0 0 0 0 0 0 0 0 0 0 0 0 0 
0 0 0 1 0 0 0 0 0 0 
498 499 498 499 489 461 485 381 487 311 491 248 496 173 494 113 496 2 496 -72 494 -143 496 -203 496 -261 498 -334 498 -399 500 -431 500 -433 495 500 498 450 498 358 495 301 495 232 492 153 487 87 487 -12 484 -81 481 -170 478 -230 481 -290 475 -356 461 -450 452 -467 0 0 0 0 0 0 0 0 0 0 0 0 0 0 0 0 0 0 0 0 0 0 0 0 0 0 0 0 0 0 0 0 0 0 0 0 0 0 0 0 0 0 0 0 0 0 0 0 0 0 0 0 0 0 0 0 0 0 0 0 0 0 0 0 0 0 0 0 0 0 0 0 0 0 0 0 0 0 0 0 0 0 0 0 0 0 
0 0 0 1 0 0 0 0 0 0 
499 498 499 498 488 417 479 365 473 331 465 284 449 200 445 162 436 64 428 -33 420 -105 411 -193 405 -241 400 -326 474 499 490 403 494 348 494 308 490 268 494 187 490 134 494 44 498 -57 494 -134 490 -226 486 -266 478 -359 0 0 0 0 0 0 0 0 0 0 0 0 0 0 0 0 0 0 0 0 0 0 0 0 0 0 0 0 0 0 0 0 0 0 0 0 0 0 0 0 0 0 0 0 0 0 0 0 0 0 0 0 0 0 0 0 0 0 0 0 0 0 0 0 0 0 0 0 0 0 0 0 0 0 0 0 0 0 0 0 0 0 0 0 0 0 0 0 0 0 0 0 0 0 0 0 
0 0 0 1 0 0 0 0 0 0 
485 499 485 499 488 375 491 230 493 152 493 81 498 -28 496 -99 500 498 495 471 489 417 487 337 487 233 489 226 497 163 500 113 497 31 497 -24 497 -68 495 -147 495 -185 493 -258 481 -321 476 -337 472 -385 0 0 0 0 0 0 0 0 0 0 0 0 0 0 0 0 0 0 0 0 0 0 0 0 0 0 0 0 0 0 0 0 0 0 0 0 0 0 0 0 0 0 0 0 0 0 0 0 0 0 0 0 0 0 0 0 0 0 0 0 0 0 0 0 0 0 0 0 0 0 0 0 0 0 0 0 0 0 0 0 0 0 0 0 0 0 0 0 0 0 0 0 0 0 0 0 0 0 0 0 
0 0 0 1 0 0 0 0 0 0 
453 498 485 385 490 336 498 240 498 174 496 110 493 65 496 -37 496 -94 496 -157 493 -277 490 -329 480 -425 477 -454 495 500 495 500 492 408 495 350 499 264 499 186 493 137 487 81 485 -9 485 -53 485 -126 485 -238 483 -282 481 -345 488 -411 488 -411 0 0 0 0 0 0 0 0 0 0 0 0 0 0 0 0 0 0 0 0 0 0 0 0 0 0 0 0 0 0 0 0 0 0 0 0 0 0 0 0 0 0 0 0 0 0 0 0 0 0 0 0 0 0 0 0 0 0 0 0 0 0 0 0 0 0 0 0 0 0 0 0 0 0 0 0 0 0 0 0 0 0 0 0 0 0 0 0 0 0 
0 0 0 1 0 0 0 0 0 0 
481 499 481 499 490 415 497 317 499 230 497 133 497 67 499 2 497 -65 493 -126 488 -201 483 -264 474 -320 460 -378 446 -439 52 -458 52 -458 453 500 453 436 469 326 478 269 493 171 500 111 500 47 500 -13 496 -86 487 -146 478 -200 462 -285 456 -363 466 -442 0 0 0 0 0 0 0 0 0 0 0 0 0 0 0 0 0 0 0 0 0 0 0 0 0 0 0 0 0 0 0 0 0 0 0 0 0 0 0 0 0 0 0 0 0 0 0 0 0 0 0 0 0 0 0 0 0 0 0 0 0 0 0 0 0 0 0 0 0 0 0 0 0 0 0 0 0 0 0 0 0 0 0 0 0 0 0 0 
0 0 0 1 0 0 0 0 0 0 
306 500 322 478 330 461 348 407 362 345 370 264 374 211 372 119 372 40 374 -64 374 -169 380 -261 380 -297 386 -323 498 -378 466 -407 438 -445 308 -473 438 -457 438 -457 475 498 475 498 475 473 479 424 480 335 488 232 490 179 496 81 500 5 496 -109 490 -219 480 -299 471 -347 452 -370 395 -452 0 0 0 0 0 0 0 0 0 0 0 0 0 0 0 0 0 0 0 0 0 0 0 0 0 0 0 0 0 0 0 0 0 0 0 0 0 0 0 0 0 0 0 0 0 0 0 0 0 0 0 0 0 0 0 0 0 0 0 0 0 0 0 0 0 0 0 0 0 0 0 0 0 0 0 0 0 0 0 0 
0 0 0 1 0 0 0 0 0 0 
449 500 449 500 476 441 490 393 493 370 498 290 498 212 493 132 465 14 452 -68 446 -132 443 -183 441 -238 435 -341 438 -408 438 -436 458 500 463 474 479 390 494 339 496 311 500 214 494 140 481 45 468 -61 458 -150 452 -227 448 -267 445 -323 430 -408 425 -451 0 0 0 0 0 0 0 0 0 0 0 0 0 0 0 0 0 0 0 0 0 0 0 0 0 0 0 0 0 0 0 0 0 0 0 0 0 0 0 0 0 0 0 0 0 0 0 0 0 0 0 0 0 0 0 0 0 0 0 0 0 0 0 0 0 0 0 0 0 0 0 0 0 0 0 0 0 0 0 0 0 0 0 0 0 0 0 0 
0 0 0 1 0 0 0 0 0 0 
285 498 285 498 285 364 280 301 278 216 280 141 282 38 287 -70 289 -153 291 -250 293 -330 295 -406 302 -447 500 -457 500 -462 498 500 496 355 494 311 492 230 494 151 494 51 494 -53 496 -116 496 -230 496 -286 494 -386 496 -430 0 0 0 0 0 0 0 0 0 0 0 0 0 0 0 0 0 0 0 0 0 0 0 0 0 0 0 0 0 0 0 0 0 0 0 0 0 0 0 0 0 0 0 0 0 0 0 0 0 0 0 0 0 0 0 0 0 0 0 0 0 0 0 0 0 0 0 0 0 0 0 0 0 0 0 0 0 0 0 0 0 0 0 0 0 0 0 0 0 0 0 0 0 0 0 0 
0 0 0 1 0 0 0 0 0 0 
463 500 463 500 471 466 491 361 498 292 493 216 486 138 478 71 476 20 471 -71 468 -109 461 -187 456 -245 448 -312 438 -406 431 -453 486 498 492 476 492 471 500 378 498 285 492 189 486 122 482 61 479 -19 475 -113 471 -147 463 -248 454 -304 442 -358 419 -429 406 -461 0 0 0 0 0 0 0 0 0 0 0 0 0 0 0 0 0 0 0 0 0 0 0 0 0 0 0 0 0 0 0 0 0 0 0 0 0 0 0 0 0 0 0 0 0 0 0 0 0 0 0 0 0 0 0 0 0 0 0 0 0 0 0 0 0 0 0 0 0 0 0 0 0 0 0 0 0 0 0 0 0 0 0 0 0 0 
0 0 0 1 0 0 0 0 0 0 
212 500 218 477 235 403 246 320 246 192 252 110 254 59 256 -22 261 -96 265 -194 267 -273 271 -337 277 -391 288 -453 496 -460 498 -463 500 500 500 500 487 415 475 316 465 217 460 137 460 73 460 27 460 -55 460 -146 460 -247 462 -288 469 -362 473 -438 0 0 0 0 0 0 0 0 0 0 0 0 0 0 0 0 0 0 0 0 0 0 0 0 0 0 0 0 0 0 0 0 0 0 0 0 0 0 0 0 0 0 0 0 0 0 0 0 0 0 0 0 0 0 0 0 0 0 0 0 0 0 0 0 0 0 0 0 0 0 0 0 0 0 0 0 0 0 0 0 0 0 0 0 0 0 0 0 0 0 
0 0 0 1 0 0 0 0 0 0 
253 498 253 498 282 417 300 339 310 283 317 187 317 96 317 58 319 -2 319 -113 317 -189 317 -275 315 -339 312 -427 500 -463 500 -463 450 500 471 406 480 323 487 264 495 163 499 64 499 37 497 -48 495 -152 493 -237 489 -315 480 -366 469 -419 0 0 0 0 0 0 0 0 0 0 0 0 0 0 0 0 0 0 0 0 0 0 0 0 0 0 0 0 0 0 0 0 0 0 0 0 0 0 0 0 0 0 0 0 0 0 0 0 0 0 0 0 0 0 0 0 0 0 0 0 0 0 0 0 0 0 0 0 0 0 0 0 0 0 0 0 0 0 0 0 0 0 0 0 0 0 0 0 0 0 0 0 
0 0 0 1 0 0 0 0 0 0 
454 500 456 472 459 410 465 355 467 262 467 182 467 115 467 25 473 -55 476 -157 498 -205 484 -277 473 -332 465 -395 462 -440 459 -447 492 498 492 498 494 385 492 329 492 242 494 145 492 73 492 -21 492 -87 494 -216 498 -250 492 -327 481 -366 469 -419 464 -453 0 0 0 0 0 0 0 0 0 0 0 0 0 0 0 0 0 0 0 0 0 0 0 0 0 0 0 0 0 0 0 0 0 0 0 0 0 0 0 0 0 0 0 0 0 0 0 0 0 0 0 0 0 0 0 0 0 0 0 0 0 0 0 0 0 0 0 0 0 0 0 0 0 0 0 0 0 0 0 0 0 0 0 0 0 0 0 0 
0 0 0 1 0 0 0 0 0 0 
487 500 500 345 493 257 490 210 478 115 463 45 451 -35 439 -95 420 -347 411 -360 393 -442 494 500 494 500 498 352 496 277 491 222 487 135 480 67 468 -14 461 -70 222 -132 224 -157 231 -253 381 -355 381 -355 384 -432 386 -463 0 0 0 0 0 0 0 0 0 0 0 0 0 0 0 0 0 0 0 0 0 0 0 0 0 0 0 0 0 0 0 0 0 0 0 0 0 0 0 0 0 0 0 0 0 0 0 0 0 0 0 0 0 0 0 0 0 0 0 0 0 0 0 0 0 0 0 0 0 0 0 0 0 0 0 0 0 0 0 0 0 0 0 0 0 0 0 0 0 0 0 0 0 0 0 0 
0 0 0 1 0 0 0 0 0 0 
483 499 483 499 493 432 495 340 497 263 499 184 495 67 491 -37 465 -174 463 -236 459 -286 445 -383 433 -442 431 -457 489 500 497 425 500 341 500 276 500 223 497 97 489 -2 479 -120 471 -188 468 -251 453 -383 440 -448 0 0 0 0 0 0 0 0 0 0 0 0 0 0 0 0 0 0 0 0 0 0 0 0 0 0 0 0 0 0 0 0 0 0 0 0 0 0 0 0 0 0 0 0 0 0 0 0 0 0 0 0 0 0 0 0 0 0 0 0 0 0 0 0 0 0 0 0 0 0 0 0 0 0 0 0 0 0 0 0 0 0 0 0 0 0 0 0 0 0 0 0 0 0 0 0 0 0 
0 0 0 1 0 0 0 0 0 0 
500 -355 341 -344 328 -344 273 -338 235 -336 172 -334 133 -331 74 -323 43 -323 -57 -312 -123 -302 -168 -263 -189 -212 -198 -131 -199 -27 -200 31 -202 91 -203 212 -205 229 -203 293 -160 368 -119 412 -95 438 -26 468 16 482 82 493 92 493 220 500 290 497 415 480 424 480 500 -354 485 -354 415 -345 373 -339 324 -336 286 -330 231 -326 178 -319 96 -313 30 -302 -19 -257 -33 -220 -43 -140 -47 -41 -44 21 -47 79 -50 196 -51 213 -51 282 -37 352 14 421 39 436 78 453 137 475 175 488 189 490 328 498 386 494 0 0 0 0 0 0 0 0 0 0 0 0 0 0 0 0 0 0 0 0 0 0 0 0 0 0 0 0 0 0 0 0 
0 0 0 0 1 0 0 0 0 0 
465 -371 419 -379 355 -377 268 -362 181 -343 161 -339 90 -309 51 -283 1 -247 -51 -196 -78 -159 -93 -127 -130 -57 -148 10 -155 78 -153 174 -115 257 -93 307 -80 364 -18 434 58 481 73 492 380 498 397 496 499 496 499 -373 499 -373 445 -382 388 -377 325 -369 250 -348 231 -339 183 -318 136 -292 99 -261 56 -218 21 -171 8 -148 -21 -82 -41 -21 -52 53 -52 140 -44 208 -17 284 -2 333 41 403 79 450 105 467 169 488 250 494 199 498 199 498 374 488 362 490 438 481 438 481 490 467 490 467 0 0 0 0 0 0 0 0 0 0 0 0 0 0 0 0 0 0 0 0 0 0 0 0 0 0 0 0 0 0 0 0 0 0 
0 0 0 0 1 0 0 0 0 0 
456 -379 456 -379 352 -364 330 -358 277 -340 237 -325 209 -318 174 -305 132 -288 93 -264 50 -229 27 -207 13 -192 -9 -150 -43 -93 -58 -28 -65 30 -68 80 -69 141 -59 203 -41 255 -18 310 -6 340 37 401 72 438 97 460 145 484 198 493 242 497 274 500 341 493 408 473 465 449 486 441 499 423 441 -381 330 -366 305 -364 234 -349 191 -341 155 -332 94 -311 69 -296 4 -263 -46 -225 -64 -210 -80 -186 -97 -145 -145 -75 -158 -27 -161 53 -161 87 -160 160 -152 221 -102 272 -90 317 -36 366 -14 403 51 450 64 467 135 487 203 497 282 495 292 499 414 487 449 480 499 457 0 0 0 0 0 0 0 0 0 0 0 0 0 0 0 0 
0 0 0 0 1 0 0 0 0 0 
500 -453 339 -455 326 -459 290 -461 238 -451 171 -427 97 -402 47 -382 -10 -351 -27 -336 -84 -287 -132 -231 -149 -206 -187 -136 -205 -95 -215 -46 -220 6 -223 70 -220 136 -216 189 -212 212 -209 225 -175 255 -169 263 -160 302 -109 353 -104 359 -94 395 -36 451 21 478 89 497 215 491 239 495 271 500 338 497 383 491 435 480 484 474 500 -453 480 -455 441 -455 391 -444 327 -423 247 -395 197 -380 149 -358 110 -330 65 -291 23 -237 2 -209 -35 -142 -50 -112 -65 -47 -72 -4 -79 49 -75 133 -67 174 -61 203 -58 215 -49 239 -43 252 -17 304 -1 341 5 349 41 397 75 438 132 479 179 498 0 0 0 0 0 0 0 0 0 0 0 0 0 0 
0 0 0 0 1 0 0 0 0 0 
350 -425 350 -425 350 -425 231 -407 200 -399 111 -368 94 -357 24 -321 -15 -295 -45 -268 -105 -210 -120 -182 -171 -106 -175 -97 -189 -52 -196 -19 -196 23 -198 112 -200 180 -193 249 -144 338 -129 370 -81 422 -67 438 27 498 499 457 451 -407 451 -407 435 -411 395 -413 317 -405 280 -394 207 -375 188 -367 126 -331 96 -312 58 -286 18 -244 -13 -206 -49 -141 -55 -130 -73 -84 -83 -54 -94 -4 -102 80 -102 120 -90 191 -69 270 -50 305 -26 348 14 392 51 438 73 462 122 487 179 497 232 500 294 497 353 487 378 481 432 453 460 436 476 426 499 413 0 0 0 0 0 0 0 0 0 0 0 0 0 0 0 0 0 0 0 0 0 0 0 0 
0 0 0 0 1 0 0 0 0 0 
473 -377 447 -380 401 -377 350 -365 292 -348 245 -324 169 -273 163 -268 125 -237 64 -176 29 -130 10 -96 -5 -72 -34 4 -53 62 -69 150 -68 213 -52 297 -34 348 16 423 53 462 113 493 173 498 245 491 252 489 298 476 371 455 437 430 500 394 460 -380 307 -383 288 -387 257 -387 205 -380 142 -359 100 -341 25 -294 18 -289 -38 -240 -92 -182 -117 -144 -150 -98 -154 -88 -171 -4 -215 81 -222 144 -224 212 -204 280 -178 331 -118 411 -84 450 -32 488 43 500 104 483 121 485 179 464 236 448 298 432 364 404 500 359 500 359 0 0 0 0 0 0 0 0 0 0 0 0 0 0 0 0 0 0 0 0 0 0 0 0 0 0 0 0 
0 0 0 0 1 0 0 0 0 0 
499 -468 482 -473 431 -480 368 -480 310 -475 265 -459 230 -431 200 -403 163 -370 115 -328 50 -240 46 -233 34 -198 11 251 62 300 34 419 34 419 34 419 34 419 71 449 140 468 187 482 211 491 272 498 467 433 341 -470 341 -470 295 -479 229 -481 171 -476 124 -463 87 -417 28 -370 17 -354 -39 -297 -97 -214 -109 -191 -115 -168 2 -103 -17 -20 -19 -6 -20 73 -19 108 -11 188 0 235 -118 322 -75 350 93 322 93 322 105 329 133 345 183 368 198 373 236 384 289 400 335 410 372 414 414 423 352 499 500 428 500 428 0 0 0 0 0 0 0 0 0 0 0 0 0 0 0 0 0 0 0 0 0 0 0 0 0 0 0 0 
0 0 0 0 1 0 0 0 0 0 
316 -484 304 -484 248 -475 227 -469 166 -454 135 -447 125 -445 81 -420 40 -401 30 -394 -41 -316 -123 -110 -122 -93 -116 80 -75 271 -50 299 -22 341 -64 486 -64 486 -64 486 -64 486 -29 494 25 496 29 498 208 445 267 441 345 437 370 441 441 439 460 433 500 437 203 -485 192 -485 139 -481 120 -476 55 -462 9 -445 -4 -432 -55 -405 -103 -371 -109 -367 -23 -348 -29 -343 -181 -280 -78 -257 -84 -251 -114 -185 -117 -172 -240 -25 -240 -25 -235 120 -109 145 -99 208 -98 219 -179 339 -179 339 -143 386 -3 377 -3 377 14 394 20 400 63 415 104 430 131 432 161 434 161 434 92 495 228 436 231 436 150 500 241 497 246 497 301 495 350 491 480 430 
0 0 0 0 1 0 0 0 0 0 
-55 -253 -55 -253 -124 264 -124 264 -124 264 -56 412 -56 412 -56 412 14 449 14 449 75 481 75 481 110 499 331 476 331 476 331 476 427 488 455 488 500 488 420 -495 407 -495 355 -491 307 -482 250 -457 215 -433 167 -400 122 -360 96 -334 72 -294 52 -258 52 -258 26 -219 -13 -146 -16 -139 -32 -66 -42 0 -42 110 -35 161 -31 174 -27 188 -24 201 -20 216 10 287 19 307 26 316 32 327 32 327 70 351 76 356 96 373 137 393 145 398 196 418 204 422 186 460 175 486 208 497 252 500 273 500 405 449 417 451 357 491 460 449 465 446 500 444 0 0 0 0 0 0 0 0 0 0 0 0 0 0 0 0 0 0 0 0 
0 0 0 0 1 0 0 0 0 0 
442 -490 428 -488 417 -483 390 -476 350 -467 270 -450 264 -448 173 -429 115 -413 7 -361 -18 -342 -53 -312 -107 -201 -124 -105 -121 -16 -120 -2 -101 58 -80 138 -70 176 -65 187 -14 291 22 330 46 361 97 406 117 422 141 431 207 469 227 474 295 488 316 495 350 497 411 500 468 500 499 488 371 -485 295 -479 295 -479 264 -472 96 -443 21 -419 -68 -364 -119 -335 -143 -298 -213 -187 -223 -97 -220 -8 -151 132 -151 132 -151 132 -68 245 -68 245 -16 322 78 395 78 395 104 412 194 456 205 465 274 483 301 485 349 492 414 498 499 487 0 0 0 0 0 0 0 0 0 0 0 0 0 0 0 0 0 0 0 0 0 0 0 0 0 0 
0 0 0 0 1 0 0 0 0 0 
426 -483 426 -483 426 -483 393 -486 379 -486 334 -483 189 -478 203 -468 205 -455 169 -420 130 -385 109 -370 62 -332 38 -302 -8 -241 -28 -204 -63 -120 -196 27 -196 27 -195 133 -62 113 -50 178 -43 234 -43 239 -7 317 9 352 -66 430 45 375 59 377 -2 450 130 410 141 413 60 488 89 498 269 455 279 455 332 468 398 468 417 465 485 440 499 430 500 500 443 -477 371 -480 290 -477 -9 -68 -8 -59 -4 68 125 357 180 369 298 408 381 435 301 495 301 495 301 495 413 500 423 500 500 477 0 0 0 0 0 0 0 0 0 0 0 0 0 0 0 0 0 0 0 0 0 0 0 0 0 0 0 0 0 0 0 0 0 0 
0 0 0 0 1 0 0 0 0 0 
357 -435 357 -435 321 -410 251 -382 174 -357 153 -347 87 -320 20 -278 5 -267 -59 -200 -115 -131 -149 -64 -170 -23 -180 18 -183 112 -142 209 -133 248 -121 304 28 276 36 288 -54 359 91 375 100 382 19 444 140 426 156 444 162 451 190 476 244 486 266 499 338 495 338 495 411 495 434 490 460 488 500 479 500 -440 484 -436 453 -422 377 -392 303 -369 282 -363 227 -337 157 -296 140 -283 75 -219 25 -162 -11 -95 -22 -68 -35 -18 -42 52 -25 164 -11 210 7 260 29 301 98 394 228 500 0 0 0 0 0 0 0 0 0 0 0 0 0 0 0 0 0 0 0 0 0 0 0 0 0 0 0 0 0 0 0 0 0 0 0 0 
0 0 0 0 1 0 0 0 0 0 
358 -426 342 -428 293 -420 250 -407 198 -389 174 -378 93 -345 66 -332 1 -291 -56 -236 -75 -212 -116 -159 -145 -98 -184 -2 -196 54 -201 135 -195 199 -49 170 -42 183 -141 273 -2 282 12 304 -72 385 62 369 67 378 94 402 0 477 126 422 137 426 70 487 189 459 208 470 215 474 264 494 301 498 372 487 403 479 341 492 437 468 447 461 499 444 500 -467 500 -467 409 -444 388 -435 336 -408 280 -384 248 -370 206 -346 132 -294 83 -249 57 -217 26 -179 -5 -114 -40 -33 -53 26 -58 92 -55 188 -34 235 29 355 106 440 156 467 410 498 0 0 0 0 0 0 0 0 0 0 0 0 0 0 0 0 0 0 0 0 0 0 0 0 
0 0 0 0 1 0 0 0 0 0 
499 -360 486 -367 416 -371 329 -356 294 -347 248 -331 198 -311 167 -296 122 -271 113 -267 66 -224 39 -198 -11 -126 -33 -93 -58 -22 -73 6 -85 48 -94 118 -78 253 -30 345 5 394 39 420 122 476 172 498 450 454 460 452 318 -353 318 -353 250 -364 185 -358 136 -349 82 -334 33 -314 4 -299 -41 -268 -57 -255 -102 -216 -128 -187 -177 -120 -194 -80 -203 -26 -237 45 -249 91 -253 144 -106 181 -100 196 -204 283 -142 368 -132 410 -87 436 0 493 60 500 188 489 203 493 260 495 315 484 325 480 381 456 340 469 340 469 451 430 461 425 500 412 0 0 0 0 0 0 0 0 0 0 0 0 0 0 0 0 0 0 0 0 0 0 0 0 
0 0 0 0 1 0 0 0 0 0 
500 -347 500 -347 421 -362 356 -357 324 -350 275 -342 225 -324 181 -302 118 -259 48 -171 42 -163 -3 -83 -9 -73 -24 -40 -71 83 -81 136 -74 234 -3 498 301 -357 288 -361 242 -372 178 -372 144 -367 100 -361 60 -350 4 -329 -48 -298 -121 -221 -125 -215 -167 -147 -185 -118 -194 -99 -200 -54 -101 0 -250 93 -225 139 -101 137 -101 154 -97 228 -77 291 -48 325 -125 367 5 376 17 393 40 431 92 465 134 482 187 488 231 490 292 492 345 498 405 498 457 496 500 492 0 0 0 0 0 0 0 0 0 0 0 0 0 0 0 0 0 0 0 0 0 0 0 0 0 0 0 0 0 0 0 0 0 0 0 0 0 0 0 0 0 0 
0 0 0 0 1 0 0 0 0 0 
-63 -358 -63 -358 2 -342 25 -342 93 -339 146 -342 182 -336 232 -327 298 -305 384 -246 421 -212 395 -61 395 -61 395 -61 499 500 -220 -339 -208 -341 -165 -334 -105 -349 -61 -351 11 -356 27 -353 90 -351 144 -334 213 -294 286 -261 443 -216 458 -195 469 -176 477 -158 490 -96 500 14 493 136 493 143 475 228 358 318 358 318 370 365 341 396 294 441 240 466 231 469 179 485 161 490 108 495 33 497 18 500 -41 497 -84 490 -112 485 -120 476 0 0 0 0 0 0 0 0 0 0 0 0 0 0 0 0 0 0 0 0 0 0 0 0 0 0 0 0 0 0 0 0 0 0 0 0 0 0 0 0 0 0 0 0 0 0 0 0 
0 0 0 0 0 1 0 0 0 0 
-192 -333 -136 -324 -68 -321 -22 -317 84 -294 142 -280 212 -262 223 -246 282 -205 292 -189 364 -132 365 -127 432 -68 437 -36 441 15 444 70 443 157 444 191 499 257 446 340 239 415 130 458 116 463 50 484 3 500 -7 497 0 497 -74 -367 -74 -367 -16 -354 25 -349 98 -340 175 -318 223 -295 261 -278 292 -262 349 -219 360 -206 424 -147 428 -139 453 -98 484 -44 491 -11 500 42 495 127 481 186 314 291 254 354 254 354 282 369 213 410 192 419 120 450 87 457 68 461 -35 479 -30 479 -127 499 -153 499 0 0 0 0 0 0 0 0 0 0 0 0 0 0 0 0 0 0 0 0 0 0 0 0 0 0 0 0 0 0 0 0 
0 0 0 0 0 1 0 0 0 0 
-71 -369 -56 -366 18 -359 103 -359 233 -333 241 -330 312 -307 320 -302 432 -240 499 -159 456 -50 456 -50 456 -50 449 95 449 166 448 209 416 450 334 500 -129 497 -169 485 -100 -370 -228 -323 -216 -326 -128 -335 -62 -338 43 -326 52 -321 201 -328 250 -312 141 -293 141 -293 265 -244 314 -157 460 -103 460 -103 482 -46 488 -25 500 61 500 110 498 190 493 239 424 352 407 377 369 420 294 457 146 497 164 497 111 500 51 497 6 492 -26 483 -63 474 -89 464 -195 464 -193 464 0 0 0 0 0 0 0 0 0 0 0 0 0 0 0 0 0 0 0 0 0 0 0 0 0 0 0 0 0 0 0 0 0 0 0 0 0 0 0 0 
0 0 0 0 0 1 0 0 0 0 
-219 -335 -205 -340 -177 -342 -114 -351 -78 -354 -42 -361 22 -368 27 -365 74 -365 136 -361 144 -361 210 -331 258 -300 276 -289 326 -247 340 -228 353 -181 477 -179 495 -132 500 -123 420 -62 420 60 420 132 367 319 367 319 362 328 360 335 296 412 296 412 296 449 246 484 196 496 141 498 85 496 20 487 -52 475 -90 468 -136 461 -98 -352 -98 -352 -72 -350 -15 -352 31 -355 55 -355 116 -358 141 -358 176 -355 211 -350 223 -347 312 -310 352 -275 358 -267 415 -195 422 -184 439 -131 479 -26 499 136 498 187 445 411 445 411 345 500 0 0 0 0 0 0 0 0 0 0 0 0 0 0 0 0 0 0 0 0 0 0 0 0 0 0 0 0 
0 0 0 0 0 1 0 0 0 0 
-92 -440 -71 -447 24 -438 52 -440 142 -427 181 -425 224 -414 280 -407 339 -400 433 -347 438 -340 499 -298 477 -164 477 -164 477 -164 477 -164 474 -104 478 -48 -49 498 -50 496 -228 -390 -125 -442 -110 -446 -168 -416 -116 -405 -66 -403 2 -394 45 -392 69 -386 130 -370 182 -355 256 -305 260 -299 323 -242 452 -251 452 -251 465 -236 471 -232 479 -214 491 -167 499 -114 499 -114 497 -36 493 30 475 117 460 169 432 227 412 253 361 292 324 334 284 353 225 390 184 425 137 453 101 446 45 457 24 455 -32 466 -52 475 -213 498 -213 498 -109 453 -121 453 -165 455 0 0 0 0 0 0 0 0 0 0 0 0 0 0 0 0 0 0 0 0 0 0 
0 0 0 0 0 1 0 0 0 0 
-46 -407 -21 -407 -5 -404 79 -400 151 -383 200 -383 227 -369 210 -333 265 -280 265 -280 317 -235 396 -159 396 -159 396 -159 468 -26 468 -26 463 54 462 147 462 211 478 238 500 319 456 416 414 442 357 466 337 466 -128 500 -234 -400 -218 -393 -184 -384 -129 -372 -129 -372 -56 -358 6 -342 52 -335 78 -328 180 -372 175 -361 248 -375 248 -375 296 -331 350 -312 369 -296 371 -293 410 -240 425 -216 431 -198 434 -193 469 -97 487 -53 493 -16 499 69 496 135 493 167 423 230 434 268 342 363 290 445 248 473 187 494 171 498 179 489 180 487 122 468 62 463 8 456 -21 452 -33 442 0 0 0 0 0 0 0 0 0 0 0 0 0 0 0 0 
0 0 0 0 0 1 0 0 0 0 
-121 -325 -1 -358 42 -363 121 -373 201 -360 283 -345 334 -298 352 -271 421 -201 498 -62 498 -62 498 32 498 104 499 166 454 390 457 395 -94 499 -14 -375 -14 -375 55 -384 107 -388 170 -388 248 -384 291 -370 368 -319 378 -305 436 -236 448 -208 473 -148 486 -115 500 -27 497 39 492 104 489 118 434 224 413 263 333 324 345 328 272 379 272 379 272 379 268 435 242 456 184 488 130 500 91 500 47 490 -5 479 -25 469 -65 446 -65 444 -85 432 0 0 0 0 0 0 0 0 0 0 0 0 0 0 0 0 0 0 0 0 0 0 0 0 0 0 0 0 0 0 0 0 0 0 0 0 0 0 0 0 0 0 0 0 0 0 
0 0 0 0 0 1 0 0 0 0 
-71 -363 -213 -318 -178 -336 -126 -340 -53 -347 26 -354 75 -352 159 -331 291 -340 320 -327 231 -293 273 -263 416 -252 440 -227 453 -211 354 -181 474 -163 484 -134 499 -88 418 -18 418 84 418 125 364 304 364 306 361 313 375 336 381 361 350 406 268 429 269 431 225 465 182 477 48 500 48 500 -5 465 -49 456 -85 -361 -85 -361 -10 -365 38 -365 125 -363 181 -361 266 -337 308 -314 371 -268 431 -192 484 -39 499 67 495 125 455 266 451 275 270 412 270 412 243 446 149 500 0 0 0 0 0 0 0 0 0 0 0 0 0 0 0 0 0 0 0 0 0 0 0 0 0 0 0 0 0 0 0 0 0 0 0 0 0 0 0 0 
0 0 0 0 0 1 0 0 0 0 
-185 -346 -185 -346 -134 -360 -95 -369 -10 -371 36 -364 104 -346 159 -318 217 -277 260 -236 277 -220 294 -183 345 -116 361 -52 404 9 410 61 500 158 484 192 362 284 362 284 323 344 266 408 257 417 207 456 159 472 89 488 41 497 -23 500 -86 490 -125 474 -151 456 -203 442 -222 433 -99 422 -99 422 -40 -394 6 -392 40 -387 116 -383 159 -376 232 -350 282 -322 333 -278 383 -221 394 -207 403 -186 453 -107 464 -53 489 9 500 86 451 242 453 250 411 341 360 404 348 415 302 446 244 469 186 488 138 497 87 500 20 490 -32 471 -60 455 -90 443 -107 439 0 0 0 0 0 0 0 0 0 0 0 0 0 0 0 0 0 0 0 0 
0 0 0 0 0 1 0 0 0 0 
-252 -334 -239 -339 -177 -339 -135 -341 -90 -336 -15 -334 21 -321 79 -307 139 -287 209 -245 256 -204 275 -159 333 -93 341 -40 383 53 398 74 486 91 500 130 400 198 372 243 363 264 356 283 297 381 255 424 239 434 207 460 188 471 142 490 79 498 69 498 62 494 -17 473 -40 469 -80 456 -128 449 -140 447 -86 -376 -86 -376 -17 -376 17 -374 65 -368 147 -355 179 -344 232 -325 272 -304 349 -251 391 -206 415 -168 457 -102 471 -46 497 48 489 91 500 161 487 212 483 225 476 251 416 351 375 393 361 408 305 444 283 455 242 468 184 482 -6 500 -123 489 -142 489 -184 472 -263 463 0 0 0 0 0 0 0 0 0 0 0 0 0 0 
0 0 0 0 0 1 0 0 0 0 
97 -469 117 -469 217 -457 213 -429 356 -389 353 -381 500 -293 500 -293 255 482 150 500 142 497 -207 -456 -195 -456 -171 -449 -119 -451 -60 -459 16 -449 74 -437 188 -451 184 -442 264 -442 264 -442 325 -415 389 -389 389 -389 389 -389 371 -290 368 -274 455 -302 459 -221 468 -170 476 -117 491 -69 498 33 500 134 472 218 457 254 426 329 400 348 355 382 313 401 254 435 231 437 114 485 18 500 16 495 16 495 18 492 -26 485 -76 490 0 0 0 0 0 0 0 0 0 0 0 0 0 0 0 0 0 0 0 0 0 0 0 0 0 0 0 0 0 0 0 0 0 0 0 0 0 0 0 0 0 0 0 0 0 0 0 0 0 0 
0 0 0 0 0 1 0 0 0 0 
-62 -466 -62 -466 240 -374 462 -357 462 -357 489 -330 499 -265 134 498 131 493 -160 491 -293 -409 -277 -416 -267 -421 -258 -423 -252 -426 -144 -466 -119 -457 -49 -440 22 -421 71 -407 76 -402 162 -395 179 -390 187 -361 281 -361 251 -295 251 -295 303 -335 307 -319 397 -283 397 -283 426 -216 435 -195 488 -83 496 -61 499 42 498 123 469 214 462 233 428 314 414 335 372 383 344 421 305 433 195 495 162 483 121 478 106 476 44 469 -100 500 -100 500 -100 500 -83 471 -105 428 -224 452 -224 452 0 0 0 0 0 0 0 0 0 0 0 0 0 0 0 0 0 0 0 0 0 0 0 0 0 0 0 0 0 0 0 0 0 0 0 0 0 0 
0 0 0 0 0 1 0 0 0 0 
39 -385 39 -385 39 -385 71 -389 139 -389 190 -380 154 -325 155 -316 178 -307 261 -260 414 -242 433 -224 341 -169 469 -162 489 -131 500 -111 414 -57 408 40 408 131 406 178 404 238 488 289 482 298 343 396 343 396 274 478 255 478 210 483 148 476 75 467 40 461 -23 449 -186 498 -49 445 -49 445 -135 -334 -57 -371 39 -362 251 -338 251 -338 251 -338 364 -258 419 -185 476 -68 496 37 499 98 497 176 488 247 438 381 -60 498 0 0 0 0 0 0 0 0 0 0 0 0 0 0 0 0 0 0 0 0 0 0 0 0 0 0 0 0 0 0 0 0 0 0 0 0 0 0 0 0 0 0 0 0 0 0 0 0 0 0 
0 0 0 0 0 1 0 0 0 0 
-183 -369 -170 -377 -143 -384 -63 -384 -9 -377 53 -373 108 -360 174 -319 234 -293 282 -241 307 -194 359 -177 363 -140 370 -75 499 -56 499 -56 465 6 482 49 479 127 464 194 371 280 324 336 259 419 258 423 216 468 183 483 169 488 117 494 49 496 -11 496 -31 496 -73 498 -38 -425 -26 -423 -7 -421 70 -414 128 -408 169 -404 238 -382 314 -353 351 -327 419 -268 442 -238 458 -217 490 -161 500 -121 482 0 469 231 442 293 384 361 377 372 332 412 286 444 -212 500 0 0 0 0 0 0 0 0 0 0 0 0 0 0 0 0 0 0 0 0 0 0 0 0 0 0 0 0 0 0 0 0 0 0 0 0 0 0 0 0 0 0 
0 0 0 0 0 1 0 0 0 0 
-165 -443 -165 -443 -165 -443 -120 -475 -51 -482 -43 -482 24 -479 99 -475 175 -450 184 -443 257 -394 273 -383 298 -363 339 -309 366 -269 395 -197 422 -170 444 -112 476 -40 492 17 499 67 421 145 422 165 437 253 391 295 350 325 296 356 262 369 198 399 139 421 105 434 60 443 -12 468 -45 486 -87 499 -258 -287 499 498 0 0 0 0 0 0 0 0 0 0 0 0 0 0 0 0 0 0 0 0 0 0 0 0 0 0 0 0 0 0 0 0 0 0 0 0 0 0 0 0 0 0 0 0 0 0 0 0 0 0 0 0 0 0 0 0 0 0 0 0 0 0 0 0 0 0 0 0 0 0 0 0 0 0 0 0 
0 0 0 0 0 1 0 0 0 0 
497 497 -150 472 -150 472 -150 472 -135 233 -121 169 -227 152 -227 152 -227 152 -226 127 -179 -125 -170 -161 14 -300 102 -369 147 -391 183 -391 248 -375 289 -355 359 -272 389 -202 413 -152 438 -72 473 291 480 308 498 444 500 500 -263 500 -242 480 -230 468 -212 449 -192 468 -209 449 -256 406 -263 384 -264 266 -260 213 -107 79 -88 -12 -88 -19 -84 -40 -49 -168 -30 -218 -12 -262 -88 -314 -1 -391 16 -399 74 -411 137 -394 209 -365 269 -295 290 -230 334 -182 348 -112 482 -57 487 -14 493 40 500 149 417 252 417 252 418 334 420 394 420 401 420 401 0 0 0 0 0 0 0 0 0 0 0 0 0 0 0 0 0 0 0 0 0 0 0 0 
0 0 0 0 0 0 1 0 0 0 
497 497 -197 498 -201 465 -202 452 -198 340 -190 245 -177 148 -130 -40 -246 -17 -246 -17 -243 -40 -90 -135 -18 -250 33 -294 80 -329 125 -347 177 -350 220 -340 245 -329 280 -309 331 -255 368 -207 388 -168 426 -92 447 -17 483 181 486 199 500 347 500 383 -192 436 -318 498 -324 455 -327 438 -321 352 -305 251 -300 177 -289 69 -123 -69 -121 -79 -112 -105 -108 -119 -182 -182 -131 -256 -75 -309 -43 -330 22 -359 66 -359 131 -350 138 -347 165 -323 225 -261 262 -244 281 -191 337 -124 343 -43 476 62 499 124 406 172 406 172 405 297 403 369 0 0 0 0 0 0 0 0 0 0 0 0 0 0 0 0 0 0 0 0 0 0 0 0 0 0 0 0 
0 0 0 0 0 0 1 0 0 0 
-271 475 -271 475 -262 411 -179 310 -185 270 -188 256 -251 152 -258 61 -262 -14 -162 -91 -156 -110 -140 -181 -97 -242 -78 -275 -15 -303 8 -317 56 -348 109 -360 174 -362 232 -341 281 -305 329 -258 365 -202 399 -136 406 -127 447 -30 458 7 479 82 484 110 494 190 500 291 432 371 500 331 498 355 495 367 489 430 479 498 -164 500 -167 477 -171 436 -186 183 -173 40 -168 -20 500 372 0 0 0 0 0 0 0 0 0 0 0 0 0 0 0 0 0 0 0 0 0 0 0 0 0 0 0 0 0 0 0 0 0 0 0 0 0 0 0 0 0 0 0 0 0 0 0 0 0 0 0 0 0 0 0 0 0 0 0 0 0 0 
0 0 0 0 0 0 1 0 0 0 
-122 498 -130 447 -137 345 -145 261 -138 181 -117 56 -109 30 -69 -108 -60 -131 -1 -237 3 -247 44 -287 62 -303 125 -329 164 -331 198 -327 237 -312 277 -291 311 -263 350 -209 360 -195 377 -167 403 -115 422 -75 437 -25 464 58 467 70 484 145 492 228 495 298 499 376 496 416 -274 498 -274 498 -283 425 -287 332 -287 269 -283 168 -235 6 -237 -4 -226 -86 -176 -181 -139 -257 -129 -276 -103 -306 -76 -330 -22 -360 18 -367 42 -362 86 -354 141 -330 161 -313 191 -282 224 -248 230 -228 270 -172 283 -144 294 -95 329 -23 341 -2 352 64 357 149 361 215 366 285 369 339 490 373 498 401 500 406 0 0 0 0 0 0 0 0 0 0 0 0 0 0 
0 0 0 0 0 0 1 0 0 0 
-173 473 -173 473 -171 359 -168 257 -164 207 -164 159 -164 140 -148 -26 -133 -98 -124 -130 -116 -164 -93 -260 -84 -295 -53 -369 -12 -441 4 -470 58 -486 86 -486 149 -486 187 -484 228 -473 291 -420 299 -406 331 -369 370 -300 413 -231 417 -218 442 -151 474 -69 489 2 497 79 500 172 493 308 491 335 483 430 481 500 -100 498 -100 397 -100 306 -93 226 -86 170 19 -168 500 -488 0 0 0 0 0 0 0 0 0 0 0 0 0 0 0 0 0 0 0 0 0 0 0 0 0 0 0 0 0 0 0 0 0 0 0 0 0 0 0 0 0 0 0 0 0 0 0 0 0 0 0 0 0 0 0 0 0 0 0 0 0 0 0 0 
0 0 0 0 0 0 1 0 0 0 
-241 462 -248 440 -264 400 -276 273 -276 273 -276 191 -224 6 -221 -8 -220 -63 -185 -145 -172 -169 -168 -193 -132 -246 -121 -264 -90 -295 -54 -319 -5 -330 54 -323 102 -303 164 -268 184 -251 215 -200 245 -160 260 -118 298 -68 315 -8 326 61 338 136 366 176 377 242 381 273 382 339 385 416 383 460 500 499 500 499 -107 435 -107 435 -125 378 -135 271 -134 252 -135 170 -118 52 -114 38 -83 -82 -66 -134 -61 -148 -38 -191 -14 -223 7 -248 50 -282 78 -289 140 -296 190 -289 252 -264 291 -225 309 -202 361 -132 375 -109 397 -63 426 -11 448 43 460 109 476 189 489 243 494 289 497 325 500 394 500 466 500 498 0 0 0 0 0 0 0 0 0 0 
0 0 0 0 0 0 1 0 0 0 
-171 498 -159 468 -29 379 -29 374 -24 268 -4 202 41 106 88 43 132 -43 137 -58 183 -136 232 -212 281 -255 308 -306 384 -364 406 -402 500 -473 0 0 0 0 0 0 0 0 0 0 0 0 0 0 0 0 0 0 0 0 0 0 0 0 0 0 0 0 0 0 0 0 0 0 0 0 0 0 0 0 0 0 0 0 0 0 0 0 0 0 0 0 0 0 0 0 0 0 0 0 0 0 0 0 0 0 0 0 0 0 0 0 0 0 0 0 0 0 0 0 0 0 0 0 0 0 0 0 0 0 0 0 0 0 0 0 0 0 0 0 0 0 0 0 0 0 0 0 0 0 0 0 0 0 0 0 
0 0 0 0 0 0 1 0 0 0 
499 500 259 -487 283 -476 300 -459 307 -450 349 -395 360 -381 392 -309 427 -256 436 -220 439 -200 473 -103 490 -35 499 39 498 143 490 207 484 275 445 346 452 384 452 463 476 498 0 0 0 0 0 0 0 0 0 0 0 0 0 0 0 0 0 0 0 0 0 0 0 0 0 0 0 0 0 0 0 0 0 0 0 0 0 0 0 0 0 0 0 0 0 0 0 0 0 0 0 0 0 0 0 0 0 0 0 0 0 0 0 0 0 0 0 0 0 0 0 0 0 0 0 0 0 0 0 0 0 0 0 0 0 0 0 0 0 0 0 0 0 0 0 0 0 0 0 0 0 0 0 0 0 0 0 0 
0 0 0 0 0 0 1 0 0 0 
-268 406 -268 377 -270 304 -271 249 -270 176 -206 0 -209 -39 -210 -66 -205 -114 -160 -207 -150 -242 -91 -320 -50 -348 -11 -364 22 -373 71 -375 94 -370 154 -350 218 -326 229 -311 281 -267 299 -229 341 -194 355 -163 369 -119 409 -75 421 -24 430 22 499 498 -138 350 -140 328 -145 271 -149 221 -149 151 -139 59 -118 -30 -114 -70 -98 -125 -68 -199 -55 -230 -1 -307 36 -333 68 -348 101 -355 145 -353 181 -344 230 -326 257 -309 290 -282 331 -239 355 -206 388 -164 402 -142 420 -98 444 -46 460 -2 472 37 479 81 489 208 489 232 492 326 492 418 500 462 492 500 0 0 0 0 0 0 0 0 0 0 0 0 0 0 0 0 0 0 0 0 0 0 
0 0 0 0 0 0 1 0 0 0 
-224 418 -212 398 -211 394 -207 310 -210 224 -210 167 -207 68 -199 -28 -176 -96 -161 -171 -133 -257 -110 -295 -106 -321 -68 -374 -46 -418 -12 -460 38 -482 75 -484 139 -488 192 -482 204 -473 264 -429 272 -411 312 -365 364 -292 393 -224 431 -156 436 -136 468 -28 474 -11 490 72 484 143 481 189 480 266 480 343 483 420 500 499 0 0 0 0 0 0 0 0 0 0 0 0 0 0 0 0 0 0 0 0 0 0 0 0 0 0 0 0 0 0 0 0 0 0 0 0 0 0 0 0 0 0 0 0 0 0 0 0 0 0 0 0 0 0 0 0 0 0 0 0 0 0 0 0 0 0 0 0 0 0 0 0 0 0 0 0 
0 0 0 0 0 0 1 0 0 0 
-104 453 -237 498 -237 477 -260 407 -279 325 -282 229 -275 138 -126 65 -119 28 -105 -28 -101 -54 -85 -117 -52 -190 -24 -253 16 -308 50 -331 74 -347 122 -360 173 -360 216 -347 268 -316 289 -299 350 -240 385 -197 412 -156 427 -119 461 -41 480 17 500 123 417 186 412 297 412 353 413 396 417 453 -115 500 -120 472 -136 411 -147 318 -147 218 -136 93 -241 25 -241 25 -240 2 -177 -165 -184 -195 -141 -275 -131 -297 -82 -343 -60 -356 -7 -368 31 -368 77 -354 140 -318 152 -297 201 -245 259 -177 265 -154 278 -97 319 -25 328 52 494 275 497 338 500 395 498 443 497 486 0 0 0 0 0 0 0 0 0 0 0 0 0 0 0 0 0 0 0 0 
0 0 0 0 0 0 1 0 0 0 
-350 377 -348 356 -348 356 -348 347 -345 283 -341 197 -249 124 -247 90 -244 15 -244 4 -233 -96 -220 -180 -205 -238 -181 -313 -159 -360 -118 -405 -103 -442 -56 -476 -17 -484 39 -489 104 -489 157 -484 219 -457 278 -414 283 -409 340 -351 358 -315 397 -259 410 -212 441 -160 463 -85 469 -32 473 19 482 111 487 165 493 257 496 364 499 403 462 499 462 499 -253 423 -253 423 -252 395 -252 386 -252 312 -248 173 500 500 0 0 0 0 0 0 0 0 0 0 0 0 0 0 0 0 0 0 0 0 0 0 0 0 0 0 0 0 0 0 0 0 0 0 0 0 0 0 0 0 0 0 0 0 0 0 0 0 0 0 0 0 0 0 0 0 
0 0 0 0 0 0 1 0 0 0 
500 500 -160 498 -166 471 -186 384 -191 296 -171 95 -290 113 -290 113 -291 93 -290 61 -105 -179 -62 -273 -55 -284 -15 -325 54 -364 116 -362 171 -341 225 -300 247 -280 297 -223 342 -157 357 -129 403 -29 411 -9 440 77 460 127 477 198 488 273 499 341 -160 446 -297 500 -298 476 -317 390 -330 306 -330 221 -171 64 -168 53 -160 12 -160 12 -142 -75 -236 -172 -181 -293 -180 -299 -136 -346 -75 -379 -16 -377 47 -359 95 -327 114 -303 169 -258 223 -187 229 -165 284 -73 290 -40 304 32 346 84 354 146 360 230 368 299 499 349 498 368 496 405 487 467 0 0 0 0 0 0 0 0 0 0 0 0 0 0 0 0 0 0 0 0 0 0 0 0 
0 0 0 0 0 0 1 0 0 0 
-186 446 -186 446 -184 357 -180 238 -177 186 -177 109 -165 63 -147 -18 -138 -107 -215 -221 -189 -231 -78 -285 -78 -285 -34 -350 14 -385 19 -392 67 -441 93 -462 129 -471 148 -476 190 -476 256 -464 309 -415 350 -366 367 -348 380 -320 427 -242 441 -191 491 -72 499 -14 460 74 460 74 458 137 453 238 453 322 454 392 453 462 453 500 -302 363 -306 279 -306 188 -302 97 -298 29 -283 -18 -267 -97 -260 -165 -205 -284 -204 -302 -154 -402 -120 -438 -106 -452 -69 -472 -44 -481 4 -486 10 -486 66 -488 120 -484 162 -459 214 -393 218 -386 250 -334 273 -281 285 -236 331 -111 343 -50 345 -31 494 220 494 220 496 343 496 415 499 500 0 0 0 0 0 0 0 0 
0 0 0 0 0 0 1 0 0 0 
-142 410 -142 410 -156 342 -160 267 -161 233 -151 105 -146 39 -100 -128 -95 -152 -95 -152 -41 -282 -35 -286 23 -377 69 -410 123 -439 172 -445 208 -434 248 -419 320 -339 344 -300 353 -282 410 -156 413 -143 419 -108 457 52 462 86 469 145 478 225 476 240 482 344 485 408 491 439 493 481 500 498 -274 372 -274 372 -276 292 -276 227 -272 107 -209 -81 -209 -81 -208 -101 -145 -249 -145 -249 -87 -359 -87 -359 2 -453 24 -468 75 -475 139 -466 208 -410 277 -329 284 -309 360 -202 360 -202 429 8 426 27 425 169 428 225 500 498 0 0 0 0 0 0 0 0 0 0 0 0 0 0 0 0 0 0 0 0 0 0 0 0 0 0 0 0 0 0 
0 0 0 0 0 0 1 0 0 0 
-325 -393 -325 -393 -329 -365 -329 -356 -338 -282 -337 -170 -335 -114 -328 -41 -319 30 -271 142 -260 181 -213 267 -196 278 -188 304 -125 369 -115 401 -64 444 -44 473 4 485 79 498 148 498 217 481 279 434 305 401 455 349 455 349 487 304 496 285 500 274 446 179 449 86 453 25 458 -51 460 -125 458 -192 455 -248 452 -295 449 -341 446 -360 -181 -383 -192 -355 -193 -337 -203 -283 -206 -180 -202 -117 -199 -41 -189 26 -159 139 -142 180 -125 246 -120 259 -94 307 -62 359 -24 403 22 444 36 459 72 479 135 496 200 498 251 485 335 420 356 389 312 324 312 324 312 324 478 152 487 65 492 13 495 -61 496 -132 499 -198 497 -246 497 -289 496 -344 0 0 
0 0 0 0 0 0 0 1 0 0 
-339 -359 -339 -359 -338 -281 -326 -177 -316 -112 -297 14 -293 42 -278 109 -254 160 -241 200 -204 276 -176 340 -142 386 -118 431 -106 454 -73 471 -35 488 -1 494 39 496 67 498 118 494 172 467 240 405 253 380 305 319 362 221 377 135 385 65 389 -6 393 -78 391 -147 387 -211 382 -272 375 -344 499 -340 498 -340 -187 -266 -187 -245 -183 -144 -176 -69 -166 16 -155 65 -141 133 -122 188 -109 233 -73 313 -55 358 -18 415 -7 434 10 461 34 480 68 493 88 497 141 500 174 500 218 493 294 449 343 404 369 372 406 328 467 222 486 127 494 48 498 -12 500 -80 500 -148 500 -209 498 -258 496 -315 0 0 0 0 0 0 0 0 0 0 0 0 
0 0 0 0 0 0 0 1 0 0 
-114 -346 -122 -315 -132 -268 -7 500 499 80 477 -72 -265 -342 -262 -312 -251 -253 -168 -258 -175 -212 -179 -161 -184 -64 -182 18 -162 140 -139 218 -124 283 -81 380 -69 412 -125 498 -24 450 -8 466 18 490 69 498 108 495 174 487 218 471 268 447 309 407 346 355 386 277 407 223 433 140 449 64 485 -29 497 -161 499 -183 497 -274 489 -355 0 0 0 0 0 0 0 0 0 0 0 0 0 0 0 0 0 0 0 0 0 0 0 0 0 0 0 0 0 0 0 0 0 0 0 0 0 0 0 0 0 0 0 0 0 0 0 0 0 0 0 0 0 0 0 0 0 0 0 0 0 0 0 0 0 0 0 0 0 0 0 0 
0 0 0 0 0 0 0 1 0 0 
213 -350 200 -318 197 -311 182 -260 167 -187 157 -75 164 -19 170 40 195 131 203 187 274 288 286 313 365 389 418 445 477 488 500 498 116 -352 -153 -373 -157 -348 -160 -340 -166 -287 -177 -214 -173 -105 -168 -42 -160 27 -151 84 -133 170 -70 262 -57 289 19 359 103 445 135 470 241 493 418 493 453 495 500 500 0 0 0 0 0 0 0 0 0 0 0 0 0 0 0 0 0 0 0 0 0 0 0 0 0 0 0 0 0 0 0 0 0 0 0 0 0 0 0 0 0 0 0 0 0 0 0 0 0 0 0 0 0 0 0 0 0 0 0 0 0 0 0 0 0 0 0 0 0 0 0 0 0 0 0 0 0 0 
0 0 0 0 0 0 0 1 0 0 
354 498 336 480 365 389 415 311 427 273 441 221 485 130 491 92 497 35 499 -31 499 -94 497 -170 497 -233 491 -258 173 498 181 496 176 496 245 494 327 461 384 371 423 312 436 280 454 211 477 148 488 106 496 48 498 -14 500 -73 500 -146 498 -207 498 -247 498 -247 0 0 0 0 0 0 0 0 0 0 0 0 0 0 0 0 0 0 0 0 0 0 0 0 0 0 0 0 0 0 0 0 0 0 0 0 0 0 0 0 0 0 0 0 0 0 0 0 0 0 0 0 0 0 0 0 0 0 0 0 0 0 0 0 0 0 0 0 0 0 0 0 0 0 0 0 0 0 0 0 0 0 0 0 0 0 
0 0 0 0 0 0 0 1 0 0 
-163 -385 -163 -385 -167 -354 -188 -237 -199 -187 -197 -75 -192 55 -182 128 -162 231 -162 231 -140 324 -138 332 -118 391 -108 418 -67 469 -20 494 -1 497 -1 497 63 500 100 488 134 488 195 477 247 458 274 432 321 388 353 368 379 346 417 279 450 203 461 153 483 58 490 -41 498 -108 500 -134 493 -245 493 -340 495 -424 -252 -343 -239 283 -180 430 -39 498 500 -125 0 0 0 0 0 0 0 0 0 0 0 0 0 0 0 0 0 0 0 0 0 0 0 0 0 0 0 0 0 0 0 0 0 0 0 0 0 0 0 0 0 0 0 0 0 0 0 0 0 0 0 0 0 0 0 0 0 0 0 0 0 0 0 0 0 0 
0 0 0 0 0 0 0 1 0 0 
-118 -302 -283 -300 -284 -279 -285 -212 -287 -155 -285 -100 -284 -39 -267 54 -260 86 -250 126 -239 182 -223 247 -187 294 -168 346 -119 403 -61 466 -55 472 1 491 15 493 146 495 151 495 87 500 87 500 188 497 192 497 255 493 255 493 303 478 367 439 386 403 425 336 437 304 448 268 454 226 462 186 474 130 482 96 486 52 492 -6 496 -73 500 -138 500 -201 486 -296 -66 -303 -74 -269 -81 -202 -87 -147 -84 -94 -87 -37 -74 46 -69 63 -52 132 -36 183 -27 233 7 294 30 341 81 402 130 456 139 463 172 484 207 494 260 498 282 498 272 498 269 498 305 484 341 444 361 408 422 332 425 320 431 275 438 229 499 77 499 77 499 77 
0 0 0 0 0 0 0 1 0 0 
-138 -341 -138 -341 -136 -212 -138 -52 -139 96 -139 164 -138 293 -136 417 -132 497 499 -401 -270 -384 -268 -358 -265 -277 -262 -178 -260 -94 -258 -34 -258 49 -258 112 -257 185 -137 219 -135 238 -125 269 -102 345 -82 387 -22 429 27 465 74 494 111 500 161 492 210 465 250 429 261 421 314 363 338 329 351 308 394 209 428 123 438 86 467 2 488 -86 491 -112 500 -225 495 -329 488 -374 395 -463 395 -463 0 0 0 0 0 0 0 0 0 0 0 0 0 0 0 0 0 0 0 0 0 0 0 0 0 0 0 0 0 0 0 0 0 0 0 0 0 0 0 0 0 0 0 0 0 0 0 0 0 0 0 0 0 0 0 0 0 0 
0 0 0 0 0 0 0 1 0 0 
499 498 -71 -329 -74 -283 -84 -202 -93 -103 -94 -31 -83 88 -75 135 -50 205 -35 264 1 331 22 369 66 435 69 446 80 467 314 498 330 460 347 424 408 334 416 308 477 211 477 211 477 192 492 35 497 -16 500 -90 498 -154 494 -243 489 -293 482 -348 -125 -329 -280 -338 -284 -294 -286 -252 -291 -130 -291 -54 -282 65 -276 111 -246 189 -236 247 -202 315 -188 350 -134 434 -128 443 -115 472 6 462 23 476 38 485 66 491 79 495 134 497 195 500 219 500 291 483 338 436 367 392 411 331 421 294 421 294 478 176 482 153 486 33 491 6 499 -113 495 -144 494 -226 491 -275 488 -340 487 -342 0 0 0 0 0 0 0 0 0 0 0 0 
0 0 0 0 0 0 0 1 0 0 
-141 -375 -264 -351 -264 -308 -264 -260 -264 -186 -262 -138 -260 -7 -150 18 -145 61 -134 130 -110 252 -95 308 -71 380 -51 425 -13 457 23 486 58 500 132 478 154 470 210 444 265 417 304 380 348 324 370 292 401 218 431 146 449 98 461 37 477 -63 489 -151 495 -204 499 -337 437 -345 428 -417 -141 -261 -144 -194 -147 -92 -152 61 -154 138 -151 497 500 -225 0 0 0 0 0 0 0 0 0 0 0 0 0 0 0 0 0 0 0 0 0 0 0 0 0 0 0 0 0 0 0 0 0 0 0 0 0 0 0 0 0 0 0 0 0 0 0 0 0 0 0 0 0 0 0 0 0 0 0 0 0 0 0 0 0 0 0 0 
0 0 0 0 0 0 0 1 0 0 
-34 -289 -40 -248 -55 -170 -212 -106 -212 -106 -193 87 -121 255 -121 265 -120 285 -69 361 -60 385 -13 436 19 478 85 500 374 442 427 348 428 306 499 89 497 -72 496 -134 497 -219 494 -291 -87 -292 -233 -310 -237 -289 -237 -254 -106 -174 -106 -134 -102 -42 -90 67 -62 195 -50 228 -30 277 -6 329 6 352 34 394 70 441 126 485 135 489 177 497 227 500 282 493 380 424 426 331 442 273 452 212 491 67 498 -37 499 -109 499 -195 499 -266 499 -308 0 0 0 0 0 0 0 0 0 0 0 0 0 0 0 0 0 0 0 0 0 0 0 0 0 0 0 0 0 0 0 0 0 0 0 0 0 0 0 0 0 0 0 0 0 0 
0 0 0 0 0 0 0 1 0 0 
-207 -403 -207 -403 -220 -322 -228 -215 -228 -109 -217 32 -189 195 -178 266 -151 335 -110 403 -74 446 -66 454 -60 464 -69 500 12 489 31 489 105 484 166 479 177 472 223 439 274 406 336 337 347 324 400 225 419 175 446 88 469 -7 484 -81 487 -101 496 -213 496 -307 497 -345 499 -421 -176 -355 -174 -295 -171 -167 -174 -55 195 500 498 475 0 0 0 0 0 0 0 0 0 0 0 0 0 0 0 0 0 0 0 0 0 0 0 0 0 0 0 0 0 0 0 0 0 0 0 0 0 0 0 0 0 0 0 0 0 0 0 0 0 0 0 0 0 0 0 0 0 0 0 0 0 0 0 0 0 0 0 0 0 0 0 0 
0 0 0 0 0 0 0 1 0 0 
500 498 500 498 500 498 -160 -468 -173 -468 -192 -416 -202 -322 -202 -223 -192 -133 -175 -52 -151 86 -136 146 -115 208 -109 223 -104 235 -98 253 -86 292 -41 382 -23 431 23 473 33 478 81 496 102 498 185 481 192 476 263 454 289 436 329 387 374 332 400 285 431 205 434 191 461 94 484 9 492 -42 499 -119 499 -233 487 -310 467 -354 0 0 0 0 0 0 0 0 0 0 0 0 0 0 0 0 0 0 0 0 0 0 0 0 0 0 0 0 0 0 0 0 0 0 0 0 0 0 0 0 0 0 0 0 0 0 0 0 0 0 0 0 0 0 0 0 0 0 0 0 0 0 0 0 0 0 0 0 0 0 0 0 
0 0 0 0 0 0 0 1 0 0 
-30 -321 -37 -270 -45 -149 -32 -69 -19 60 -9 130 24 237 38 275 111 391 117 398 183 449 193 454 259 498 302 484 354 386 417 335 423 303 499 -400 499 -400 -82 -322 -208 -329 -210 -308 -88 -271 -88 -248 -204 -163 -90 -117 -207 -62 -204 39 -200 135 -147 241 -138 271 -4 327 37 377 -70 400 -70 400 -18 451 -12 458 124 456 151 474 61 499 240 497 221 483 319 453 373 366 410 329 429 294 443 255 476 108 472 92 482 -18 486 -105 487 -209 486 -304 494 -341 499 -375 499 -375 0 0 0 0 0 0 0 0 0 0 0 0 0 0 0 0 0 0 0 0 0 0 0 0 0 0 0 0 0 0 0 0 0 0 0 0 0 0 
0 0 0 0 0 0 0 1 0 0 
-135 -475 -186 -368 -186 -358 -184 -185 210 500 500 282 -180 -477 -277 -470 -180 -477 -192 -461 -195 -456 -214 -424 -330 -280 -330 -280 -328 -184 -221 -164 -210 -70 -204 -27 -190 22 -179 82 -159 159 -123 255 -105 292 -66 351 -32 381 0 401 40 417 67 429 45 500 137 436 161 431 195 420 241 397 295 358 324 321 377 260 384 248 435 180 435 180 452 125 481 38 494 -41 500 -118 494 -246 486 -296 463 -363 436 -436 0 0 0 0 0 0 0 0 0 0 0 0 0 0 0 0 0 0 0 0 0 0 0 0 0 0 0 0 0 0 0 0 0 0 0 0 0 0 0 0 0 0 0 0 0 0 0 0 0 0 0 0 0 0 0 0 
0 0 0 0 0 0 0 1 0 0 
-194 497 65 -40 65 -40 -11 -116 -11 -116 -11 -116 -11 -116 121 -156 228 -116 316 -92 426 16 425 36 500 228 -177 413 -90 56 -90 56 -87 -10 -143 -100 -151 -124 -19 -189 1 -216 28 -254 46 -275 95 -308 127 -318 250 -300 297 -267 315 -254 406 -156 406 -156 406 -156 466 -35 474 -8 492 121 500 232 490 345 461 432 441 456 366 491 299 500 224 497 164 491 100 475 71 459 17 418 -15 383 -65 308 -84 262 -106 175 -113 140 -114 127 -111 121 0 0 0 0 0 0 0 0 0 0 0 0 0 0 0 0 0 0 0 0 0 0 0 0 0 0 0 0 0 0 0 0 0 0 0 0 0 0 0 0 0 0 0 0 0 0 
0 0 0 0 0 0 0 0 1 0 
35 496 35 496 53 406 64 203 79 187 95 172 110 150 92 142 163 172 300 233 500 451 500 451 -117 118 -108 68 -86 -7 -64 -73 -76 -125 -76 -125 -89 -140 -95 -152 8 -201 -1 -214 -17 -233 -23 -243 -23 -243 61 -285 52 -288 149 -320 235 -305 264 -298 343 -268 346 -266 320 -221 307 -177 419 -187 431 -147 452 -78 465 -34 486 64 494 120 500 206 491 305 488 317 453 399 440 418 386 463 368 472 314 497 270 500 216 487 168 475 113 453 55 423 11 389 -25 349 -65 290 -100 231 -104 219 -119 133 -125 88 -123 -14 0 0 0 0 0 0 0 0 0 0 0 0 0 0 0 0 0 0 0 0 0 0 0 0 0 0 0 0 
0 0 0 0 0 0 0 0 1 0 
-85 8 -81 -13 -73 -78 -8 -214 -40 -260 -42 -262 177 -323 266 -310 266 -310 283 -301 500 277 500 277 242 498 -209 142 -209 142 -208 43 -206 -48 -206 -85 -251 41 -248 10 -238 -52 -118 -100 -116 -128 -80 -191 -172 -208 -63 -215 -80 -241 -86 -250 7 -284 7 -284 7 -284 101 -319 101 -321 224 -328 224 -328 289 -308 317 -300 317 -300 335 -289 385 -226 420 -182 452 -119 479 -45 494 36 499 121 496 158 494 208 487 271 388 273 406 319 409 352 371 406 314 458 305 467 248 491 192 497 172 497 47 500 18 484 -34 423 -53 397 -78 367 -118 313 -145 250 -151 193 -142 108 -139 43 -135 -36 -130 -89 -128 -95 0 0 0 0 0 0 0 0 0 0 
0 0 0 0 0 0 0 0 1 0 
28 496 217 -122 498 -93 -3 2 -3 2 100 -210 -18 -185 -18 -185 205 -353 239 -371 153 -380 153 -380 153 -380 252 -394 250 -394 276 -392 276 -392 410 -371 446 -365 500 -340 421 480 153 498 -155 -11 -217 133 -197 113 -168 88 -144 70 -138 65 -152 47 -173 6 -173 -58 -1 -210 1 -222 9 -240 -35 -319 -35 -319 114 -371 123 -376 141 -387 141 -387 225 -405 225 -405 245 -401 245 -401 245 -401 245 -390 245 -390 371 -306 380 -294 418 -242 445 -170 449 -156 470 -104 485 -49 491 -6 499 43 494 183 477 240 449 303 430 342 388 394 342 433 316 453 184 492 158 498 42 498 -28 487 42 498 15 462 -36 421 -68 392 -108 349 -135 308 -175 251 -190 183 
0 0 0 0 0 0 0 0 1 0 
-90 209 -87 186 -1 96 -16 56 -12 45 -69 13 38 -157 79 -218 84 -227 -19 -245 19 -288 150 -304 188 -322 105 -340 105 -340 262 -324 272 -322 317 -297 367 -259 398 -218 422 -177 444 -130 448 -119 477 -38 492 40 499 85 415 252 417 367 399 407 376 432 336 468 280 497 248 500 177 484 147 468 95 425 49 371 41 362 0 297 -25 238 -38 166 -51 76 -57 -13 -49 -54 -45 -108 25 425 19 393 -5 212 84 -137 138 -218 193 -259 224 -259 499 500 -145 50 -145 50 0 0 0 0 0 0 0 0 0 0 0 0 0 0 0 0 0 0 0 0 0 0 0 0 0 0 0 0 0 0 0 0 0 0 0 0 0 0 0 0 
0 0 0 0 0 0 0 0 1 0 
498 500 -184 4 -186 -31 -187 -153 -178 -267 -172 -313 -68 -374 -54 -381 -4 -401 51 -408 122 -396 189 -374 193 -374 272 -330 330 -287 365 -243 413 -189 423 -172 471 -82 493 -14 499 63 491 184 460 255 435 318 386 379 367 403 319 445 263 479 190 498 167 493 111 472 48 430 24 394 -18 330 -31 296 -49 218 -52 163 -58 82 -62 -2 0 0 0 0 0 0 0 0 0 0 0 0 0 0 0 0 0 0 0 0 0 0 0 0 0 0 0 0 0 0 0 0 0 0 0 0 0 0 0 0 0 0 0 0 0 0 0 0 0 0 0 0 0 0 0 0 0 0 0 0 0 0 0 0 0 0 0 0 0 0 0 0 
0 0 0 0 0 0 0 0 1 0 
-141 136 -144 96 -144 39 -138 -41 -116 -113 -101 -159 -56 -242 -50 -251 -2 -304 21 -325 79 -353 111 -357 170 -357 209 -351 265 -325 333 -270 346 -256 357 -233 418 -152 443 -87 477 -25 483 2 496 87 499 170 497 214 476 325 448 371 408 429 385 452 370 468 324 491 265 498 219 496 152 482 96 457 85 452 53 431 0 392 -41 346 -50 337 -79 290 -111 210 -118 182 -132 115 -131 57 -113 -16 -108 -36 -98 -76 0 0 0 0 0 0 0 0 0 0 0 0 0 0 0 0 0 0 0 0 0 0 0 0 0 0 0 0 0 0 0 0 0 0 0 0 0 0 0 0 0 0 0 0 0 0 0 0 0 0 0 0 0 0 
0 0 0 0 0 0 0 0 1 0 
500 500 500 500 -189 43 -259 45 -259 45 -189 43 -187 10 -183 -119 -158 -185 -143 -209 -131 -246 -91 -289 -46 -324 -13 -339 35 -352 97 -357 154 -352 197 -346 259 -326 306 -298 340 -278 386 -237 394 -228 431 -180 459 -145 470 -117 492 -28 494 -17 499 50 487 130 480 180 458 267 435 307 430 322 388 392 371 418 340 457 306 483 254 498 198 492 134 457 77 424 39 392 -3 346 -37 313 -58 276 -87 226 -109 185 -122 137 -125 119 -135 28 -138 -50 -141 -98 -143 -185 -134 -237 0 0 0 0 0 0 0 0 0 0 0 0 0 0 0 0 0 0 0 0 0 0 0 0 0 0 0 0 0 0 0 0 0 0 0 0 0 0 0 0 
0 0 0 0 0 0 0 0 1 0 
206 497 206 435 209 215 219 66 249 -78 294 -219 319 -315 396 -427 498 -468 0 0 0 0 0 0 0 0 0 0 0 0 0 0 0 0 0 0 0 0 0 0 0 0 0 0 0 0 0 0 0 0 0 0 0 0 0 0 0 0 0 0 0 0 0 0 0 0 0 0 0 0 0 0 0 0 0 0 0 0 0 0 0 0 0 0 0 0 0 0 0 0 0 0 0 0 0 0 0 0 0 0 0 0 0 0 0 0 0 0 0 0 0 0 0 0 0 0 0 0 0 0 0 0 0 0 0 0 0 0 0 0 0 0 0 0 0 0 0 0 0 0 0 0 0 0 0 0 0 0 0 0 
0 0 0 0 0 0 0 0 1 0 
500 428 500 428 0 0 0 0 0 0 0 0 0 0 0 0 0 0 0 0 0 0 0 0 0 0 0 0 0 0 0 0 0 0 0 0 0 0 0 0 0 0 0 0 0 0 0 0 0 0 0 0 0 0 0 0 0 0 0 0 0 0 0 0 0 0 0 0 0 0 0 0 0 0 0 0 0 0 0 0 0 0 0 0 0 0 0 0 0 0 0 0 0 0 0 0 0 0 0 0 0 0 0 0 0 0 0 0 0 0 0 0 0 0 0 0 0 0 0 0 0 0 0 0 0 0 0 0 0 0 0 0 0 0 0 0 0 0 0 0 0 0 0 0 0 0 0 0 0 0 
0 0 0 0 0 0 0 0 1 0 
150 -484 169 -484 238 -469 266 -440 307 -399 330 -361 370 -309 415 -223 431 -197 447 -140 455 -114 485 -48 492 -8 499 78 498 146 485 236 464 280 454 302 398 401 368 445 341 471 296 495 275 500 223 500 167 473 117 449 60 414 45 394 -10 337 -25 313 -63 263 -81 217 -91 184 -109 105 -114 59 -115 -26 -114 -100 -111 -166 0 0 0 0 0 0 0 0 0 0 0 0 0 0 0 0 0 0 0 0 0 0 0 0 0 0 0 0 0 0 0 0 0 0 0 0 0 0 0 0 0 0 0 0 0 0 0 0 0 0 0 0 0 0 0 0 0 0 0 0 0 0 0 0 0 0 0 0 0 0 0 0 0 0 
0 0 0 0 0 0 0 0 1 0 
-102 63 -107 31 -100 -53 -96 -140 -69 -214 -61 -223 -24 -261 20 -285 73 -297 135 -300 191 -293 254 -278 306 -255 341 -238 394 -200 424 -159 456 -123 477 -82 490 -36 499 53 499 127 494 214 477 308 444 372 428 412 371 480 365 487 266 500 197 500 197 500 117 431 106 419 50 344 12 270 7 259 -15 174 -21 100 -23 76 -21 -19 -20 -74 7 -155 499 500 499 500 0 0 0 0 0 0 0 0 0 0 0 0 0 0 0 0 0 0 0 0 0 0 0 0 0 0 0 0 0 0 0 0 0 0 0 0 0 0 0 0 0 0 0 0 0 0 0 0 0 0 0 0 0 0 0 0 0 0 0 0 0 0 0 0 
0 0 0 0 0 0 0 0 1 0 
-196 498 10 -239 10 -239 10 -239 282 -350 282 -350 282 -350 382 -306 451 -202 499 -29 -73 247 -65 95 -65 95 -64 61 -43 -53 -29 -117 11 -198 64 -279 86 -299 93 -308 157 -360 175 -370 145 -392 136 -401 164 -409 238 -370 302 -306 430 -284 454 -220 461 -210 375 -161 496 -58 499 -17 499 58 495 137 479 254 457 311 424 377 391 416 346 460 309 482 263 497 197 500 137 482 88 458 79 453 18 397 2 377 -30 308 -50 259 -65 215 -81 112 -82 56 -197 -36 -85 -2 -85 -2 0 0 0 0 0 0 0 0 0 0 0 0 0 0 0 0 0 0 0 0 0 0 0 0 0 0 0 0 0 0 0 0 0 0 0 0 0 0 
0 0 0 0 0 0 0 0 1 0 
469 500 469 500 498 350 498 139 -184 -18 -184 -18 -184 -18 -182 -98 -179 -182 -83 -216 -85 -239 -61 -303 -42 -331 13 -365 82 -388 136 -406 192 -420 216 -420 276 -401 346 -363 359 -331 412 -280 427 -214 491 -139 494 -116 494 -6 496 34 499 136 499 210 493 283 447 372 382 445 326 481 291 500 222 500 184 479 123 436 64 413 -5 356 -33 283 -55 264 -79 223 -94 168 -101 70 -106 -6 -108 -57 0 0 0 0 0 0 0 0 0 0 0 0 0 0 0 0 0 0 0 0 0 0 0 0 0 0 0 0 0 0 0 0 0 0 0 0 0 0 0 0 0 0 0 0 0 0 0 0 0 0 0 0 0 0 0 0 0 0 
0 0 0 0 0 0 0 0 1 0 
-170 99 -162 2 -88 -151 -67 -184 -27 -265 46 -322 104 -331 184 -327 250 -312 335 -260 418 -180 492 -56 492 -56 499 163 495 246 495 324 431 433 373 488 388 500 -68 65 -68 65 -67 -2 -63 -23 -14 -167 1 -197 42 -256 103 -310 153 -324 223 -317 269 -301 359 -247 366 -242 432 -152 439 -131 490 -2 500 129 494 242 485 308 480 324 428 430 376 480 367 484 279 491 279 494 230 498 158 482 102 458 75 444 19 414 -28 369 -64 327 -88 280 -113 221 -133 112 -139 63 0 0 0 0 0 0 0 0 0 0 0 0 0 0 0 0 0 0 0 0 0 0 0 0 0 0 0 0 0 0 0 0 0 0 0 0 0 0 0 0 
0 0 0 0 0 0 0 0 1 0 
-34 22 -45 65 -45 113 -29 229 0 309 28 367 72 420 95 438 153 471 169 483 169 483 235 498 277 493 299 483 329 397 332 385 334 370 339 352 463 272 499 211 412 178 412 178 412 178 409 68 411 -57 486 -153 458 -211 450 -226 425 -274 395 -319 378 -345 342 -380 285 -425 254 -448 233 -455 204 -458 166 -453 149 -443 100 -405 62 -372 31 -335 4 -289 -17 -251 -42 -191 -67 -136 -76 -95 -95 -7 -98 22 -94 90 -24 471 -24 471 4 486 116 498 116 498 116 498 394 374 419 334 433 305 442 260 486 173 488 161 491 148 499 34 493 -79 0 0 0 0 0 0 0 0 0 0 0 0 0 0 0 0 0 0 0 0 0 0 
0 0 0 0 0 0 0 0 0 1 
-114 43 -106 86 -90 182 -87 202 -62 323 -33 384 -3 423 25 460 31 467 93 497 155 500 173 495 254 476 278 447 341 373 346 363 411 271 419 250 457 169 488 65 496 8 499 -82 438 -189 438 -189 449 -245 429 -323 399 -371 352 -423 313 -447 290 -458 225 -478 171 -473 62 -419 12 -365 -6 -341 -28 -300 -111 -210 -111 -200 -125 -100 -131 -65 -228 10 -228 76 -106 93 -106 93 -243 118 -233 240 249 498 499 -138 41 -487 41 -487 -82 -416 -140 -338 -150 -316 -115 -216 -123 -4 -112 89 0 0 0 0 0 0 0 0 0 0 0 0 0 0 0 0 0 0 0 0 0 0 0 0 0 0 0 0 0 0 0 0 0 0 0 0 0 0 
0 0 0 0 0 0 0 0 0 1 
-128 40 -128 100 -121 222 10 251 18 282 37 332 75 397 97 428 148 473 187 495 217 500 289 480 333 449 362 416 404 361 425 306 432 291 458 217 479 138 498 38 500 -16 500 -114 395 -215 479 -263 464 -301 435 -349 398 -392 362 -421 326 -447 269 -466 200 -461 153 -433 2 -409 -41 -334 -113 -181 -113 -181 -121 -155 -124 -129 -120 9 -37 71 -38 83 -108 153 -34 150 -37 162 -8 213 -7 289 10 500 500 -85 143 -391 67 -254 7 -76 7 -76 -1 -19 -37 261 -37 328 0 0 0 0 0 0 0 0 0 0 0 0 0 0 0 0 0 0 0 0 0 0 0 0 0 0 0 0 0 0 0 0 0 0 0 0 0 0 0 0 
0 0 0 0 0 0 0 0 0 1 
-311 39 -311 39 -171 27 -168 55 -161 148 -143 226 -129 270 -104 347 -77 391 -70 400 -41 437 14 479 46 490 116 500 185 486 195 479 268 432 325 381 349 349 395 280 431 212 466 125 474 81 415 6 499 -166 484 -206 458 -263 422 -321 399 -351 346 -400 296 -432 256 -462 74 -483 -17 -474 -38 -467 -95 -405 -110 -368 -70 -284 -66 -224 -70 -208 -126 -48 -129 -9 -133 99 -121 175 -174 500 -174 500 500 460 229 -447 107 -434 97 -429 23 -311 1 -245 -181 -13 -184 43 0 0 0 0 0 0 0 0 0 0 0 0 0 0 0 0 0 0 0 0 0 0 0 0 0 0 0 0 0 0 0 0 0 0 0 0 0 0 0 0 0 0 
0 0 0 0 0 0 0 0 0 1 
4 -25 8 11 27 115 66 183 -32 307 -32 307 216 400 218 411 291 461 374 476 479 484 498 487 486 498 -137 -48 -229 10 -231 34 -238 128 -237 157 -92 149 -78 181 -57 264 -57 264 -97 425 -97 425 -43 467 52 497 160 443 189 435 121 500 121 500 218 438 212 446 297 409 297 409 366 328 375 320 422 248 448 197 466 155 489 85 499 8 497 -93 471 -205 448 -240 403 -304 380 -326 332 -355 298 -366 249 -374 178 -382 109 -385 38 -382 -35 -358 -80 -323 -107 -278 -117 -259 -143 -179 -164 -109 -178 -48 -186 18 -192 88 0 0 0 0 0 0 0 0 0 0 0 0 0 0 0 0 0 0 0 0 0 0 0 0 0 0 0 0 
0 0 0 0 0 0 0 0 0 1 
341 102 341 102 345 125 500 370 474 498 -256 33 -257 55 -259 110 -259 145 -165 241 -120 272 -105 294 -189 358 -86 344 -105 423 -20 430 -20 430 50 476 94 495 150 500 214 473 223 471 281 449 349 394 366 373 430 294 456 232 482 160 495 81 500 -9 497 -95 484 -157 481 -174 457 -248 421 -334 385 -370 330 -399 275 -428 266 -433 204 -447 134 -442 76 -421 27 -397 -8 -377 -37 -361 -81 -303 -131 -220 -143 -184 -155 -110 -160 2 -157 98 -150 191 -143 258 -120 320 0 0 0 0 0 0 0 0 0 0 0 0 0 0 0 0 0 0 0 0 0 0 0 0 0 0 0 0 0 0 0 0 0 0 0 0 0 0 0 0 0 0 
0 0 0 0 0 0 0 0 0 1 
-62 -30 -74 7 -77 60 -70 147 -67 165 -47 238 -38 271 -35 285 22 401 25 411 67 446 74 453 161 500 188 495 207 485 331 413 338 404 338 404 308 345 308 345 385 308 423 221 423 221 459 163 500 4 492 -116 476 -179 452 -235 429 -271 377 -327 346 -357 310 -378 282 -390 211 -404 150 -401 86 -378 58 -362 4 -310 -37 -261 -55 -212 -179 -161 -83 -135 -100 -102 -111 -79 -117 -56 -134 25 -256 154 -256 154 -134 107 -134 107 -143 213 -143 213 -143 233 -55 426 -55 426 -55 426 97 500 97 500 254 454 254 454 470 321 499 293 489 247 487 229 -1 -194 -89 84 -87 91 0 0 0 0 0 0 0 0 0 0 0 0 0 0 0 0 
0 0 0 0 0 0 0 0 0 1 
-37 7 -37 7 -41 127 -29 266 20 402 23 409 25 415 61 451 83 472 133 496 140 498 140 498 284 456 287 449 410 318 418 295 487 122 490 96 491 88 491 88 499 -46 491 -161 481 -214 482 -237 385 -313 391 -331 365 -420 317 -467 143 -488 32 -485 -5 -475 17 -407 17 -407 17 -407 1 -342 -44 -242 -67 -151 -76 -88 -91 15 -91 57 -85 112 -64 154 -61 159 -142 35 -144 156 -59 410 -59 410 25 498 25 498 25 498 42 498 178 491 178 491 392 326 494 187 494 187 494 187 499 156 482 -288 421 -473 301 -483 222 -465 202 -455 202 -455 -141 151 -141 151 0 0 0 0 0 0 0 0 0 0 0 0 0 0 0 0 0 0 
0 0 0 0 0 0 0 0 0 1 
479 498 479 498 479 498 499 -248 163 -439 99 -370 -58 25 -77 -52 -90 -35 -94 90 -81 181 -55 276 -32 331 8 396 48 448 56 455 116 489 160 498 193 496 268 477 247 472 330 431 396 353 396 353 396 353 435 279 448 248 470 188 492 90 499 40 491 -81 469 -174 465 -188 453 -233 348 -264 364 -295 367 -310 325 -386 316 -396 265 -441 214 -463 148 -472 99 -465 -64 -434 -106 -377 -17 -343 -51 -298 -61 -281 -75 -245 -102 -150 -122 -62 -244 59 -116 54 -116 54 0 0 0 0 0 0 0 0 0 0 0 0 0 0 0 0 0 0 0 0 0 0 0 0 0 0 0 0 0 0 0 0 0 0 0 0 0 0 0 0 0 0 
0 0 0 0 0 0 0 0 0 1 
-312 -72 -312 -45 -306 93 -169 79 -140 129 -240 229 -240 229 -103 202 -103 202 -67 256 -20 293 3 315 -24 440 209 413 275 415 283 418 258 500 357 409 345 425 434 365 434 365 457 277 471 229 486 134 489 59 497 -29 499 -47 494 -102 434 -206 389 -290 354 -340 303 -370 238 -377 184 -377 107 -375 53 -375 -7 -352 -47 -309 -109 -250 -115 -225 -144 -143 -164 -79 -183 -15 -194 81 -137 -122 -139 -95 -139 24 -91 138 -86 151 -113 309 -113 309 -93 343 168 373 194 500 194 500 427 404 437 423 499 -4 499 -4 0 0 0 0 0 0 0 0 0 0 0 0 0 0 0 0 0 0 0 0 0 0 0 0 0 0 0 0 0 0 0 0 
0 0 0 0 0 0 0 0 0 1 
498 498 -60 0 -62 28 -56 174 -36 252 -26 284 46 411 -66 407 -66 407 -43 433 70 497 69 500 96 500 172 474 419 336 423 327 379 228 379 228 446 47 444 -10 443 -51 444 -118 500 -265 481 -290 372 -385 347 -398 274 -422 -4 -407 -24 -390 -125 -280 -127 -273 -129 -256 -192 -116 -192 -116 -82 8 -223 13 -223 32 -218 166 -183 263 -169 287 -157 353 26 434 30 436 41 445 100 486 121 495 161 500 204 493 254 464 235 396 235 396 434 252 434 252 438 239 445 214 453 85 492 -21 499 -67 495 -118 492 -138 336 -278 310 -307 232 -375 172 -410 126 -432 123 -438 94 -401 63 -383 10 -317 -8 -296 -25 -252 -37 -223 -84 -100 -88 -92 -99 -28 
0 0 0 0 0 0 0 0 0 1 
446 10 469 178 476 342 500 500 -152 -312 -152 -312 -160 -214 -162 -140 -164 -71 -164 -71 -152 76 -146 130 -113 250 -86 296 -50 355 24 414 78 462 104 478 170 498 243 498 278 485 341 429 393 378 414 335 469 209 473 196 491 94 499 5 497 -135 494 -196 466 -296 440 -337 404 -375 354 -404 304 -429 255 -447 190 -455 125 -452 61 -429 -3 -396 -11 -391 -81 -335 -104 -286 -139 -176 -144 -168 -172 -76 -177 -38 0 0 0 0 0 0 0 0 0 0 0 0 0 0 0 0 0 0 0 0 0 0 0 0 0 0 0 0 0 0 0 0 0 0 0 0 0 0 0 0 0 0 0 0 0 0 0 0 0 0 0 0 0 0 0 0 
0 0 0 0 0 0 0 0 0 1 
-44 97 -44 97 -40 259 -14 334 -7 361 -2 374 66 481 88 491 100 498 249 491 253 486 253 486 347 394 357 384 376 351 424 254 453 177 484 97 484 97 498 24 500 4 456 -137 420 -231 414 -244 372 -311 323 -359 278 -391 252 -401 246 -403 239 -408 195 -413 146 -401 97 -379 65 -354 11 -279 4 -256 -55 -129 -66 -29 -71 2 -73 57 -75 119 -75 127 -175 93 -154 279 -103 332 -93 366 -9 457 4 462 135 498 154 491 500 40 500 40 124 -440 124 -440 38 -412 -3 -385 -58 -325 -85 -269 -152 -137 -159 -53 -157 2 -159 60 -168 130 0 0 0 0 0 0 0 0 0 0 0 0 0 0 0 0 0 0 0 0 0 0 0 0 
0 0 0 0 0 0 0 0 0 1 
-29 81 -29 81 5 282 10 297 -42 419 -42 419 -42 419 -42 419 75 460 109 498 499 -119 474 -206 428 -274 405 -302 361 -346 303 -381 16 -358 -65 198 -65 198 -35 45 -177 66 -177 66 -35 45 -35 66 -122 276 -122 276 32 311 46 345 57 371 68 400 68 400 17 466 17 466 139 478 165 488 202 500 276 473 317 450 377 383 412 323 448 254 461 228 480 140 491 88 499 -2 496 -52 411 -173 363 -226 303 -280 289 -314 234 -350 153 -404 178 -411 158 -390 32 -342 38 -328 26 -219 1 -164 -4 -150 -21 -76 -35 -23 -43 16 -60 92 -193 240 -193 240 -193 240 0 0 0 0 0 0 0 0 0 0 0 0 0 0 0 0 0 0 
0 0 0 0 0 0 0 0 0 1 
-146 -49 -155 -23 -164 39 -170 136 -170 183 -158 277 -121 379 -88 413 -38 442 11 465 72 486 116 494 153 500 227 492 297 468 326 458 372 431 433 361 446 340 476 227 497 123 500 28 500 23 480 -112 468 -206 443 -295 414 -337 403 -350 349 -390 321 -421 273 -445 208 -463 150 -471 122 -473 63 -471 -2 -434 -47 -390 -69 -366 -119 -287 -136 -248 -149 -172 -190 -49 -196 -10 -207 65 0 0 0 0 0 0 0 0 0 0 0 0 0 0 0 0 0 0 0 0 0 0 0 0 0 0 0 0 0 0 0 0 0 0 0 0 0 0 0 0 0 0 0 0 0 0 0 0 0 0 0 0 0 0 0 0 0 0 0 0 0 0 
0 0 0 0 0 0 0 0 0 1 
