-194 497 65 -40 65 -40 -11 -116 -11 -116 -11 -116 -11 -116 121 -156 228 -116 316 -92 426 16 425 36 500 228 -177 413 -90 56 -90 56 -87 -10 -143 -100 -151 -124 -19 -189 1 -216 28 -254 46 -275 95 -308 127 -318 250 -300 297 -267 315 -254 406 -156 406 -156 406 -156 466 -35 474 -8 492 121 500 232 490 345 461 432 441 456 366 491 299 500 224 497 164 491 100 475 71 459 17 418 -15 383 -65 308 -84 262 -106 175 -113 140 -114 127 -111 121 0 0 0 0 0 0 0 0 0 0 0 0 0 0 0 0 0 0 0 0 0 0 0 0 0 0 0 0 0 0 0 0 0 0 0 0 0 0 0 0 0 0 0 0 0 0 
0 0 0 0 0 0 0 0 1 0 
35 496 35 496 53 406 64 203 79 187 95 172 110 150 92 142 163 172 300 233 500 451 500 451 -117 118 -108 68 -86 -7 -64 -73 -76 -125 -76 -125 -89 -140 -95 -152 8 -201 -1 -214 -17 -233 -23 -243 -23 -243 61 -285 52 -288 149 -320 235 -305 264 -298 343 -268 346 -266 320 -221 307 -177 419 -187 431 -147 452 -78 465 -34 486 64 494 120 500 206 491 305 488 317 453 399 440 418 386 463 368 472 314 497 270 500 216 487 168 475 113 453 55 423 11 389 -25 349 -65 290 -100 231 -104 219 -119 133 -125 88 -123 -14 0 0 0 0 0 0 0 0 0 0 0 0 0 0 0 0 0 0 0 0 0 0 0 0 0 0 0 0 
0 0 0 0 0 0 0 0 1 0 
-85 8 -81 -13 -73 -78 -8 -214 -40 -260 -42 -262 177 -323 266 -310 266 -310 283 -301 500 277 500 277 242 498 -209 142 -209 142 -208 43 -206 -48 -206 -85 -251 41 -248 10 -238 -52 -118 -100 -116 -128 -80 -191 -172 -208 -63 -215 -80 -241 -86 -250 7 -284 7 -284 7 -284 101 -319 101 -321 224 -328 224 -328 289 -308 317 -300 317 -300 335 -289 385 -226 420 -182 452 -119 479 -45 494 36 499 121 496 158 494 208 487 271 388 273 406 319 409 352 371 406 314 458 305 467 248 491 192 497 172 497 47 500 18 484 -34 423 -53 397 -78 367 -118 313 -145 250 -151 193 -142 108 -139 43 -135 -36 -130 -89 -128 -95 0 0 0 0 0 0 0 0 0 0 
0 0 0 0 0 0 0 0 1 0 
28 496 217 -122 498 -93 -3 2 -3 2 100 -210 -18 -185 -18 -185 205 -353 239 -371 153 -380 153 -380 153 -380 252 -394 250 -394 276 -392 276 -392 410 -371 446 -365 500 -340 421 480 153 498 -155 -11 -217 133 -197 113 -168 88 -144 70 -138 65 -152 47 -173 6 -173 -58 -1 -210 1 -222 9 -240 -35 -319 -35 -319 114 -371 123 -376 141 -387 141 -387 225 -405 225 -405 245 -401 245 -401 245 -401 245 -390 245 -390 371 -306 380 -294 418 -242 445 -170 449 -156 470 -104 485 -49 491 -6 499 43 494 183 477 240 449 303 430 342 388 394 342 433 316 453 184 492 158 498 42 498 -28 487 42 498 15 462 -36 421 -68 392 -108 349 -135 308 -175 251 -190 183 
0 0 0 0 0 0 0 0 1 0 
-90 209 -87 186 -1 96 -16 56 -12 45 -69 13 38 -157 79 -218 84 -227 -19 -245 19 -288 150 -304 188 -322 105 -340 105 -340 262 -324 272 -322 317 -297 367 -259 398 -218 422 -177 444 -130 448 -119 477 -38 492 40 499 85 415 252 417 367 399 407 376 432 336 468 280 497 248 500 177 484 147 468 95 425 49 371 41 362 0 297 -25 238 -38 166 -51 76 -57 -13 -49 -54 -45 -108 25 425 19 393 -5 212 84 -137 138 -218 193 -259 224 -259 499 500 -145 50 -145 50 0 0 0 0 0 0 0 0 0 0 0 0 0 0 0 0 0 0 0 0 0 0 0 0 0 0 0 0 0 0 0 0 0 0 0 0 0 0 0 0 
0 0 0 0 0 0 0 0 1 0 
498 500 -184 4 -186 -31 -187 -153 -178 -267 -172 -313 -68 -374 -54 -381 -4 -401 51 -408 122 -396 189 -374 193 -374 272 -330 330 -287 365 -243 413 -189 423 -172 471 -82 493 -14 499 63 491 184 460 255 435 318 386 379 367 403 319 445 263 479 190 498 167 493 111 472 48 430 24 394 -18 330 -31 296 -49 218 -52 163 -58 82 -62 -2 0 0 0 0 0 0 0 0 0 0 0 0 0 0 0 0 0 0 0 0 0 0 0 0 0 0 0 0 0 0 0 0 0 0 0 0 0 0 0 0 0 0 0 0 0 0 0 0 0 0 0 0 0 0 0 0 0 0 0 0 0 0 0 0 0 0 0 0 0 0 0 0 
0 0 0 0 0 0 0 0 1 0 
-141 136 -144 96 -144 39 -138 -41 -116 -113 -101 -159 -56 -242 -50 -251 -2 -304 21 -325 79 -353 111 -357 170 -357 209 -351 265 -325 333 -270 346 -256 357 -233 418 -152 443 -87 477 -25 483 2 496 87 499 170 497 214 476 325 448 371 408 429 385 452 370 468 324 491 265 498 219 496 152 482 96 457 85 452 53 431 0 392 -41 346 -50 337 -79 290 -111 210 -118 182 -132 115 -131 57 -113 -16 -108 -36 -98 -76 0 0 0 0 0 0 0 0 0 0 0 0 0 0 0 0 0 0 0 0 0 0 0 0 0 0 0 0 0 0 0 0 0 0 0 0 0 0 0 0 0 0 0 0 0 0 0 0 0 0 0 0 0 0 
0 0 0 0 0 0 0 0 1 0 
500 500 500 500 -189 43 -259 45 -259 45 -189 43 -187 10 -183 -119 -158 -185 -143 -209 -131 -246 -91 -289 -46 -324 -13 -339 35 -352 97 -357 154 -352 197 -346 259 -326 306 -298 340 -278 386 -237 394 -228 431 -180 459 -145 470 -117 492 -28 494 -17 499 50 487 130 480 180 458 267 435 307 430 322 388 392 371 418 340 457 306 483 254 498 198 492 134 457 77 424 39 392 -3 346 -37 313 -58 276 -87 226 -109 185 -122 137 -125 119 -135 28 -138 -50 -141 -98 -143 -185 -134 -237 0 0 0 0 0 0 0 0 0 0 0 0 0 0 0 0 0 0 0 0 0 0 0 0 0 0 0 0 0 0 0 0 0 0 0 0 0 0 0 0 
0 0 0 0 0 0 0 0 1 0 
206 497 206 435 209 215 219 66 249 -78 294 -219 319 -315 396 -427 498 -468 0 0 0 0 0 0 0 0 0 0 0 0 0 0 0 0 0 0 0 0 0 0 0 0 0 0 0 0 0 0 0 0 0 0 0 0 0 0 0 0 0 0 0 0 0 0 0 0 0 0 0 0 0 0 0 0 0 0 0 0 0 0 0 0 0 0 0 0 0 0 0 0 0 0 0 0 0 0 0 0 0 0 0 0 0 0 0 0 0 0 0 0 0 0 0 0 0 0 0 0 0 0 0 0 0 0 0 0 0 0 0 0 0 0 0 0 0 0 0 0 0 0 0 0 0 0 0 0 0 0 0 0 
0 0 0 0 0 0 0 0 1 0 
500 428 500 428 0 0 0 0 0 0 0 0 0 0 0 0 0 0 0 0 0 0 0 0 0 0 0 0 0 0 0 0 0 0 0 0 0 0 0 0 0 0 0 0 0 0 0 0 0 0 0 0 0 0 0 0 0 0 0 0 0 0 0 0 0 0 0 0 0 0 0 0 0 0 0 0 0 0 0 0 0 0 0 0 0 0 0 0 0 0 0 0 0 0 0 0 0 0 0 0 0 0 0 0 0 0 0 0 0 0 0 0 0 0 0 0 0 0 0 0 0 0 0 0 0 0 0 0 0 0 0 0 0 0 0 0 0 0 0 0 0 0 0 0 0 0 0 0 0 0 
0 0 0 0 0 0 0 0 1 0 
150 -484 169 -484 238 -469 266 -440 307 -399 330 -361 370 -309 415 -223 431 -197 447 -140 455 -114 485 -48 492 -8 499 78 498 146 485 236 464 280 454 302 398 401 368 445 341 471 296 495 275 500 223 500 167 473 117 449 60 414 45 394 -10 337 -25 313 -63 263 -81 217 -91 184 -109 105 -114 59 -115 -26 -114 -100 -111 -166 0 0 0 0 0 0 0 0 0 0 0 0 0 0 0 0 0 0 0 0 0 0 0 0 0 0 0 0 0 0 0 0 0 0 0 0 0 0 0 0 0 0 0 0 0 0 0 0 0 0 0 0 0 0 0 0 0 0 0 0 0 0 0 0 0 0 0 0 0 0 0 0 0 0 
0 0 0 0 0 0 0 0 1 0 
-102 63 -107 31 -100 -53 -96 -140 -69 -214 -61 -223 -24 -261 20 -285 73 -297 135 -300 191 -293 254 -278 306 -255 341 -238 394 -200 424 -159 456 -123 477 -82 490 -36 499 53 499 127 494 214 477 308 444 372 428 412 371 480 365 487 266 500 197 500 197 500 117 431 106 419 50 344 12 270 7 259 -15 174 -21 100 -23 76 -21 -19 -20 -74 7 -155 499 500 499 500 0 0 0 0 0 0 0 0 0 0 0 0 0 0 0 0 0 0 0 0 0 0 0 0 0 0 0 0 0 0 0 0 0 0 0 0 0 0 0 0 0 0 0 0 0 0 0 0 0 0 0 0 0 0 0 0 0 0 0 0 0 0 0 0 
0 0 0 0 0 0 0 0 1 0 
-196 498 10 -239 10 -239 10 -239 282 -350 282 -350 282 -350 382 -306 451 -202 499 -29 -73 247 -65 95 -65 95 -64 61 -43 -53 -29 -117 11 -198 64 -279 86 -299 93 -308 157 -360 175 -370 145 -392 136 -401 164 -409 238 -370 302 -306 430 -284 454 -220 461 -210 375 -161 496 -58 499 -17 499 58 495 137 479 254 457 311 424 377 391 416 346 460 309 482 263 497 197 500 137 482 88 458 79 453 18 397 2 377 -30 308 -50 259 -65 215 -81 112 -82 56 -197 -36 -85 -2 -85 -2 0 0 0 0 0 0 0 0 0 0 0 0 0 0 0 0 0 0 0 0 0 0 0 0 0 0 0 0 0 0 0 0 0 0 0 0 0 0 
0 0 0 0 0 0 0 0 1 0 
469 500 469 500 498 350 498 139 -184 -18 -184 -18 -184 -18 -182 -98 -179 -182 -83 -216 -85 -239 -61 -303 -42 -331 13 -365 82 -388 136 -406 192 -420 216 -420 276 -401 346 -363 359 -331 412 -280 427 -214 491 -139 494 -116 494 -6 496 34 499 136 499 210 493 283 447 372 382 445 326 481 291 500 222 500 184 479 123 436 64 413 -5 356 -33 283 -55 264 -79 223 -94 168 -101 70 -106 -6 -108 -57 0 0 0 0 0 0 0 0 0 0 0 0 0 0 0 0 0 0 0 0 0 0 0 0 0 0 0 0 0 0 0 0 0 0 0 0 0 0 0 0 0 0 0 0 0 0 0 0 0 0 0 0 0 0 0 0 0 0 
0 0 0 0 0 0 0 0 1 0 
-170 99 -162 2 -88 -151 -67 -184 -27 -265 46 -322 104 -331 184 -327 250 -312 335 -260 418 -180 492 -56 492 -56 499 163 495 246 495 324 431 433 373 488 388 500 -68 65 -68 65 -67 -2 -63 -23 -14 -167 1 -197 42 -256 103 -310 153 -324 223 -317 269 -301 359 -247 366 -242 432 -152 439 -131 490 -2 500 129 494 242 485 308 480 324 428 430 376 480 367 484 279 491 279 494 230 498 158 482 102 458 75 444 19 414 -28 369 -64 327 -88 280 -113 221 -133 112 -139 63 0 0 0 0 0 0 0 0 0 0 0 0 0 0 0 0 0 0 0 0 0 0 0 0 0 0 0 0 0 0 0 0 0 0 0 0 0 0 0 0 
0 0 0 0 0 0 0 0 1 0 
