-325 -393 -325 -393 -329 -365 -329 -356 -338 -282 -337 -170 -335 -114 -328 -41 -319 30 -271 142 -260 181 -213 267 -196 278 -188 304 -125 369 -115 401 -64 444 -44 473 4 485 79 498 148 498 217 481 279 434 305 401 455 349 455 349 487 304 496 285 500 274 446 179 449 86 453 25 458 -51 460 -125 458 -192 455 -248 452 -295 449 -341 446 -360 -181 -383 -192 -355 -193 -337 -203 -283 -206 -180 -202 -117 -199 -41 -189 26 -159 139 -142 180 -125 246 -120 259 -94 307 -62 359 -24 403 22 444 36 459 72 479 135 496 200 498 251 485 335 420 356 389 312 324 312 324 312 324 478 152 487 65 492 13 495 -61 496 -132 499 -198 497 -246 497 -289 496 -344 0 0 
0 0 0 0 0 0 0 1 0 0 
-339 -359 -339 -359 -338 -281 -326 -177 -316 -112 -297 14 -293 42 -278 109 -254 160 -241 200 -204 276 -176 340 -142 386 -118 431 -106 454 -73 471 -35 488 -1 494 39 496 67 498 118 494 172 467 240 405 253 380 305 319 362 221 377 135 385 65 389 -6 393 -78 391 -147 387 -211 382 -272 375 -344 499 -340 498 -340 -187 -266 -187 -245 -183 -144 -176 -69 -166 16 -155 65 -141 133 -122 188 -109 233 -73 313 -55 358 -18 415 -7 434 10 461 34 480 68 493 88 497 141 500 174 500 218 493 294 449 343 404 369 372 406 328 467 222 486 127 494 48 498 -12 500 -80 500 -148 500 -209 498 -258 496 -315 0 0 0 0 0 0 0 0 0 0 0 0 
0 0 0 0 0 0 0 1 0 0 
-114 -346 -122 -315 -132 -268 -7 500 499 80 477 -72 -265 -342 -262 -312 -251 -253 -168 -258 -175 -212 -179 -161 -184 -64 -182 18 -162 140 -139 218 -124 283 -81 380 -69 412 -125 498 -24 450 -8 466 18 490 69 498 108 495 174 487 218 471 268 447 309 407 346 355 386 277 407 223 433 140 449 64 485 -29 497 -161 499 -183 497 -274 489 -355 0 0 0 0 0 0 0 0 0 0 0 0 0 0 0 0 0 0 0 0 0 0 0 0 0 0 0 0 0 0 0 0 0 0 0 0 0 0 0 0 0 0 0 0 0 0 0 0 0 0 0 0 0 0 0 0 0 0 0 0 0 0 0 0 0 0 0 0 0 0 0 0 
0 0 0 0 0 0 0 1 0 0 
213 -350 200 -318 197 -311 182 -260 167 -187 157 -75 164 -19 170 40 195 131 203 187 274 288 286 313 365 389 418 445 477 488 500 498 116 -352 -153 -373 -157 -348 -160 -340 -166 -287 -177 -214 -173 -105 -168 -42 -160 27 -151 84 -133 170 -70 262 -57 289 19 359 103 445 135 470 241 493 418 493 453 495 500 500 0 0 0 0 0 0 0 0 0 0 0 0 0 0 0 0 0 0 0 0 0 0 0 0 0 0 0 0 0 0 0 0 0 0 0 0 0 0 0 0 0 0 0 0 0 0 0 0 0 0 0 0 0 0 0 0 0 0 0 0 0 0 0 0 0 0 0 0 0 0 0 0 0 0 0 0 0 0 
0 0 0 0 0 0 0 1 0 0 
354 498 336 480 365 389 415 311 427 273 441 221 485 130 491 92 497 35 499 -31 499 -94 497 -170 497 -233 491 -258 173 498 181 496 176 496 245 494 327 461 384 371 423 312 436 280 454 211 477 148 488 106 496 48 498 -14 500 -73 500 -146 498 -207 498 -247 498 -247 0 0 0 0 0 0 0 0 0 0 0 0 0 0 0 0 0 0 0 0 0 0 0 0 0 0 0 0 0 0 0 0 0 0 0 0 0 0 0 0 0 0 0 0 0 0 0 0 0 0 0 0 0 0 0 0 0 0 0 0 0 0 0 0 0 0 0 0 0 0 0 0 0 0 0 0 0 0 0 0 0 0 0 0 0 0 
0 0 0 0 0 0 0 1 0 0 
-163 -385 -163 -385 -167 -354 -188 -237 -199 -187 -197 -75 -192 55 -182 128 -162 231 -162 231 -140 324 -138 332 -118 391 -108 418 -67 469 -20 494 -1 497 -1 497 63 500 100 488 134 488 195 477 247 458 274 432 321 388 353 368 379 346 417 279 450 203 461 153 483 58 490 -41 498 -108 500 -134 493 -245 493 -340 495 -424 -252 -343 -239 283 -180 430 -39 498 500 -125 0 0 0 0 0 0 0 0 0 0 0 0 0 0 0 0 0 0 0 0 0 0 0 0 0 0 0 0 0 0 0 0 0 0 0 0 0 0 0 0 0 0 0 0 0 0 0 0 0 0 0 0 0 0 0 0 0 0 0 0 0 0 0 0 0 0 
0 0 0 0 0 0 0 1 0 0 
-118 -302 -283 -300 -284 -279 -285 -212 -287 -155 -285 -100 -284 -39 -267 54 -260 86 -250 126 -239 182 -223 247 -187 294 -168 346 -119 403 -61 466 -55 472 1 491 15 493 146 495 151 495 87 500 87 500 188 497 192 497 255 493 255 493 303 478 367 439 386 403 425 336 437 304 448 268 454 226 462 186 474 130 482 96 486 52 492 -6 496 -73 500 -138 500 -201 486 -296 -66 -303 -74 -269 -81 -202 -87 -147 -84 -94 -87 -37 -74 46 -69 63 -52 132 -36 183 -27 233 7 294 30 341 81 402 130 456 139 463 172 484 207 494 260 498 282 498 272 498 269 498 305 484 341 444 361 408 422 332 425 320 431 275 438 229 499 77 499 77 499 77 
0 0 0 0 0 0 0 1 0 0 
-138 -341 -138 -341 -136 -212 -138 -52 -139 96 -139 164 -138 293 -136 417 -132 497 499 -401 -270 -384 -268 -358 -265 -277 -262 -178 -260 -94 -258 -34 -258 49 -258 112 -257 185 -137 219 -135 238 -125 269 -102 345 -82 387 -22 429 27 465 74 494 111 500 161 492 210 465 250 429 261 421 314 363 338 329 351 308 394 209 428 123 438 86 467 2 488 -86 491 -112 500 -225 495 -329 488 -374 395 -463 395 -463 0 0 0 0 0 0 0 0 0 0 0 0 0 0 0 0 0 0 0 0 0 0 0 0 0 0 0 0 0 0 0 0 0 0 0 0 0 0 0 0 0 0 0 0 0 0 0 0 0 0 0 0 0 0 0 0 0 0 
0 0 0 0 0 0 0 1 0 0 
499 498 -71 -329 -74 -283 -84 -202 -93 -103 -94 -31 -83 88 -75 135 -50 205 -35 264 1 331 22 369 66 435 69 446 80 467 314 498 330 460 347 424 408 334 416 308 477 211 477 211 477 192 492 35 497 -16 500 -90 498 -154 494 -243 489 -293 482 -348 -125 -329 -280 -338 -284 -294 -286 -252 -291 -130 -291 -54 -282 65 -276 111 -246 189 -236 247 -202 315 -188 350 -134 434 -128 443 -115 472 6 462 23 476 38 485 66 491 79 495 134 497 195 500 219 500 291 483 338 436 367 392 411 331 421 294 421 294 478 176 482 153 486 33 491 6 499 -113 495 -144 494 -226 491 -275 488 -340 487 -342 0 0 0 0 0 0 0 0 0 0 0 0 
0 0 0 0 0 0 0 1 0 0 
-141 -375 -264 -351 -264 -308 -264 -260 -264 -186 -262 -138 -260 -7 -150 18 -145 61 -134 130 -110 252 -95 308 -71 380 -51 425 -13 457 23 486 58 500 132 478 154 470 210 444 265 417 304 380 348 324 370 292 401 218 431 146 449 98 461 37 477 -63 489 -151 495 -204 499 -337 437 -345 428 -417 -141 -261 -144 -194 -147 -92 -152 61 -154 138 -151 497 500 -225 0 0 0 0 0 0 0 0 0 0 0 0 0 0 0 0 0 0 0 0 0 0 0 0 0 0 0 0 0 0 0 0 0 0 0 0 0 0 0 0 0 0 0 0 0 0 0 0 0 0 0 0 0 0 0 0 0 0 0 0 0 0 0 0 0 0 0 0 
0 0 0 0 0 0 0 1 0 0 
-34 -289 -40 -248 -55 -170 -212 -106 -212 -106 -193 87 -121 255 -121 265 -120 285 -69 361 -60 385 -13 436 19 478 85 500 374 442 427 348 428 306 499 89 497 -72 496 -134 497 -219 494 -291 -87 -292 -233 -310 -237 -289 -237 -254 -106 -174 -106 -134 -102 -42 -90 67 -62 195 -50 228 -30 277 -6 329 6 352 34 394 70 441 126 485 135 489 177 497 227 500 282 493 380 424 426 331 442 273 452 212 491 67 498 -37 499 -109 499 -195 499 -266 499 -308 0 0 0 0 0 0 0 0 0 0 0 0 0 0 0 0 0 0 0 0 0 0 0 0 0 0 0 0 0 0 0 0 0 0 0 0 0 0 0 0 0 0 0 0 0 0 
0 0 0 0 0 0 0 1 0 0 
-207 -403 -207 -403 -220 -322 -228 -215 -228 -109 -217 32 -189 195 -178 266 -151 335 -110 403 -74 446 -66 454 -60 464 -69 500 12 489 31 489 105 484 166 479 177 472 223 439 274 406 336 337 347 324 400 225 419 175 446 88 469 -7 484 -81 487 -101 496 -213 496 -307 497 -345 499 -421 -176 -355 -174 -295 -171 -167 -174 -55 195 500 498 475 0 0 0 0 0 0 0 0 0 0 0 0 0 0 0 0 0 0 0 0 0 0 0 0 0 0 0 0 0 0 0 0 0 0 0 0 0 0 0 0 0 0 0 0 0 0 0 0 0 0 0 0 0 0 0 0 0 0 0 0 0 0 0 0 0 0 0 0 0 0 0 0 
0 0 0 0 0 0 0 1 0 0 
500 498 500 498 500 498 -160 -468 -173 -468 -192 -416 -202 -322 -202 -223 -192 -133 -175 -52 -151 86 -136 146 -115 208 -109 223 -104 235 -98 253 -86 292 -41 382 -23 431 23 473 33 478 81 496 102 498 185 481 192 476 263 454 289 436 329 387 374 332 400 285 431 205 434 191 461 94 484 9 492 -42 499 -119 499 -233 487 -310 467 -354 0 0 0 0 0 0 0 0 0 0 0 0 0 0 0 0 0 0 0 0 0 0 0 0 0 0 0 0 0 0 0 0 0 0 0 0 0 0 0 0 0 0 0 0 0 0 0 0 0 0 0 0 0 0 0 0 0 0 0 0 0 0 0 0 0 0 0 0 0 0 0 0 
0 0 0 0 0 0 0 1 0 0 
-30 -321 -37 -270 -45 -149 -32 -69 -19 60 -9 130 24 237 38 275 111 391 117 398 183 449 193 454 259 498 302 484 354 386 417 335 423 303 499 -400 499 -400 -82 -322 -208 -329 -210 -308 -88 -271 -88 -248 -204 -163 -90 -117 -207 -62 -204 39 -200 135 -147 241 -138 271 -4 327 37 377 -70 400 -70 400 -18 451 -12 458 124 456 151 474 61 499 240 497 221 483 319 453 373 366 410 329 429 294 443 255 476 108 472 92 482 -18 486 -105 487 -209 486 -304 494 -341 499 -375 499 -375 0 0 0 0 0 0 0 0 0 0 0 0 0 0 0 0 0 0 0 0 0 0 0 0 0 0 0 0 0 0 0 0 0 0 0 0 0 0 
0 0 0 0 0 0 0 1 0 0 
-135 -475 -186 -368 -186 -358 -184 -185 210 500 500 282 -180 -477 -277 -470 -180 -477 -192 -461 -195 -456 -214 -424 -330 -280 -330 -280 -328 -184 -221 -164 -210 -70 -204 -27 -190 22 -179 82 -159 159 -123 255 -105 292 -66 351 -32 381 0 401 40 417 67 429 45 500 137 436 161 431 195 420 241 397 295 358 324 321 377 260 384 248 435 180 435 180 452 125 481 38 494 -41 500 -118 494 -246 486 -296 463 -363 436 -436 0 0 0 0 0 0 0 0 0 0 0 0 0 0 0 0 0 0 0 0 0 0 0 0 0 0 0 0 0 0 0 0 0 0 0 0 0 0 0 0 0 0 0 0 0 0 0 0 0 0 0 0 0 0 0 0 
0 0 0 0 0 0 0 1 0 0 
