500 -355 341 -344 328 -344 273 -338 235 -336 172 -334 133 -331 74 -323 43 -323 -57 -312 -123 -302 -168 -263 -189 -212 -198 -131 -199 -27 -200 31 -202 91 -203 212 -205 229 -203 293 -160 368 -119 412 -95 438 -26 468 16 482 82 493 92 493 220 500 290 497 415 480 424 480 500 -354 485 -354 415 -345 373 -339 324 -336 286 -330 231 -326 178 -319 96 -313 30 -302 -19 -257 -33 -220 -43 -140 -47 -41 -44 21 -47 79 -50 196 -51 213 -51 282 -37 352 14 421 39 436 78 453 137 475 175 488 189 490 328 498 386 494 0 0 0 0 0 0 0 0 0 0 0 0 0 0 0 0 0 0 0 0 0 0 0 0 0 0 0 0 0 0 0 0 
0 0 0 0 1 0 0 0 0 0 
465 -371 419 -379 355 -377 268 -362 181 -343 161 -339 90 -309 51 -283 1 -247 -51 -196 -78 -159 -93 -127 -130 -57 -148 10 -155 78 -153 174 -115 257 -93 307 -80 364 -18 434 58 481 73 492 380 498 397 496 499 496 499 -373 499 -373 445 -382 388 -377 325 -369 250 -348 231 -339 183 -318 136 -292 99 -261 56 -218 21 -171 8 -148 -21 -82 -41 -21 -52 53 -52 140 -44 208 -17 284 -2 333 41 403 79 450 105 467 169 488 250 494 199 498 199 498 374 488 362 490 438 481 438 481 490 467 490 467 0 0 0 0 0 0 0 0 0 0 0 0 0 0 0 0 0 0 0 0 0 0 0 0 0 0 0 0 0 0 0 0 0 0 
0 0 0 0 1 0 0 0 0 0 
456 -379 456 -379 352 -364 330 -358 277 -340 237 -325 209 -318 174 -305 132 -288 93 -264 50 -229 27 -207 13 -192 -9 -150 -43 -93 -58 -28 -65 30 -68 80 -69 141 -59 203 -41 255 -18 310 -6 340 37 401 72 438 97 460 145 484 198 493 242 497 274 500 341 493 408 473 465 449 486 441 499 423 441 -381 330 -366 305 -364 234 -349 191 -341 155 -332 94 -311 69 -296 4 -263 -46 -225 -64 -210 -80 -186 -97 -145 -145 -75 -158 -27 -161 53 -161 87 -160 160 -152 221 -102 272 -90 317 -36 366 -14 403 51 450 64 467 135 487 203 497 282 495 292 499 414 487 449 480 499 457 0 0 0 0 0 0 0 0 0 0 0 0 0 0 0 0 
0 0 0 0 1 0 0 0 0 0 
500 -453 339 -455 326 -459 290 -461 238 -451 171 -427 97 -402 47 -382 -10 -351 -27 -336 -84 -287 -132 -231 -149 -206 -187 -136 -205 -95 -215 -46 -220 6 -223 70 -220 136 -216 189 -212 212 -209 225 -175 255 -169 263 -160 302 -109 353 -104 359 -94 395 -36 451 21 478 89 497 215 491 239 495 271 500 338 497 383 491 435 480 484 474 500 -453 480 -455 441 -455 391 -444 327 -423 247 -395 197 -380 149 -358 110 -330 65 -291 23 -237 2 -209 -35 -142 -50 -112 -65 -47 -72 -4 -79 49 -75 133 -67 174 -61 203 -58 215 -49 239 -43 252 -17 304 -1 341 5 349 41 397 75 438 132 479 179 498 0 0 0 0 0 0 0 0 0 0 0 0 0 0 
0 0 0 0 1 0 0 0 0 0 
350 -425 350 -425 350 -425 231 -407 200 -399 111 -368 94 -357 24 -321 -15 -295 -45 -268 -105 -210 -120 -182 -171 -106 -175 -97 -189 -52 -196 -19 -196 23 -198 112 -200 180 -193 249 -144 338 -129 370 -81 422 -67 438 27 498 499 457 451 -407 451 -407 435 -411 395 -413 317 -405 280 -394 207 -375 188 -367 126 -331 96 -312 58 -286 18 -244 -13 -206 -49 -141 -55 -130 -73 -84 -83 -54 -94 -4 -102 80 -102 120 -90 191 -69 270 -50 305 -26 348 14 392 51 438 73 462 122 487 179 497 232 500 294 497 353 487 378 481 432 453 460 436 476 426 499 413 0 0 0 0 0 0 0 0 0 0 0 0 0 0 0 0 0 0 0 0 0 0 0 0 
0 0 0 0 1 0 0 0 0 0 
473 -377 447 -380 401 -377 350 -365 292 -348 245 -324 169 -273 163 -268 125 -237 64 -176 29 -130 10 -96 -5 -72 -34 4 -53 62 -69 150 -68 213 -52 297 -34 348 16 423 53 462 113 493 173 498 245 491 252 489 298 476 371 455 437 430 500 394 460 -380 307 -383 288 -387 257 -387 205 -380 142 -359 100 -341 25 -294 18 -289 -38 -240 -92 -182 -117 -144 -150 -98 -154 -88 -171 -4 -215 81 -222 144 -224 212 -204 280 -178 331 -118 411 -84 450 -32 488 43 500 104 483 121 485 179 464 236 448 298 432 364 404 500 359 500 359 0 0 0 0 0 0 0 0 0 0 0 0 0 0 0 0 0 0 0 0 0 0 0 0 0 0 0 0 
0 0 0 0 1 0 0 0 0 0 
499 -468 482 -473 431 -480 368 -480 310 -475 265 -459 230 -431 200 -403 163 -370 115 -328 50 -240 46 -233 34 -198 11 251 62 300 34 419 34 419 34 419 34 419 71 449 140 468 187 482 211 491 272 498 467 433 341 -470 341 -470 295 -479 229 -481 171 -476 124 -463 87 -417 28 -370 17 -354 -39 -297 -97 -214 -109 -191 -115 -168 2 -103 -17 -20 -19 -6 -20 73 -19 108 -11 188 0 235 -118 322 -75 350 93 322 93 322 105 329 133 345 183 368 198 373 236 384 289 400 335 410 372 414 414 423 352 499 500 428 500 428 0 0 0 0 0 0 0 0 0 0 0 0 0 0 0 0 0 0 0 0 0 0 0 0 0 0 0 0 
0 0 0 0 1 0 0 0 0 0 
316 -484 304 -484 248 -475 227 -469 166 -454 135 -447 125 -445 81 -420 40 -401 30 -394 -41 -316 -123 -110 -122 -93 -116 80 -75 271 -50 299 -22 341 -64 486 -64 486 -64 486 -64 486 -29 494 25 496 29 498 208 445 267 441 345 437 370 441 441 439 460 433 500 437 203 -485 192 -485 139 -481 120 -476 55 -462 9 -445 -4 -432 -55 -405 -103 -371 -109 -367 -23 -348 -29 -343 -181 -280 -78 -257 -84 -251 -114 -185 -117 -172 -240 -25 -240 -25 -235 120 -109 145 -99 208 -98 219 -179 339 -179 339 -143 386 -3 377 -3 377 14 394 20 400 63 415 104 430 131 432 161 434 161 434 92 495 228 436 231 436 150 500 241 497 246 497 301 495 350 491 480 430 
0 0 0 0 1 0 0 0 0 0 
-55 -253 -55 -253 -124 264 -124 264 -124 264 -56 412 -56 412 -56 412 14 449 14 449 75 481 75 481 110 499 331 476 331 476 331 476 427 488 455 488 500 488 420 -495 407 -495 355 -491 307 -482 250 -457 215 -433 167 -400 122 -360 96 -334 72 -294 52 -258 52 -258 26 -219 -13 -146 -16 -139 -32 -66 -42 0 -42 110 -35 161 -31 174 -27 188 -24 201 -20 216 10 287 19 307 26 316 32 327 32 327 70 351 76 356 96 373 137 393 145 398 196 418 204 422 186 460 175 486 208 497 252 500 273 500 405 449 417 451 357 491 460 449 465 446 500 444 0 0 0 0 0 0 0 0 0 0 0 0 0 0 0 0 0 0 0 0 
0 0 0 0 1 0 0 0 0 0 
442 -490 428 -488 417 -483 390 -476 350 -467 270 -450 264 -448 173 -429 115 -413 7 -361 -18 -342 -53 -312 -107 -201 -124 -105 -121 -16 -120 -2 -101 58 -80 138 -70 176 -65 187 -14 291 22 330 46 361 97 406 117 422 141 431 207 469 227 474 295 488 316 495 350 497 411 500 468 500 499 488 371 -485 295 -479 295 -479 264 -472 96 -443 21 -419 -68 -364 -119 -335 -143 -298 -213 -187 -223 -97 -220 -8 -151 132 -151 132 -151 132 -68 245 -68 245 -16 322 78 395 78 395 104 412 194 456 205 465 274 483 301 485 349 492 414 498 499 487 0 0 0 0 0 0 0 0 0 0 0 0 0 0 0 0 0 0 0 0 0 0 0 0 0 0 
0 0 0 0 1 0 0 0 0 0 
426 -483 426 -483 426 -483 393 -486 379 -486 334 -483 189 -478 203 -468 205 -455 169 -420 130 -385 109 -370 62 -332 38 -302 -8 -241 -28 -204 -63 -120 -196 27 -196 27 -195 133 -62 113 -50 178 -43 234 -43 239 -7 317 9 352 -66 430 45 375 59 377 -2 450 130 410 141 413 60 488 89 498 269 455 279 455 332 468 398 468 417 465 485 440 499 430 500 500 443 -477 371 -480 290 -477 -9 -68 -8 -59 -4 68 125 357 180 369 298 408 381 435 301 495 301 495 301 495 413 500 423 500 500 477 0 0 0 0 0 0 0 0 0 0 0 0 0 0 0 0 0 0 0 0 0 0 0 0 0 0 0 0 0 0 0 0 0 0 
0 0 0 0 1 0 0 0 0 0 
357 -435 357 -435 321 -410 251 -382 174 -357 153 -347 87 -320 20 -278 5 -267 -59 -200 -115 -131 -149 -64 -170 -23 -180 18 -183 112 -142 209 -133 248 -121 304 28 276 36 288 -54 359 91 375 100 382 19 444 140 426 156 444 162 451 190 476 244 486 266 499 338 495 338 495 411 495 434 490 460 488 500 479 500 -440 484 -436 453 -422 377 -392 303 -369 282 -363 227 -337 157 -296 140 -283 75 -219 25 -162 -11 -95 -22 -68 -35 -18 -42 52 -25 164 -11 210 7 260 29 301 98 394 228 500 0 0 0 0 0 0 0 0 0 0 0 0 0 0 0 0 0 0 0 0 0 0 0 0 0 0 0 0 0 0 0 0 0 0 0 0 
0 0 0 0 1 0 0 0 0 0 
358 -426 342 -428 293 -420 250 -407 198 -389 174 -378 93 -345 66 -332 1 -291 -56 -236 -75 -212 -116 -159 -145 -98 -184 -2 -196 54 -201 135 -195 199 -49 170 -42 183 -141 273 -2 282 12 304 -72 385 62 369 67 378 94 402 0 477 126 422 137 426 70 487 189 459 208 470 215 474 264 494 301 498 372 487 403 479 341 492 437 468 447 461 499 444 500 -467 500 -467 409 -444 388 -435 336 -408 280 -384 248 -370 206 -346 132 -294 83 -249 57 -217 26 -179 -5 -114 -40 -33 -53 26 -58 92 -55 188 -34 235 29 355 106 440 156 467 410 498 0 0 0 0 0 0 0 0 0 0 0 0 0 0 0 0 0 0 0 0 0 0 0 0 
0 0 0 0 1 0 0 0 0 0 
499 -360 486 -367 416 -371 329 -356 294 -347 248 -331 198 -311 167 -296 122 -271 113 -267 66 -224 39 -198 -11 -126 -33 -93 -58 -22 -73 6 -85 48 -94 118 -78 253 -30 345 5 394 39 420 122 476 172 498 450 454 460 452 318 -353 318 -353 250 -364 185 -358 136 -349 82 -334 33 -314 4 -299 -41 -268 -57 -255 -102 -216 -128 -187 -177 -120 -194 -80 -203 -26 -237 45 -249 91 -253 144 -106 181 -100 196 -204 283 -142 368 -132 410 -87 436 0 493 60 500 188 489 203 493 260 495 315 484 325 480 381 456 340 469 340 469 451 430 461 425 500 412 0 0 0 0 0 0 0 0 0 0 0 0 0 0 0 0 0 0 0 0 0 0 0 0 
0 0 0 0 1 0 0 0 0 0 
500 -347 500 -347 421 -362 356 -357 324 -350 275 -342 225 -324 181 -302 118 -259 48 -171 42 -163 -3 -83 -9 -73 -24 -40 -71 83 -81 136 -74 234 -3 498 301 -357 288 -361 242 -372 178 -372 144 -367 100 -361 60 -350 4 -329 -48 -298 -121 -221 -125 -215 -167 -147 -185 -118 -194 -99 -200 -54 -101 0 -250 93 -225 139 -101 137 -101 154 -97 228 -77 291 -48 325 -125 367 5 376 17 393 40 431 92 465 134 482 187 488 231 490 292 492 345 498 405 498 457 496 500 492 0 0 0 0 0 0 0 0 0 0 0 0 0 0 0 0 0 0 0 0 0 0 0 0 0 0 0 0 0 0 0 0 0 0 0 0 0 0 0 0 0 0 
0 0 0 0 1 0 0 0 0 0 
