-34 22 -45 65 -45 113 -29 229 0 309 28 367 72 420 95 438 153 471 169 483 169 483 235 498 277 493 299 483 329 397 332 385 334 370 339 352 463 272 499 211 412 178 412 178 412 178 409 68 411 -57 486 -153 458 -211 450 -226 425 -274 395 -319 378 -345 342 -380 285 -425 254 -448 233 -455 204 -458 166 -453 149 -443 100 -405 62 -372 31 -335 4 -289 -17 -251 -42 -191 -67 -136 -76 -95 -95 -7 -98 22 -94 90 -24 471 -24 471 4 486 116 498 116 498 116 498 394 374 419 334 433 305 442 260 486 173 488 161 491 148 499 34 493 -79 0 0 0 0 0 0 0 0 0 0 0 0 0 0 0 0 0 0 0 0 0 0 
0 0 0 0 0 0 0 0 0 1 
-114 43 -106 86 -90 182 -87 202 -62 323 -33 384 -3 423 25 460 31 467 93 497 155 500 173 495 254 476 278 447 341 373 346 363 411 271 419 250 457 169 488 65 496 8 499 -82 438 -189 438 -189 449 -245 429 -323 399 -371 352 -423 313 -447 290 -458 225 -478 171 -473 62 -419 12 -365 -6 -341 -28 -300 -111 -210 -111 -200 -125 -100 -131 -65 -228 10 -228 76 -106 93 -106 93 -243 118 -233 240 249 498 499 -138 41 -487 41 -487 -82 -416 -140 -338 -150 -316 -115 -216 -123 -4 -112 89 0 0 0 0 0 0 0 0 0 0 0 0 0 0 0 0 0 0 0 0 0 0 0 0 0 0 0 0 0 0 0 0 0 0 0 0 0 0 
0 0 0 0 0 0 0 0 0 1 
-128 40 -128 100 -121 222 10 251 18 282 37 332 75 397 97 428 148 473 187 495 217 500 289 480 333 449 362 416 404 361 425 306 432 291 458 217 479 138 498 38 500 -16 500 -114 395 -215 479 -263 464 -301 435 -349 398 -392 362 -421 326 -447 269 -466 200 -461 153 -433 2 -409 -41 -334 -113 -181 -113 -181 -121 -155 -124 -129 -120 9 -37 71 -38 83 -108 153 -34 150 -37 162 -8 213 -7 289 10 500 500 -85 143 -391 67 -254 7 -76 7 -76 -1 -19 -37 261 -37 328 0 0 0 0 0 0 0 0 0 0 0 0 0 0 0 0 0 0 0 0 0 0 0 0 0 0 0 0 0 0 0 0 0 0 0 0 0 0 0 0 
0 0 0 0 0 0 0 0 0 1 
-311 39 -311 39 -171 27 -168 55 -161 148 -143 226 -129 270 -104 347 -77 391 -70 400 -41 437 14 479 46 490 116 500 185 486 195 479 268 432 325 381 349 349 395 280 431 212 466 125 474 81 415 6 499 -166 484 -206 458 -263 422 -321 399 -351 346 -400 296 -432 256 -462 74 -483 -17 -474 -38 -467 -95 -405 -110 -368 -70 -284 -66 -224 -70 -208 -126 -48 -129 -9 -133 99 -121 175 -174 500 -174 500 500 460 229 -447 107 -434 97 -429 23 -311 1 -245 -181 -13 -184 43 0 0 0 0 0 0 0 0 0 0 0 0 0 0 0 0 0 0 0 0 0 0 0 0 0 0 0 0 0 0 0 0 0 0 0 0 0 0 0 0 0 0 
0 0 0 0 0 0 0 0 0 1 
4 -25 8 11 27 115 66 183 -32 307 -32 307 216 400 218 411 291 461 374 476 479 484 498 487 486 498 -137 -48 -229 10 -231 34 -238 128 -237 157 -92 149 -78 181 -57 264 -57 264 -97 425 -97 425 -43 467 52 497 160 443 189 435 121 500 121 500 218 438 212 446 297 409 297 409 366 328 375 320 422 248 448 197 466 155 489 85 499 8 497 -93 471 -205 448 -240 403 -304 380 -326 332 -355 298 -366 249 -374 178 -382 109 -385 38 -382 -35 -358 -80 -323 -107 -278 -117 -259 -143 -179 -164 -109 -178 -48 -186 18 -192 88 0 0 0 0 0 0 0 0 0 0 0 0 0 0 0 0 0 0 0 0 0 0 0 0 0 0 0 0 
0 0 0 0 0 0 0 0 0 1 
341 102 341 102 345 125 500 370 474 498 -256 33 -257 55 -259 110 -259 145 -165 241 -120 272 -105 294 -189 358 -86 344 -105 423 -20 430 -20 430 50 476 94 495 150 500 214 473 223 471 281 449 349 394 366 373 430 294 456 232 482 160 495 81 500 -9 497 -95 484 -157 481 -174 457 -248 421 -334 385 -370 330 -399 275 -428 266 -433 204 -447 134 -442 76 -421 27 -397 -8 -377 -37 -361 -81 -303 -131 -220 -143 -184 -155 -110 -160 2 -157 98 -150 191 -143 258 -120 320 0 0 0 0 0 0 0 0 0 0 0 0 0 0 0 0 0 0 0 0 0 0 0 0 0 0 0 0 0 0 0 0 0 0 0 0 0 0 0 0 0 0 
0 0 0 0 0 0 0 0 0 1 
-62 -30 -74 7 -77 60 -70 147 -67 165 -47 238 -38 271 -35 285 22 401 25 411 67 446 74 453 161 500 188 495 207 485 331 413 338 404 338 404 308 345 308 345 385 308 423 221 423 221 459 163 500 4 492 -116 476 -179 452 -235 429 -271 377 -327 346 -357 310 -378 282 -390 211 -404 150 -401 86 -378 58 -362 4 -310 -37 -261 -55 -212 -179 -161 -83 -135 -100 -102 -111 -79 -117 -56 -134 25 -256 154 -256 154 -134 107 -134 107 -143 213 -143 213 -143 233 -55 426 -55 426 -55 426 97 500 97 500 254 454 254 454 470 321 499 293 489 247 487 229 -1 -194 -89 84 -87 91 0 0 0 0 0 0 0 0 0 0 0 0 0 0 0 0 
0 0 0 0 0 0 0 0 0 1 
-37 7 -37 7 -41 127 -29 266 20 402 23 409 25 415 61 451 83 472 133 496 140 498 140 498 284 456 287 449 410 318 418 295 487 122 490 96 491 88 491 88 499 -46 491 -161 481 -214 482 -237 385 -313 391 -331 365 -420 317 -467 143 -488 32 -485 -5 -475 17 -407 17 -407 17 -407 1 -342 -44 -242 -67 -151 -76 -88 -91 15 -91 57 -85 112 -64 154 -61 159 -142 35 -144 156 -59 410 -59 410 25 498 25 498 25 498 42 498 178 491 178 491 392 326 494 187 494 187 494 187 499 156 482 -288 421 -473 301 -483 222 -465 202 -455 202 -455 -141 151 -141 151 0 0 0 0 0 0 0 0 0 0 0 0 0 0 0 0 0 0 
0 0 0 0 0 0 0 0 0 1 
479 498 479 498 479 498 499 -248 163 -439 99 -370 -58 25 -77 -52 -90 -35 -94 90 -81 181 -55 276 -32 331 8 396 48 448 56 455 116 489 160 498 193 496 268 477 247 472 330 431 396 353 396 353 396 353 435 279 448 248 470 188 492 90 499 40 491 -81 469 -174 465 -188 453 -233 348 -264 364 -295 367 -310 325 -386 316 -396 265 -441 214 -463 148 -472 99 -465 -64 -434 -106 -377 -17 -343 -51 -298 -61 -281 -75 -245 -102 -150 -122 -62 -244 59 -116 54 -116 54 0 0 0 0 0 0 0 0 0 0 0 0 0 0 0 0 0 0 0 0 0 0 0 0 0 0 0 0 0 0 0 0 0 0 0 0 0 0 0 0 0 0 
0 0 0 0 0 0 0 0 0 1 
-312 -72 -312 -45 -306 93 -169 79 -140 129 -240 229 -240 229 -103 202 -103 202 -67 256 -20 293 3 315 -24 440 209 413 275 415 283 418 258 500 357 409 345 425 434 365 434 365 457 277 471 229 486 134 489 59 497 -29 499 -47 494 -102 434 -206 389 -290 354 -340 303 -370 238 -377 184 -377 107 -375 53 -375 -7 -352 -47 -309 -109 -250 -115 -225 -144 -143 -164 -79 -183 -15 -194 81 -137 -122 -139 -95 -139 24 -91 138 -86 151 -113 309 -113 309 -93 343 168 373 194 500 194 500 427 404 437 423 499 -4 499 -4 0 0 0 0 0 0 0 0 0 0 0 0 0 0 0 0 0 0 0 0 0 0 0 0 0 0 0 0 0 0 0 0 
0 0 0 0 0 0 0 0 0 1 
498 498 -60 0 -62 28 -56 174 -36 252 -26 284 46 411 -66 407 -66 407 -43 433 70 497 69 500 96 500 172 474 419 336 423 327 379 228 379 228 446 47 444 -10 443 -51 444 -118 500 -265 481 -290 372 -385 347 -398 274 -422 -4 -407 -24 -390 -125 -280 -127 -273 -129 -256 -192 -116 -192 -116 -82 8 -223 13 -223 32 -218 166 -183 263 -169 287 -157 353 26 434 30 436 41 445 100 486 121 495 161 500 204 493 254 464 235 396 235 396 434 252 434 252 438 239 445 214 453 85 492 -21 499 -67 495 -118 492 -138 336 -278 310 -307 232 -375 172 -410 126 -432 123 -438 94 -401 63 -383 10 -317 -8 -296 -25 -252 -37 -223 -84 -100 -88 -92 -99 -28 
0 0 0 0 0 0 0 0 0 1 
446 10 469 178 476 342 500 500 -152 -312 -152 -312 -160 -214 -162 -140 -164 -71 -164 -71 -152 76 -146 130 -113 250 -86 296 -50 355 24 414 78 462 104 478 170 498 243 498 278 485 341 429 393 378 414 335 469 209 473 196 491 94 499 5 497 -135 494 -196 466 -296 440 -337 404 -375 354 -404 304 -429 255 -447 190 -455 125 -452 61 -429 -3 -396 -11 -391 -81 -335 -104 -286 -139 -176 -144 -168 -172 -76 -177 -38 0 0 0 0 0 0 0 0 0 0 0 0 0 0 0 0 0 0 0 0 0 0 0 0 0 0 0 0 0 0 0 0 0 0 0 0 0 0 0 0 0 0 0 0 0 0 0 0 0 0 0 0 0 0 0 0 
0 0 0 0 0 0 0 0 0 1 
-44 97 -44 97 -40 259 -14 334 -7 361 -2 374 66 481 88 491 100 498 249 491 253 486 253 486 347 394 357 384 376 351 424 254 453 177 484 97 484 97 498 24 500 4 456 -137 420 -231 414 -244 372 -311 323 -359 278 -391 252 -401 246 -403 239 -408 195 -413 146 -401 97 -379 65 -354 11 -279 4 -256 -55 -129 -66 -29 -71 2 -73 57 -75 119 -75 127 -175 93 -154 279 -103 332 -93 366 -9 457 4 462 135 498 154 491 500 40 500 40 124 -440 124 -440 38 -412 -3 -385 -58 -325 -85 -269 -152 -137 -159 -53 -157 2 -159 60 -168 130 0 0 0 0 0 0 0 0 0 0 0 0 0 0 0 0 0 0 0 0 0 0 0 0 
0 0 0 0 0 0 0 0 0 1 
-29 81 -29 81 5 282 10 297 -42 419 -42 419 -42 419 -42 419 75 460 109 498 499 -119 474 -206 428 -274 405 -302 361 -346 303 -381 16 -358 -65 198 -65 198 -35 45 -177 66 -177 66 -35 45 -35 66 -122 276 -122 276 32 311 46 345 57 371 68 400 68 400 17 466 17 466 139 478 165 488 202 500 276 473 317 450 377 383 412 323 448 254 461 228 480 140 491 88 499 -2 496 -52 411 -173 363 -226 303 -280 289 -314 234 -350 153 -404 178 -411 158 -390 32 -342 38 -328 26 -219 1 -164 -4 -150 -21 -76 -35 -23 -43 16 -60 92 -193 240 -193 240 -193 240 0 0 0 0 0 0 0 0 0 0 0 0 0 0 0 0 0 0 
0 0 0 0 0 0 0 0 0 1 
-146 -49 -155 -23 -164 39 -170 136 -170 183 -158 277 -121 379 -88 413 -38 442 11 465 72 486 116 494 153 500 227 492 297 468 326 458 372 431 433 361 446 340 476 227 497 123 500 28 500 23 480 -112 468 -206 443 -295 414 -337 403 -350 349 -390 321 -421 273 -445 208 -463 150 -471 122 -473 63 -471 -2 -434 -47 -390 -69 -366 -119 -287 -136 -248 -149 -172 -190 -49 -196 -10 -207 65 0 0 0 0 0 0 0 0 0 0 0 0 0 0 0 0 0 0 0 0 0 0 0 0 0 0 0 0 0 0 0 0 0 0 0 0 0 0 0 0 0 0 0 0 0 0 0 0 0 0 0 0 0 0 0 0 0 0 0 0 0 0 
0 0 0 0 0 0 0 0 0 1 
