497 497 -150 472 -150 472 -150 472 -135 233 -121 169 -227 152 -227 152 -227 152 -226 127 -179 -125 -170 -161 14 -300 102 -369 147 -391 183 -391 248 -375 289 -355 359 -272 389 -202 413 -152 438 -72 473 291 480 308 498 444 500 500 -263 500 -242 480 -230 468 -212 449 -192 468 -209 449 -256 406 -263 384 -264 266 -260 213 -107 79 -88 -12 -88 -19 -84 -40 -49 -168 -30 -218 -12 -262 -88 -314 -1 -391 16 -399 74 -411 137 -394 209 -365 269 -295 290 -230 334 -182 348 -112 482 -57 487 -14 493 40 500 149 417 252 417 252 418 334 420 394 420 401 420 401 0 0 0 0 0 0 0 0 0 0 0 0 0 0 0 0 0 0 0 0 0 0 0 0 
0 0 0 0 0 0 1 0 0 0 
497 497 -197 498 -201 465 -202 452 -198 340 -190 245 -177 148 -130 -40 -246 -17 -246 -17 -243 -40 -90 -135 -18 -250 33 -294 80 -329 125 -347 177 -350 220 -340 245 -329 280 -309 331 -255 368 -207 388 -168 426 -92 447 -17 483 181 486 199 500 347 500 383 -192 436 -318 498 -324 455 -327 438 -321 352 -305 251 -300 177 -289 69 -123 -69 -121 -79 -112 -105 -108 -119 -182 -182 -131 -256 -75 -309 -43 -330 22 -359 66 -359 131 -350 138 -347 165 -323 225 -261 262 -244 281 -191 337 -124 343 -43 476 62 499 124 406 172 406 172 405 297 403 369 0 0 0 0 0 0 0 0 0 0 0 0 0 0 0 0 0 0 0 0 0 0 0 0 0 0 0 0 
0 0 0 0 0 0 1 0 0 0 
-271 475 -271 475 -262 411 -179 310 -185 270 -188 256 -251 152 -258 61 -262 -14 -162 -91 -156 -110 -140 -181 -97 -242 -78 -275 -15 -303 8 -317 56 -348 109 -360 174 -362 232 -341 281 -305 329 -258 365 -202 399 -136 406 -127 447 -30 458 7 479 82 484 110 494 190 500 291 432 371 500 331 498 355 495 367 489 430 479 498 -164 500 -167 477 -171 436 -186 183 -173 40 -168 -20 500 372 0 0 0 0 0 0 0 0 0 0 0 0 0 0 0 0 0 0 0 0 0 0 0 0 0 0 0 0 0 0 0 0 0 0 0 0 0 0 0 0 0 0 0 0 0 0 0 0 0 0 0 0 0 0 0 0 0 0 0 0 0 0 
0 0 0 0 0 0 1 0 0 0 
-122 498 -130 447 -137 345 -145 261 -138 181 -117 56 -109 30 -69 -108 -60 -131 -1 -237 3 -247 44 -287 62 -303 125 -329 164 -331 198 -327 237 -312 277 -291 311 -263 350 -209 360 -195 377 -167 403 -115 422 -75 437 -25 464 58 467 70 484 145 492 228 495 298 499 376 496 416 -274 498 -274 498 -283 425 -287 332 -287 269 -283 168 -235 6 -237 -4 -226 -86 -176 -181 -139 -257 -129 -276 -103 -306 -76 -330 -22 -360 18 -367 42 -362 86 -354 141 -330 161 -313 191 -282 224 -248 230 -228 270 -172 283 -144 294 -95 329 -23 341 -2 352 64 357 149 361 215 366 285 369 339 490 373 498 401 500 406 0 0 0 0 0 0 0 0 0 0 0 0 0 0 
0 0 0 0 0 0 1 0 0 0 
-173 473 -173 473 -171 359 -168 257 -164 207 -164 159 -164 140 -148 -26 -133 -98 -124 -130 -116 -164 -93 -260 -84 -295 -53 -369 -12 -441 4 -470 58 -486 86 -486 149 -486 187 -484 228 -473 291 -420 299 -406 331 -369 370 -300 413 -231 417 -218 442 -151 474 -69 489 2 497 79 500 172 493 308 491 335 483 430 481 500 -100 498 -100 397 -100 306 -93 226 -86 170 19 -168 500 -488 0 0 0 0 0 0 0 0 0 0 0 0 0 0 0 0 0 0 0 0 0 0 0 0 0 0 0 0 0 0 0 0 0 0 0 0 0 0 0 0 0 0 0 0 0 0 0 0 0 0 0 0 0 0 0 0 0 0 0 0 0 0 0 0 
0 0 0 0 0 0 1 0 0 0 
-241 462 -248 440 -264 400 -276 273 -276 273 -276 191 -224 6 -221 -8 -220 -63 -185 -145 -172 -169 -168 -193 -132 -246 -121 -264 -90 -295 -54 -319 -5 -330 54 -323 102 -303 164 -268 184 -251 215 -200 245 -160 260 -118 298 -68 315 -8 326 61 338 136 366 176 377 242 381 273 382 339 385 416 383 460 500 499 500 499 -107 435 -107 435 -125 378 -135 271 -134 252 -135 170 -118 52 -114 38 -83 -82 -66 -134 -61 -148 -38 -191 -14 -223 7 -248 50 -282 78 -289 140 -296 190 -289 252 -264 291 -225 309 -202 361 -132 375 -109 397 -63 426 -11 448 43 460 109 476 189 489 243 494 289 497 325 500 394 500 466 500 498 0 0 0 0 0 0 0 0 0 0 
0 0 0 0 0 0 1 0 0 0 
-171 498 -159 468 -29 379 -29 374 -24 268 -4 202 41 106 88 43 132 -43 137 -58 183 -136 232 -212 281 -255 308 -306 384 -364 406 -402 500 -473 0 0 0 0 0 0 0 0 0 0 0 0 0 0 0 0 0 0 0 0 0 0 0 0 0 0 0 0 0 0 0 0 0 0 0 0 0 0 0 0 0 0 0 0 0 0 0 0 0 0 0 0 0 0 0 0 0 0 0 0 0 0 0 0 0 0 0 0 0 0 0 0 0 0 0 0 0 0 0 0 0 0 0 0 0 0 0 0 0 0 0 0 0 0 0 0 0 0 0 0 0 0 0 0 0 0 0 0 0 0 0 0 0 0 0 0 
0 0 0 0 0 0 1 0 0 0 
499 500 259 -487 283 -476 300 -459 307 -450 349 -395 360 -381 392 -309 427 -256 436 -220 439 -200 473 -103 490 -35 499 39 498 143 490 207 484 275 445 346 452 384 452 463 476 498 0 0 0 0 0 0 0 0 0 0 0 0 0 0 0 0 0 0 0 0 0 0 0 0 0 0 0 0 0 0 0 0 0 0 0 0 0 0 0 0 0 0 0 0 0 0 0 0 0 0 0 0 0 0 0 0 0 0 0 0 0 0 0 0 0 0 0 0 0 0 0 0 0 0 0 0 0 0 0 0 0 0 0 0 0 0 0 0 0 0 0 0 0 0 0 0 0 0 0 0 0 0 0 0 0 0 0 0 
0 0 0 0 0 0 1 0 0 0 
-268 406 -268 377 -270 304 -271 249 -270 176 -206 0 -209 -39 -210 -66 -205 -114 -160 -207 -150 -242 -91 -320 -50 -348 -11 -364 22 -373 71 -375 94 -370 154 -350 218 -326 229 -311 281 -267 299 -229 341 -194 355 -163 369 -119 409 -75 421 -24 430 22 499 498 -138 350 -140 328 -145 271 -149 221 -149 151 -139 59 -118 -30 -114 -70 -98 -125 -68 -199 -55 -230 -1 -307 36 -333 68 -348 101 -355 145 -353 181 -344 230 -326 257 -309 290 -282 331 -239 355 -206 388 -164 402 -142 420 -98 444 -46 460 -2 472 37 479 81 489 208 489 232 492 326 492 418 500 462 492 500 0 0 0 0 0 0 0 0 0 0 0 0 0 0 0 0 0 0 0 0 0 0 
0 0 0 0 0 0 1 0 0 0 
-224 418 -212 398 -211 394 -207 310 -210 224 -210 167 -207 68 -199 -28 -176 -96 -161 -171 -133 -257 -110 -295 -106 -321 -68 -374 -46 -418 -12 -460 38 -482 75 -484 139 -488 192 -482 204 -473 264 -429 272 -411 312 -365 364 -292 393 -224 431 -156 436 -136 468 -28 474 -11 490 72 484 143 481 189 480 266 480 343 483 420 500 499 0 0 0 0 0 0 0 0 0 0 0 0 0 0 0 0 0 0 0 0 0 0 0 0 0 0 0 0 0 0 0 0 0 0 0 0 0 0 0 0 0 0 0 0 0 0 0 0 0 0 0 0 0 0 0 0 0 0 0 0 0 0 0 0 0 0 0 0 0 0 0 0 0 0 0 0 
0 0 0 0 0 0 1 0 0 0 
-104 453 -237 498 -237 477 -260 407 -279 325 -282 229 -275 138 -126 65 -119 28 -105 -28 -101 -54 -85 -117 -52 -190 -24 -253 16 -308 50 -331 74 -347 122 -360 173 -360 216 -347 268 -316 289 -299 350 -240 385 -197 412 -156 427 -119 461 -41 480 17 500 123 417 186 412 297 412 353 413 396 417 453 -115 500 -120 472 -136 411 -147 318 -147 218 -136 93 -241 25 -241 25 -240 2 -177 -165 -184 -195 -141 -275 -131 -297 -82 -343 -60 -356 -7 -368 31 -368 77 -354 140 -318 152 -297 201 -245 259 -177 265 -154 278 -97 319 -25 328 52 494 275 497 338 500 395 498 443 497 486 0 0 0 0 0 0 0 0 0 0 0 0 0 0 0 0 0 0 0 0 
0 0 0 0 0 0 1 0 0 0 
-350 377 -348 356 -348 356 -348 347 -345 283 -341 197 -249 124 -247 90 -244 15 -244 4 -233 -96 -220 -180 -205 -238 -181 -313 -159 -360 -118 -405 -103 -442 -56 -476 -17 -484 39 -489 104 -489 157 -484 219 -457 278 -414 283 -409 340 -351 358 -315 397 -259 410 -212 441 -160 463 -85 469 -32 473 19 482 111 487 165 493 257 496 364 499 403 462 499 462 499 -253 423 -253 423 -252 395 -252 386 -252 312 -248 173 500 500 0 0 0 0 0 0 0 0 0 0 0 0 0 0 0 0 0 0 0 0 0 0 0 0 0 0 0 0 0 0 0 0 0 0 0 0 0 0 0 0 0 0 0 0 0 0 0 0 0 0 0 0 0 0 0 0 
0 0 0 0 0 0 1 0 0 0 
500 500 -160 498 -166 471 -186 384 -191 296 -171 95 -290 113 -290 113 -291 93 -290 61 -105 -179 -62 -273 -55 -284 -15 -325 54 -364 116 -362 171 -341 225 -300 247 -280 297 -223 342 -157 357 -129 403 -29 411 -9 440 77 460 127 477 198 488 273 499 341 -160 446 -297 500 -298 476 -317 390 -330 306 -330 221 -171 64 -168 53 -160 12 -160 12 -142 -75 -236 -172 -181 -293 -180 -299 -136 -346 -75 -379 -16 -377 47 -359 95 -327 114 -303 169 -258 223 -187 229 -165 284 -73 290 -40 304 32 346 84 354 146 360 230 368 299 499 349 498 368 496 405 487 467 0 0 0 0 0 0 0 0 0 0 0 0 0 0 0 0 0 0 0 0 0 0 0 0 
0 0 0 0 0 0 1 0 0 0 
-186 446 -186 446 -184 357 -180 238 -177 186 -177 109 -165 63 -147 -18 -138 -107 -215 -221 -189 -231 -78 -285 -78 -285 -34 -350 14 -385 19 -392 67 -441 93 -462 129 -471 148 -476 190 -476 256 -464 309 -415 350 -366 367 -348 380 -320 427 -242 441 -191 491 -72 499 -14 460 74 460 74 458 137 453 238 453 322 454 392 453 462 453 500 -302 363 -306 279 -306 188 -302 97 -298 29 -283 -18 -267 -97 -260 -165 -205 -284 -204 -302 -154 -402 -120 -438 -106 -452 -69 -472 -44 -481 4 -486 10 -486 66 -488 120 -484 162 -459 214 -393 218 -386 250 -334 273 -281 285 -236 331 -111 343 -50 345 -31 494 220 494 220 496 343 496 415 499 500 0 0 0 0 0 0 0 0 
0 0 0 0 0 0 1 0 0 0 
-142 410 -142 410 -156 342 -160 267 -161 233 -151 105 -146 39 -100 -128 -95 -152 -95 -152 -41 -282 -35 -286 23 -377 69 -410 123 -439 172 -445 208 -434 248 -419 320 -339 344 -300 353 -282 410 -156 413 -143 419 -108 457 52 462 86 469 145 478 225 476 240 482 344 485 408 491 439 493 481 500 498 -274 372 -274 372 -276 292 -276 227 -272 107 -209 -81 -209 -81 -208 -101 -145 -249 -145 -249 -87 -359 -87 -359 2 -453 24 -468 75 -475 139 -466 208 -410 277 -329 284 -309 360 -202 360 -202 429 8 426 27 425 169 428 225 500 498 0 0 0 0 0 0 0 0 0 0 0 0 0 0 0 0 0 0 0 0 0 0 0 0 0 0 0 0 0 0 
0 0 0 0 0 0 1 0 0 0 
