500 330 500 330 454 322 380 330 317 326 259 322 172 330 150 334 89 347 33 364 -14 372 -69 406 -111 419 -154 436 -206 466 -224 478 -253 500 500 356 450 369 365 372 326 372 241 356 153 362 143 362 75 362 19 353 -34 343 -106 454 -144 463 -176 473 -252 498 -270 498 0 0 0 0 0 0 0 0 0 0 0 0 0 0 0 0 0 0 0 0 0 0 0 0 0 0 0 0 0 0 0 0 0 0 0 0 0 0 0 0 0 0 0 0 0 0 0 0 0 0 0 0 0 0 0 0 0 0 0 0 0 0 0 0 0 0 0 0 0 0 0 0 0 0 0 0 0 0 0 0 0 0 0 0 0 0 
1 0 0 0 0 0 0 0 0 0 
432 498 500 260 471 214 446 195 431 185 385 172 314 169 229 153 164 149 83 149 3 146 -83 159 -91 159 -146 156 -206 153 -251 156 -289 159 499 498 467 423 438 410 411 394 370 377 314 371 198 361 138 345 56 345 -1 335 0 0 0 0 0 0 0 0 0 0 0 0 0 0 0 0 0 0 0 0 0 0 0 0 0 0 0 0 0 0 0 0 0 0 0 0 0 0 0 0 0 0 0 0 0 0 0 0 0 0 0 0 0 0 0 0 0 0 0 0 0 0 0 0 0 0 0 0 0 0 0 0 0 0 0 0 0 0 0 0 0 0 0 0 0 0 0 0 0 0 0 0 0 0 0 0 
1 0 0 0 0 0 0 0 0 0 
500 447 446 463 421 471 421 500 500 374 500 374 500 374 468 381 439 385 411 392 329 371 318 374 263 381 227 378 172 395 123 406 99 406 45 424 -10 448 -40 452 -94 473 -120 487 -174 498 -204 484 0 0 0 0 0 0 0 0 0 0 0 0 0 0 0 0 0 0 0 0 0 0 0 0 0 0 0 0 0 0 0 0 0 0 0 0 0 0 0 0 0 0 0 0 0 0 0 0 0 0 0 0 0 0 0 0 0 0 0 0 0 0 0 0 0 0 0 0 0 0 0 0 0 0 0 0 0 0 0 0 0 0 0 0 0 0 0 0 0 0 0 0 0 0 0 0 0 0 0 0 0 0 
1 0 0 0 0 0 0 0 0 0 
499 497 499 497 0 0 0 0 0 0 0 0 0 0 0 0 0 0 0 0 0 0 0 0 0 0 0 0 0 0 0 0 0 0 0 0 0 0 0 0 0 0 0 0 0 0 0 0 0 0 0 0 0 0 0 0 0 0 0 0 0 0 0 0 0 0 0 0 0 0 0 0 0 0 0 0 0 0 0 0 0 0 0 0 0 0 0 0 0 0 0 0 0 0 0 0 0 0 0 0 0 0 0 0 0 0 0 0 0 0 0 0 0 0 0 0 0 0 0 0 0 0 0 0 0 0 0 0 0 0 0 0 0 0 0 0 0 0 0 0 0 0 0 0 0 0 0 0 0 0 
1 0 0 0 0 0 0 0 0 0 
500 412 456 381 397 339 342 309 351 330 351 330 265 339 227 343 174 347 119 360 60 369 -4 377 -68 403 -94 416 -102 424 -168 472 -188 484 -219 497 500 497 451 445 398 406 383 398 -268 398 -336 441 0 0 0 0 0 0 0 0 0 0 0 0 0 0 0 0 0 0 0 0 0 0 0 0 0 0 0 0 0 0 0 0 0 0 0 0 0 0 0 0 0 0 0 0 0 0 0 0 0 0 0 0 0 0 0 0 0 0 0 0 0 0 0 0 0 0 0 0 0 0 0 0 0 0 0 0 0 0 0 0 0 0 0 0 0 0 0 0 0 0 0 0 0 0 0 0 0 0 0 0 0 0 
1 0 0 0 0 0 0 0 0 0 
499 500 444 438 395 417 344 410 284 397 219 383 144 356 73 321 60 315 -12 267 -60 239 -109 198 -165 171 -202 150 -252 136 -283 130 -315 130 -375 171 -403 246 499 491 499 491 453 500 408 500 357 497 303 491 233 482 166 471 109 457 85 448 33 434 -21 420 -67 408 -113 400 -162 394 -196 388 -229 385 -266 382 -319 385 -343 400 -343 400 0 0 0 0 0 0 0 0 0 0 0 0 0 0 0 0 0 0 0 0 0 0 0 0 0 0 0 0 0 0 0 0 0 0 0 0 0 0 0 0 0 0 0 0 0 0 0 0 0 0 0 0 0 0 0 0 0 0 0 0 0 0 0 0 0 0 0 0 0 0 
1 0 0 0 0 0 0 0 0 0 
500 271 494 313 477 435 459 497 394 430 363 389 317 397 239 401 160 405 132 405 68 405 41 405 -49 397 -71 397 -160 397 -238 405 -313 389 -363 376 -394 368 -407 355 499 478 499 478 436 493 345 500 271 493 208 487 162 487 102 487 41 484 -18 481 -109 478 -199 481 -282 475 -345 462 -385 453 0 0 0 0 0 0 0 0 0 0 0 0 0 0 0 0 0 0 0 0 0 0 0 0 0 0 0 0 0 0 0 0 0 0 0 0 0 0 0 0 0 0 0 0 0 0 0 0 0 0 0 0 0 0 0 0 0 0 0 0 0 0 0 0 0 0 0 0 0 0 0 0 0 0 0 0 0 0 0 0 
1 0 0 0 0 0 0 0 0 0 
500 393 500 393 456 397 406 405 374 410 303 418 242 427 134 427 42 427 19 423 -54 491 -63 482 -110 470 -162 474 -226 487 -261 495 -292 500 500 492 455 500 405 496 362 496 291 492 195 500 114 500 -6 488 -5 365 0 0 0 0 0 0 0 0 0 0 0 0 0 0 0 0 0 0 0 0 0 0 0 0 0 0 0 0 0 0 0 0 0 0 0 0 0 0 0 0 0 0 0 0 0 0 0 0 0 0 0 0 0 0 0 0 0 0 0 0 0 0 0 0 0 0 0 0 0 0 0 0 0 0 0 0 0 0 0 0 0 0 0 0 0 0 0 0 0 0 0 0 0 0 0 0 0 0 
1 0 0 0 0 0 0 0 0 0 
498 497 467 497 500 411 484 390 446 369 389 366 329 376 271 387 217 401 198 408 136 429 93 443 51 457 9 468 -34 478 -70 489 -82 489 -145 492 -181 500 0 0 0 0 0 0 0 0 0 0 0 0 0 0 0 0 0 0 0 0 0 0 0 0 0 0 0 0 0 0 0 0 0 0 0 0 0 0 0 0 0 0 0 0 0 0 0 0 0 0 0 0 0 0 0 0 0 0 0 0 0 0 0 0 0 0 0 0 0 0 0 0 0 0 0 0 0 0 0 0 0 0 0 0 0 0 0 0 0 0 0 0 0 0 0 0 0 0 0 0 0 0 0 0 0 0 0 0 0 0 0 0 
1 0 0 0 0 0 0 0 0 0 
499 411 499 411 472 383 461 377 440 366 417 366 406 366 393 361 344 361 283 377 253 444 224 466 133 455 111 444 63 400 28 422 -14 472 -55 483 -101 494 -160 494 -203 494 -252 500 447 102 500 500 475 466 458 455 449 452 442 448 419 441 407 437 395 437 350 430 291 426 260 452 235 470 157 433 118 463 74 415 46 433 -4 463 -24 477 -72 492 -132 500 -185 496 -225 492 -290 150 -290 150 0 0 0 0 0 0 0 0 0 0 0 0 0 0 0 0 0 0 0 0 0 0 0 0 0 0 0 0 0 0 0 0 0 0 0 0 0 0 0 0 0 0 0 0 0 0 0 0 0 0 0 0 0 0 0 0 
1 0 0 0 0 0 0 0 0 0 
499 339 499 339 440 339 368 344 331 349 265 358 226 363 178 372 110 386 34 400 -57 415 -116 433 -154 500 -177 490 -231 495 -231 495 499 403 429 416 372 423 324 426 245 429 224 429 174 439 112 445 32 448 -57 455 -109 467 -132 480 -176 487 -200 500 0 0 0 0 0 0 0 0 0 0 0 0 0 0 0 0 0 0 0 0 0 0 0 0 0 0 0 0 0 0 0 0 0 0 0 0 0 0 0 0 0 0 0 0 0 0 0 0 0 0 0 0 0 0 0 0 0 0 0 0 0 0 0 0 0 0 0 0 0 0 0 0 0 0 0 0 0 0 0 0 0 0 0 0 0 0 0 0 0 0 
1 0 0 0 0 0 0 0 0 0 
500 477 500 477 460 467 392 456 333 456 320 456 257 451 172 446 128 446 66 441 37 446 -11 451 -79 461 -143 477 -201 487 -239 497 440 103 499 500 485 487 446 471 396 462 337 456 324 456 250 450 182 443 138 443 85 443 43 443 2 443 -57 450 -117 456 -171 468 -215 475 -254 478 0 0 0 0 0 0 0 0 0 0 0 0 0 0 0 0 0 0 0 0 0 0 0 0 0 0 0 0 0 0 0 0 0 0 0 0 0 0 0 0 0 0 0 0 0 0 0 0 0 0 0 0 0 0 0 0 0 0 0 0 0 0 0 0 0 0 0 0 0 0 0 0 0 0 0 0 0 0 0 0 0 0 
1 0 0 0 0 0 0 0 0 0 
499 487 499 487 419 490 379 490 305 490 260 490 199 490 98 500 24 496 -62 496 -106 490 -160 480 -227 464 -280 445 -312 432 -374 419 500 466 417 484 387 490 335 490 278 487 224 487 144 496 90 500 -1 490 -25 487 -91 475 -155 451 -187 439 -217 430 0 0 0 0 0 0 0 0 0 0 0 0 0 0 0 0 0 0 0 0 0 0 0 0 0 0 0 0 0 0 0 0 0 0 0 0 0 0 0 0 0 0 0 0 0 0 0 0 0 0 0 0 0 0 0 0 0 0 0 0 0 0 0 0 0 0 0 0 0 0 0 0 0 0 0 0 0 0 0 0 0 0 0 0 0 0 0 0 0 0 
1 0 0 0 0 0 0 0 0 0 
499 496 499 496 436 410 397 379 336 348 296 317 221 279 163 263 141 255 84 263 72 271 17 302 -45 341 -56 348 -109 356 -163 348 -222 333 -250 325 -303 317 -333 294 -350 317 500 498 444 462 396 452 340 441 305 434 228 427 171 424 160 424 92 431 80 431 23 452 -42 466 -52 466 -110 466 -167 466 -218 462 -252 455 -306 445 -336 438 0 0 0 0 0 0 0 0 0 0 0 0 0 0 0 0 0 0 0 0 0 0 0 0 0 0 0 0 0 0 0 0 0 0 0 0 0 0 0 0 0 0 0 0 0 0 0 0 0 0 0 0 0 0 0 0 0 0 0 0 0 0 0 0 0 0 0 0 0 0 
1 0 0 0 0 0 0 0 0 0 
499 420 412 426 371 431 298 426 261 431 201 437 122 437 96 443 24 443 -11 443 -81 455 -140 467 -165 461 -207 467 -263 497 -277 497 499 498 499 498 422 477 387 477 310 474 288 474 235 470 156 474 125 474 86 474 33 477 -27 477 -91 477 -106 484 -148 480 -202 487 -226 491 -226 491 0 0 0 0 0 0 0 0 0 0 0 0 0 0 0 0 0 0 0 0 0 0 0 0 0 0 0 0 0 0 0 0 0 0 0 0 0 0 0 0 0 0 0 0 0 0 0 0 0 0 0 0 0 0 0 0 0 0 0 0 0 0 0 0 0 0 0 0 0 0 0 0 0 0 0 0 0 0 0 0 0 0 
1 0 0 0 0 0 0 0 0 0 
