-175 172 -175 172 -122 175 -78 175 3 161 47 153 121 142 155 139 219 135 260 135 321 135 382 135 426 135 468 142 499 142 483 498 483 498 -230 498 -178 494 -123 498 -39 473 24 463 90 456 124 452 189 445 234 438 298 438 366 435 409 442 459 449 500 452 0 0 0 0 0 0 0 0 0 0 0 0 0 0 0 0 0 0 0 0 0 0 0 0 0 0 0 0 0 0 0 0 0 0 0 0 0 0 0 0 0 0 0 0 0 0 0 0 0 0 0 0 0 0 0 0 0 0 0 0 0 0 0 0 0 0 0 0 0 0 0 0 0 0 0 0 0 0 0 0 0 0 0 0 0 0 0 0 
0 1 0 0 0 0 0 0 0 0 
-248 460 -248 460 -220 474 -197 480 -162 485 -128 491 -87 494 -41 497 1 500 45 500 92 497 143 497 193 494 244 491 286 488 331 482 372 480 411 480 438 480 483 485 500 494 -240 419 -212 442 -184 456 -152 470 -119 474 -75 483 -41 488 12 497 61 497 108 493 152 493 204 488 255 483 301 474 342 470 382 465 416 460 446 460 492 474 500 479 0 0 0 0 0 0 0 0 0 0 0 0 0 0 0 0 0 0 0 0 0 0 0 0 0 0 0 0 0 0 0 0 0 0 0 0 0 0 0 0 0 0 0 0 0 0 0 0 0 0 0 0 0 0 0 0 0 0 0 0 0 0 0 0 0 0 0 0 
0 1 0 0 0 0 0 0 0 0 
412 498 412 498 500 490 -133 480 -236 334 -236 334 -133 480 -114 469 -175 346 -85 473 -81 473 -33 480 21 492 79 500 89 496 140 492 180 476 224 457 260 442 315 415 364 380 390 369 435 346 459 338 500 334 0 0 0 0 0 0 0 0 0 0 0 0 0 0 0 0 0 0 0 0 0 0 0 0 0 0 0 0 0 0 0 0 0 0 0 0 0 0 0 0 0 0 0 0 0 0 0 0 0 0 0 0 0 0 0 0 0 0 0 0 0 0 0 0 0 0 0 0 0 0 0 0 0 0 0 0 0 0 0 0 0 0 0 0 0 0 0 0 0 0 0 0 0 0 0 0 0 0 0 0 
0 1 0 0 0 0 0 0 0 0 
-240 325 -175 341 -138 350 -100 358 -36 362 -14 366 34 366 94 366 132 366 181 370 226 379 251 383 318 470 363 487 386 487 421 495 461 500 500 500 -205 458 -205 458 -149 470 -111 473 -77 479 -13 482 5 479 48 476 106 473 141 473 186 470 230 470 253 470 298 494 339 497 370 497 408 500 439 494 478 497 500 497 0 0 0 0 0 0 0 0 0 0 0 0 0 0 0 0 0 0 0 0 0 0 0 0 0 0 0 0 0 0 0 0 0 0 0 0 0 0 0 0 0 0 0 0 0 0 0 0 0 0 0 0 0 0 0 0 0 0 0 0 0 0 0 0 0 0 0 0 0 0 0 0 0 0 
0 1 0 0 0 0 0 0 0 0 
-143 500 -241 460 -228 451 -197 402 -148 371 -142 362 -85 296 -20 261 31 230 91 212 135 185 208 185 252 181 329 199 435 247 427 243 500 265 500 265 479 238 -114 500 -93 491 -57 460 -34 424 -20 415 71 345 134 292 176 269 242 247 292 243 352 234 416 230 499 247 499 238 0 0 0 0 0 0 0 0 0 0 0 0 0 0 0 0 0 0 0 0 0 0 0 0 0 0 0 0 0 0 0 0 0 0 0 0 0 0 0 0 0 0 0 0 0 0 0 0 0 0 0 0 0 0 0 0 0 0 0 0 0 0 0 0 0 0 0 0 0 0 0 0 0 0 0 0 0 0 0 0 0 0 0 0 
0 1 0 0 0 0 0 0 0 0 
-235 423 -113 454 -61 475 92 489 134 479 159 454 212 468 280 468 330 486 407 496 500 500 -182 500 -182 500 -107 497 -54 500 58 488 114 486 131 480 163 480 220 480 280 486 327 488 337 491 394 488 394 488 421 466 455 444 500 414 0 0 0 0 0 0 0 0 0 0 0 0 0 0 0 0 0 0 0 0 0 0 0 0 0 0 0 0 0 0 0 0 0 0 0 0 0 0 0 0 0 0 0 0 0 0 0 0 0 0 0 0 0 0 0 0 0 0 0 0 0 0 0 0 0 0 0 0 0 0 0 0 0 0 0 0 0 0 0 0 0 0 0 0 0 0 0 0 0 0 0 0 0 0 
0 1 0 0 0 0 0 0 0 0 
-279 487 -279 487 -225 497 -195 497 -141 492 -82 487 -38 483 16 478 57 483 122 478 177 473 228 468 271 458 312 458 370 449 403 439 429 439 467 429 500 425 -273 487 -260 487 -220 495 -189 498 -148 495 -91 495 -41 495 12 492 55 495 100 492 152 492 207 490 247 487 299 487 345 484 375 481 415 478 443 478 487 475 499 475 0 0 0 0 0 0 0 0 0 0 0 0 0 0 0 0 0 0 0 0 0 0 0 0 0 0 0 0 0 0 0 0 0 0 0 0 0 0 0 0 0 0 0 0 0 0 0 0 0 0 0 0 0 0 0 0 0 0 0 0 0 0 0 0 0 0 0 0 0 0 0 0 
0 1 0 0 0 0 0 0 0 0 
-266 500 -266 500 -226 396 -200 344 -175 318 -93 240 -83 240 -45 207 -13 201 35 201 74 201 117 214 166 246 212 279 265 311 305 344 333 363 369 389 409 409 435 422 463 435 499 461 -270 -6 -266 500 -244 467 -212 432 -173 397 -144 381 -82 362 -72 358 -32 346 -6 342 42 339 88 342 124 352 159 362 215 384 258 407 300 423 324 432 367 448 407 464 427 467 454 477 499 487 484 -25 484 -25 0 0 0 0 0 0 0 0 0 0 0 0 0 0 0 0 0 0 0 0 0 0 0 0 0 0 0 0 0 0 0 0 0 0 0 0 0 0 0 0 0 0 0 0 0 0 0 0 0 0 0 0 0 0 0 0 
0 1 0 0 0 0 0 0 0 0 
-244 47 -244 47 -171 44 -119 44 -45 50 -9 50 50 50 109 50 167 53 239 53 251 53 307 50 359 50 395 47 446 47 471 50 500 500 500 500 -226 477 -149 477 -99 483 -18 489 17 489 78 492 137 492 195 495 267 495 279 498 334 495 387 495 423 492 472 492 500 489 0 0 0 0 0 0 0 0 0 0 0 0 0 0 0 0 0 0 0 0 0 0 0 0 0 0 0 0 0 0 0 0 0 0 0 0 0 0 0 0 0 0 0 0 0 0 0 0 0 0 0 0 0 0 0 0 0 0 0 0 0 0 0 0 0 0 0 0 0 0 0 0 0 0 0 0 0 0 0 0 0 0 0 0 
0 1 0 0 0 0 0 0 0 0 
-175 499 -100 480 -60 473 -18 467 53 460 105 440 156 388 211 355 240 368 290 315 339 289 386 282 422 282 455 289 500 302 -149 496 -149 496 -85 500 -53 492 -5 477 48 466 103 451 144 429 192 417 236 414 274 399 325 388 368 384 411 380 434 384 481 388 498 395 499 399 0 0 0 0 0 0 0 0 0 0 0 0 0 0 0 0 0 0 0 0 0 0 0 0 0 0 0 0 0 0 0 0 0 0 0 0 0 0 0 0 0 0 0 0 0 0 0 0 0 0 0 0 0 0 0 0 0 0 0 0 0 0 0 0 0 0 0 0 0 0 0 0 0 0 0 0 0 0 0 0 0 0 0 0 
0 1 0 0 0 0 0 0 0 0 
-242 111 -242 111 -168 95 -123 78 -80 65 -31 52 -2 49 59 42 94 45 146 52 186 55 221 59 268 65 299 65 339 65 380 62 413 55 438 52 459 49 486 49 499 498 499 498 -236 498 -157 483 -110 464 -68 455 -19 443 11 436 72 433 106 433 153 440 200 443 235 446 269 449 310 452 353 455 387 449 423 446 446 443 468 440 499 436 0 0 0 0 0 0 0 0 0 0 0 0 0 0 0 0 0 0 0 0 0 0 0 0 0 0 0 0 0 0 0 0 0 0 0 0 0 0 0 0 0 0 0 0 0 0 0 0 0 0 0 0 0 0 0 0 0 0 0 0 0 0 0 0 0 0 0 0 
0 1 0 0 0 0 0 0 0 0 
-47 471 -47 471 -5 498 34 494 99 482 163 459 230 444 305 417 344 402 419 367 419 406 470 413 499 413 -234 500 -221 493 -190 479 -139 452 -79 445 -12 422 39 408 104 388 152 368 208 351 335 273 322 293 403 260 403 260 485 246 493 246 500 246 0 0 0 0 0 0 0 0 0 0 0 0 0 0 0 0 0 0 0 0 0 0 0 0 0 0 0 0 0 0 0 0 0 0 0 0 0 0 0 0 0 0 0 0 0 0 0 0 0 0 0 0 0 0 0 0 0 0 0 0 0 0 0 0 0 0 0 0 0 0 0 0 0 0 0 0 0 0 0 0 0 0 0 0 0 0 0 0 0 0 
0 1 0 0 0 0 0 0 0 0 
-133 500 -241 375 -241 375 -133 500 -118 478 -73 461 -119 400 -40 452 -30 443 12 422 35 409 85 396 127 392 182 387 235 387 267 392 320 392 344 392 399 396 411 396 454 400 499 439 317 500 317 500 500 461 0 0 0 0 0 0 0 0 0 0 0 0 0 0 0 0 0 0 0 0 0 0 0 0 0 0 0 0 0 0 0 0 0 0 0 0 0 0 0 0 0 0 0 0 0 0 0 0 0 0 0 0 0 0 0 0 0 0 0 0 0 0 0 0 0 0 0 0 0 0 0 0 0 0 0 0 0 0 0 0 0 0 0 0 0 0 0 0 0 0 0 0 0 0 0 0 0 0 0 0 
0 1 0 0 0 0 0 0 0 0 
-252 500 -252 500 -202 456 -162 443 -96 426 -89 422 -11 370 27 379 94 318 144 297 185 275 349 297 363 297 281 254 462 293 471 297 394 250 498 306 500 306 -115 500 -67 482 -18 461 39 427 48 427 113 388 139 376 231 329 285 307 345 299 400 286 499 299 0 0 0 0 0 0 0 0 0 0 0 0 0 0 0 0 0 0 0 0 0 0 0 0 0 0 0 0 0 0 0 0 0 0 0 0 0 0 0 0 0 0 0 0 0 0 0 0 0 0 0 0 0 0 0 0 0 0 0 0 0 0 0 0 0 0 0 0 0 0 0 0 0 0 0 0 0 0 0 0 0 0 0 0 0 0 0 0 
0 1 0 0 0 0 0 0 0 0 
-296 341 -281 362 -253 387 -188 408 -166 416 -124 420 -72 433 -9 450 52 462 112 475 172 487 230 500 236 487 276 466 313 466 344 466 405 483 453 487 487 483 499 479 274 473 274 473 330 479 369 488 414 495 453 492 499 498 0 0 0 0 0 0 0 0 0 0 0 0 0 0 0 0 0 0 0 0 0 0 0 0 0 0 0 0 0 0 0 0 0 0 0 0 0 0 0 0 0 0 0 0 0 0 0 0 0 0 0 0 0 0 0 0 0 0 0 0 0 0 0 0 0 0 0 0 0 0 0 0 0 0 0 0 0 0 0 0 0 0 0 0 0 0 0 0 0 0 0 0 0 0 0 0 
0 1 0 0 0 0 0 0 0 0 
