496 500 496 500 496 500 500 420 498 297 496 140 498 104 492 20 486 -102 480 -180 474 -280 470 -344 478 -413 478 -440 484 498 489 463 494 393 497 271 500 135 500 74 497 8 497 -120 494 -205 492 -306 489 -376 484 -446 0 0 0 0 0 0 0 0 0 0 0 0 0 0 0 0 0 0 0 0 0 0 0 0 0 0 0 0 0 0 0 0 0 0 0 0 0 0 0 0 0 0 0 0 0 0 0 0 0 0 0 0 0 0 0 0 0 0 0 0 0 0 0 0 0 0 0 0 0 0 0 0 0 0 0 0 0 0 0 0 0 0 0 0 0 0 0 0 0 0 0 0 0 0 0 0 0 0 
0 0 0 1 0 0 0 0 0 0 
498 499 498 499 489 461 485 381 487 311 491 248 496 173 494 113 496 2 496 -72 494 -143 496 -203 496 -261 498 -334 498 -399 500 -431 500 -433 495 500 498 450 498 358 495 301 495 232 492 153 487 87 487 -12 484 -81 481 -170 478 -230 481 -290 475 -356 461 -450 452 -467 0 0 0 0 0 0 0 0 0 0 0 0 0 0 0 0 0 0 0 0 0 0 0 0 0 0 0 0 0 0 0 0 0 0 0 0 0 0 0 0 0 0 0 0 0 0 0 0 0 0 0 0 0 0 0 0 0 0 0 0 0 0 0 0 0 0 0 0 0 0 0 0 0 0 0 0 0 0 0 0 0 0 0 0 0 0 
0 0 0 1 0 0 0 0 0 0 
499 498 499 498 488 417 479 365 473 331 465 284 449 200 445 162 436 64 428 -33 420 -105 411 -193 405 -241 400 -326 474 499 490 403 494 348 494 308 490 268 494 187 490 134 494 44 498 -57 494 -134 490 -226 486 -266 478 -359 0 0 0 0 0 0 0 0 0 0 0 0 0 0 0 0 0 0 0 0 0 0 0 0 0 0 0 0 0 0 0 0 0 0 0 0 0 0 0 0 0 0 0 0 0 0 0 0 0 0 0 0 0 0 0 0 0 0 0 0 0 0 0 0 0 0 0 0 0 0 0 0 0 0 0 0 0 0 0 0 0 0 0 0 0 0 0 0 0 0 0 0 0 0 0 0 
0 0 0 1 0 0 0 0 0 0 
485 499 485 499 488 375 491 230 493 152 493 81 498 -28 496 -99 500 498 495 471 489 417 487 337 487 233 489 226 497 163 500 113 497 31 497 -24 497 -68 495 -147 495 -185 493 -258 481 -321 476 -337 472 -385 0 0 0 0 0 0 0 0 0 0 0 0 0 0 0 0 0 0 0 0 0 0 0 0 0 0 0 0 0 0 0 0 0 0 0 0 0 0 0 0 0 0 0 0 0 0 0 0 0 0 0 0 0 0 0 0 0 0 0 0 0 0 0 0 0 0 0 0 0 0 0 0 0 0 0 0 0 0 0 0 0 0 0 0 0 0 0 0 0 0 0 0 0 0 0 0 0 0 0 0 
0 0 0 1 0 0 0 0 0 0 
453 498 485 385 490 336 498 240 498 174 496 110 493 65 496 -37 496 -94 496 -157 493 -277 490 -329 480 -425 477 -454 495 500 495 500 492 408 495 350 499 264 499 186 493 137 487 81 485 -9 485 -53 485 -126 485 -238 483 -282 481 -345 488 -411 488 -411 0 0 0 0 0 0 0 0 0 0 0 0 0 0 0 0 0 0 0 0 0 0 0 0 0 0 0 0 0 0 0 0 0 0 0 0 0 0 0 0 0 0 0 0 0 0 0 0 0 0 0 0 0 0 0 0 0 0 0 0 0 0 0 0 0 0 0 0 0 0 0 0 0 0 0 0 0 0 0 0 0 0 0 0 0 0 0 0 0 0 
0 0 0 1 0 0 0 0 0 0 
481 499 481 499 490 415 497 317 499 230 497 133 497 67 499 2 497 -65 493 -126 488 -201 483 -264 474 -320 460 -378 446 -439 52 -458 52 -458 453 500 453 436 469 326 478 269 493 171 500 111 500 47 500 -13 496 -86 487 -146 478 -200 462 -285 456 -363 466 -442 0 0 0 0 0 0 0 0 0 0 0 0 0 0 0 0 0 0 0 0 0 0 0 0 0 0 0 0 0 0 0 0 0 0 0 0 0 0 0 0 0 0 0 0 0 0 0 0 0 0 0 0 0 0 0 0 0 0 0 0 0 0 0 0 0 0 0 0 0 0 0 0 0 0 0 0 0 0 0 0 0 0 0 0 0 0 0 0 
0 0 0 1 0 0 0 0 0 0 
306 500 322 478 330 461 348 407 362 345 370 264 374 211 372 119 372 40 374 -64 374 -169 380 -261 380 -297 386 -323 498 -378 466 -407 438 -445 308 -473 438 -457 438 -457 475 498 475 498 475 473 479 424 480 335 488 232 490 179 496 81 500 5 496 -109 490 -219 480 -299 471 -347 452 -370 395 -452 0 0 0 0 0 0 0 0 0 0 0 0 0 0 0 0 0 0 0 0 0 0 0 0 0 0 0 0 0 0 0 0 0 0 0 0 0 0 0 0 0 0 0 0 0 0 0 0 0 0 0 0 0 0 0 0 0 0 0 0 0 0 0 0 0 0 0 0 0 0 0 0 0 0 0 0 0 0 0 0 
0 0 0 1 0 0 0 0 0 0 
449 500 449 500 476 441 490 393 493 370 498 290 498 212 493 132 465 14 452 -68 446 -132 443 -183 441 -238 435 -341 438 -408 438 -436 458 500 463 474 479 390 494 339 496 311 500 214 494 140 481 45 468 -61 458 -150 452 -227 448 -267 445 -323 430 -408 425 -451 0 0 0 0 0 0 0 0 0 0 0 0 0 0 0 0 0 0 0 0 0 0 0 0 0 0 0 0 0 0 0 0 0 0 0 0 0 0 0 0 0 0 0 0 0 0 0 0 0 0 0 0 0 0 0 0 0 0 0 0 0 0 0 0 0 0 0 0 0 0 0 0 0 0 0 0 0 0 0 0 0 0 0 0 0 0 0 0 
0 0 0 1 0 0 0 0 0 0 
285 498 285 498 285 364 280 301 278 216 280 141 282 38 287 -70 289 -153 291 -250 293 -330 295 -406 302 -447 500 -457 500 -462 498 500 496 355 494 311 492 230 494 151 494 51 494 -53 496 -116 496 -230 496 -286 494 -386 496 -430 0 0 0 0 0 0 0 0 0 0 0 0 0 0 0 0 0 0 0 0 0 0 0 0 0 0 0 0 0 0 0 0 0 0 0 0 0 0 0 0 0 0 0 0 0 0 0 0 0 0 0 0 0 0 0 0 0 0 0 0 0 0 0 0 0 0 0 0 0 0 0 0 0 0 0 0 0 0 0 0 0 0 0 0 0 0 0 0 0 0 0 0 0 0 0 0 
0 0 0 1 0 0 0 0 0 0 
463 500 463 500 471 466 491 361 498 292 493 216 486 138 478 71 476 20 471 -71 468 -109 461 -187 456 -245 448 -312 438 -406 431 -453 486 498 492 476 492 471 500 378 498 285 492 189 486 122 482 61 479 -19 475 -113 471 -147 463 -248 454 -304 442 -358 419 -429 406 -461 0 0 0 0 0 0 0 0 0 0 0 0 0 0 0 0 0 0 0 0 0 0 0 0 0 0 0 0 0 0 0 0 0 0 0 0 0 0 0 0 0 0 0 0 0 0 0 0 0 0 0 0 0 0 0 0 0 0 0 0 0 0 0 0 0 0 0 0 0 0 0 0 0 0 0 0 0 0 0 0 0 0 0 0 0 0 
0 0 0 1 0 0 0 0 0 0 
212 500 218 477 235 403 246 320 246 192 252 110 254 59 256 -22 261 -96 265 -194 267 -273 271 -337 277 -391 288 -453 496 -460 498 -463 500 500 500 500 487 415 475 316 465 217 460 137 460 73 460 27 460 -55 460 -146 460 -247 462 -288 469 -362 473 -438 0 0 0 0 0 0 0 0 0 0 0 0 0 0 0 0 0 0 0 0 0 0 0 0 0 0 0 0 0 0 0 0 0 0 0 0 0 0 0 0 0 0 0 0 0 0 0 0 0 0 0 0 0 0 0 0 0 0 0 0 0 0 0 0 0 0 0 0 0 0 0 0 0 0 0 0 0 0 0 0 0 0 0 0 0 0 0 0 0 0 
0 0 0 1 0 0 0 0 0 0 
253 498 253 498 282 417 300 339 310 283 317 187 317 96 317 58 319 -2 319 -113 317 -189 317 -275 315 -339 312 -427 500 -463 500 -463 450 500 471 406 480 323 487 264 495 163 499 64 499 37 497 -48 495 -152 493 -237 489 -315 480 -366 469 -419 0 0 0 0 0 0 0 0 0 0 0 0 0 0 0 0 0 0 0 0 0 0 0 0 0 0 0 0 0 0 0 0 0 0 0 0 0 0 0 0 0 0 0 0 0 0 0 0 0 0 0 0 0 0 0 0 0 0 0 0 0 0 0 0 0 0 0 0 0 0 0 0 0 0 0 0 0 0 0 0 0 0 0 0 0 0 0 0 0 0 0 0 
0 0 0 1 0 0 0 0 0 0 
454 500 456 472 459 410 465 355 467 262 467 182 467 115 467 25 473 -55 476 -157 498 -205 484 -277 473 -332 465 -395 462 -440 459 -447 492 498 492 498 494 385 492 329 492 242 494 145 492 73 492 -21 492 -87 494 -216 498 -250 492 -327 481 -366 469 -419 464 -453 0 0 0 0 0 0 0 0 0 0 0 0 0 0 0 0 0 0 0 0 0 0 0 0 0 0 0 0 0 0 0 0 0 0 0 0 0 0 0 0 0 0 0 0 0 0 0 0 0 0 0 0 0 0 0 0 0 0 0 0 0 0 0 0 0 0 0 0 0 0 0 0 0 0 0 0 0 0 0 0 0 0 0 0 0 0 0 0 
0 0 0 1 0 0 0 0 0 0 
487 500 500 345 493 257 490 210 478 115 463 45 451 -35 439 -95 420 -347 411 -360 393 -442 494 500 494 500 498 352 496 277 491 222 487 135 480 67 468 -14 461 -70 222 -132 224 -157 231 -253 381 -355 381 -355 384 -432 386 -463 0 0 0 0 0 0 0 0 0 0 0 0 0 0 0 0 0 0 0 0 0 0 0 0 0 0 0 0 0 0 0 0 0 0 0 0 0 0 0 0 0 0 0 0 0 0 0 0 0 0 0 0 0 0 0 0 0 0 0 0 0 0 0 0 0 0 0 0 0 0 0 0 0 0 0 0 0 0 0 0 0 0 0 0 0 0 0 0 0 0 0 0 0 0 0 0 
0 0 0 1 0 0 0 0 0 0 
483 499 483 499 493 432 495 340 497 263 499 184 495 67 491 -37 465 -174 463 -236 459 -286 445 -383 433 -442 431 -457 489 500 497 425 500 341 500 276 500 223 497 97 489 -2 479 -120 471 -188 468 -251 453 -383 440 -448 0 0 0 0 0 0 0 0 0 0 0 0 0 0 0 0 0 0 0 0 0 0 0 0 0 0 0 0 0 0 0 0 0 0 0 0 0 0 0 0 0 0 0 0 0 0 0 0 0 0 0 0 0 0 0 0 0 0 0 0 0 0 0 0 0 0 0 0 0 0 0 0 0 0 0 0 0 0 0 0 0 0 0 0 0 0 0 0 0 0 0 0 0 0 0 0 0 0 
0 0 0 1 0 0 0 0 0 0 
