499 -306 253 -297 260 -273 279 -204 289 -137 294 -79 296 -12 298 163 296 204 296 290 291 463 293 476 468 500 468 500 487 -299 493 -268 497 -219 499 -138 499 -76 497 -4 489 172 485 237 482 272 469 458 465 498 0 0 0 0 0 0 0 0 0 0 0 0 0 0 0 0 0 0 0 0 0 0 0 0 0 0 0 0 0 0 0 0 0 0 0 0 0 0 0 0 0 0 0 0 0 0 0 0 0 0 0 0 0 0 0 0 0 0 0 0 0 0 0 0 0 0 0 0 0 0 0 0 0 0 0 0 0 0 0 0 0 0 0 0 0 0 0 0 0 0 0 0 0 0 0 0 0 0 0 0 
0 0 1 0 0 0 0 0 0 0 
488 -379 488 -379 482 -286 482 -218 482 -147 486 -70 486 -8 490 99 492 116 488 174 490 275 494 353 500 410 500 476 500 498 500 498 464 -370 472 -266 474 -208 479 -134 482 -58 484 2 487 88 489 132 489 184 492 284 494 364 494 405 500 494 500 498 0 0 0 0 0 0 0 0 0 0 0 0 0 0 0 0 0 0 0 0 0 0 0 0 0 0 0 0 0 0 0 0 0 0 0 0 0 0 0 0 0 0 0 0 0 0 0 0 0 0 0 0 0 0 0 0 0 0 0 0 0 0 0 0 0 0 0 0 0 0 0 0 0 0 0 0 0 0 0 0 0 0 0 0 0 0 0 0 0 0 
0 0 1 0 0 0 0 0 0 0 
459 -391 459 -391 480 -251 482 -236 492 -150 496 -91 498 39 498 142 492 262 488 367 484 444 480 498 480 498 412 -370 467 -230 472 -215 485 -130 490 -71 498 52 498 183 498 281 493 403 493 464 498 498 0 0 0 0 0 0 0 0 0 0 0 0 0 0 0 0 0 0 0 0 0 0 0 0 0 0 0 0 0 0 0 0 0 0 0 0 0 0 0 0 0 0 0 0 0 0 0 0 0 0 0 0 0 0 0 0 0 0 0 0 0 0 0 0 0 0 0 0 0 0 0 0 0 0 0 0 0 0 0 0 0 0 0 0 0 0 0 0 0 0 0 0 0 0 0 0 0 0 0 0 0 0 
0 0 1 0 0 0 0 0 0 0 
213 -424 213 -424 221 -363 228 -220 231 -143 236 -41 243 84 253 206 256 287 261 370 278 488 276 498 499 492 499 492 500 -405 485 -325 476 -198 468 -120 464 -20 471 100 480 244 478 311 473 371 466 483 466 498 0 0 0 0 0 0 0 0 0 0 0 0 0 0 0 0 0 0 0 0 0 0 0 0 0 0 0 0 0 0 0 0 0 0 0 0 0 0 0 0 0 0 0 0 0 0 0 0 0 0 0 0 0 0 0 0 0 0 0 0 0 0 0 0 0 0 0 0 0 0 0 0 0 0 0 0 0 0 0 0 0 0 0 0 0 0 0 0 0 0 0 0 0 0 0 0 0 0 0 0 
0 0 1 0 0 0 0 0 0 0 
303 -466 303 -466 303 -405 296 -286 270 -200 279 -74 294 -4 300 66 277 140 266 229 257 348 253 405 246 499 500 473 500 486 498 -471 498 -428 490 -308 480 -206 480 -97 488 -11 488 73 477 168 471 267 469 355 469 436 467 500 0 0 0 0 0 0 0 0 0 0 0 0 0 0 0 0 0 0 0 0 0 0 0 0 0 0 0 0 0 0 0 0 0 0 0 0 0 0 0 0 0 0 0 0 0 0 0 0 0 0 0 0 0 0 0 0 0 0 0 0 0 0 0 0 0 0 0 0 0 0 0 0 0 0 0 0 0 0 0 0 0 0 0 0 0 0 0 0 0 0 0 0 0 0 0 0 
0 0 1 0 0 0 0 0 0 0 
302 -435 302 -435 300 -356 302 -258 307 -153 309 -118 315 -48 319 35 320 120 322 207 320 264 315 330 307 402 304 442 298 498 500 468 500 474 481 -453 475 -432 473 -382 479 -262 484 -172 488 -115 491 -42 497 44 499 134 495 224 491 293 488 345 484 420 477 453 470 498 0 0 0 0 0 0 0 0 0 0 0 0 0 0 0 0 0 0 0 0 0 0 0 0 0 0 0 0 0 0 0 0 0 0 0 0 0 0 0 0 0 0 0 0 0 0 0 0 0 0 0 0 0 0 0 0 0 0 0 0 0 0 0 0 0 0 0 0 0 0 0 0 0 0 0 0 0 0 0 0 0 0 0 0 0 0 
0 0 1 0 0 0 0 0 0 0 
280 -409 280 -389 280 -307 284 -231 287 -160 291 -93 295 -44 298 33 307 113 309 187 302 251 298 314 295 380 291 432 287 498 499 461 499 461 481 -425 481 -425 477 -327 482 -246 488 -161 491 -97 493 -31 499 51 499 117 497 215 495 276 493 344 491 400 491 454 490 498 0 0 0 0 0 0 0 0 0 0 0 0 0 0 0 0 0 0 0 0 0 0 0 0 0 0 0 0 0 0 0 0 0 0 0 0 0 0 0 0 0 0 0 0 0 0 0 0 0 0 0 0 0 0 0 0 0 0 0 0 0 0 0 0 0 0 0 0 0 0 0 0 0 0 0 0 0 0 0 0 0 0 0 0 0 0 
0 0 1 0 0 0 0 0 0 0 
292 -323 296 -294 299 -231 301 -120 301 -52 305 113 305 218 307 281 310 360 312 421 318 493 499 489 499 500 497 -300 499 -273 495 -214 488 -90 481 -22 477 142 477 246 477 288 473 372 475 446 466 498 0 0 0 0 0 0 0 0 0 0 0 0 0 0 0 0 0 0 0 0 0 0 0 0 0 0 0 0 0 0 0 0 0 0 0 0 0 0 0 0 0 0 0 0 0 0 0 0 0 0 0 0 0 0 0 0 0 0 0 0 0 0 0 0 0 0 0 0 0 0 0 0 0 0 0 0 0 0 0 0 0 0 0 0 0 0 0 0 0 0 0 0 0 0 0 0 0 0 0 0 0 0 
0 0 1 0 0 0 0 0 0 0 
188 -355 207 -334 241 -268 249 -195 257 -97 257 -19 259 58 262 134 267 240 275 342 280 436 286 488 498 498 498 498 482 -351 487 -329 497 -277 500 -176 497 -82 497 -15 494 72 500 157 500 246 500 340 492 432 472 500 0 0 0 0 0 0 0 0 0 0 0 0 0 0 0 0 0 0 0 0 0 0 0 0 0 0 0 0 0 0 0 0 0 0 0 0 0 0 0 0 0 0 0 0 0 0 0 0 0 0 0 0 0 0 0 0 0 0 0 0 0 0 0 0 0 0 0 0 0 0 0 0 0 0 0 0 0 0 0 0 0 0 0 0 0 0 0 0 0 0 0 0 0 0 0 0 0 0 
0 0 1 0 0 0 0 0 0 0 
276 -485 276 -485 274 -423 264 -341 260 -283 260 -221 262 -130 266 -55 272 57 276 152 278 263 278 334 272 445 268 498 498 476 498 487 495 -471 487 -420 479 -367 475 -328 473 -229 477 -132 481 -50 493 72 497 178 499 301 499 374 493 463 493 500 0 0 0 0 0 0 0 0 0 0 0 0 0 0 0 0 0 0 0 0 0 0 0 0 0 0 0 0 0 0 0 0 0 0 0 0 0 0 0 0 0 0 0 0 0 0 0 0 0 0 0 0 0 0 0 0 0 0 0 0 0 0 0 0 0 0 0 0 0 0 0 0 0 0 0 0 0 0 0 0 0 0 0 0 0 0 0 0 0 0 0 0 
0 0 1 0 0 0 0 0 0 0 
321 -457 319 -437 318 -415 311 -356 308 -310 304 -260 301 -153 301 -74 303 41 304 102 304 242 306 306 304 437 304 455 304 498 494 446 496 459 498 483 500 485 499 -452 499 -452 499 -452 484 -364 479 -328 475 -276 470 -159 472 -73 477 45 485 133 480 266 484 354 487 442 487 459 489 500 0 0 0 0 0 0 0 0 0 0 0 0 0 0 0 0 0 0 0 0 0 0 0 0 0 0 0 0 0 0 0 0 0 0 0 0 0 0 0 0 0 0 0 0 0 0 0 0 0 0 0 0 0 0 0 0 0 0 0 0 0 0 0 0 0 0 0 0 0 0 0 0 0 0 0 0 0 0 0 0 0 0 
0 0 1 0 0 0 0 0 0 0 
478 -412 478 -412 486 -355 481 -246 481 -164 481 -87 488 32 491 116 494 181 497 283 499 348 499 432 499 499 318 -416 318 -393 321 -346 321 -239 320 -169 320 -92 321 20 323 119 324 158 326 251 326 300 326 395 324 486 497 486 499 500 0 0 0 0 0 0 0 0 0 0 0 0 0 0 0 0 0 0 0 0 0 0 0 0 0 0 0 0 0 0 0 0 0 0 0 0 0 0 0 0 0 0 0 0 0 0 0 0 0 0 0 0 0 0 0 0 0 0 0 0 0 0 0 0 0 0 0 0 0 0 0 0 0 0 0 0 0 0 0 0 0 0 0 0 0 0 0 0 0 0 0 0 0 0 
0 0 1 0 0 0 0 0 0 0 
168 -339 168 -339 192 -282 207 -209 218 -131 229 -34 238 62 248 200 253 261 274 375 268 412 296 475 500 475 497 498 449 -310 453 -290 460 -250 468 -176 473 -102 479 2 488 116 490 243 492 308 494 394 492 436 498 498 0 0 0 0 0 0 0 0 0 0 0 0 0 0 0 0 0 0 0 0 0 0 0 0 0 0 0 0 0 0 0 0 0 0 0 0 0 0 0 0 0 0 0 0 0 0 0 0 0 0 0 0 0 0 0 0 0 0 0 0 0 0 0 0 0 0 0 0 0 0 0 0 0 0 0 0 0 0 0 0 0 0 0 0 0 0 0 0 0 0 0 0 0 0 0 0 0 0 
0 0 1 0 0 0 0 0 0 0 
424 -445 431 -422 451 -339 459 -235 466 -147 466 -75 474 17 478 142 482 244 486 344 486 383 494 458 498 500 498 500 487 -394 487 -394 495 -286 498 -186 495 -104 493 -34 493 58 495 182 493 279 487 353 487 409 474 475 474 498 0 0 0 0 0 0 0 0 0 0 0 0 0 0 0 0 0 0 0 0 0 0 0 0 0 0 0 0 0 0 0 0 0 0 0 0 0 0 0 0 0 0 0 0 0 0 0 0 0 0 0 0 0 0 0 0 0 0 0 0 0 0 0 0 0 0 0 0 0 0 0 0 0 0 0 0 0 0 0 0 0 0 0 0 0 0 0 0 0 0 0 0 0 0 0 0 
0 0 1 0 0 0 0 0 0 0 
488 -446 488 -446 488 -411 484 -340 480 -244 480 -141 482 -77 484 50 484 176 486 274 486 334 489 434 497 491 499 498 452 -477 466 -418 466 -333 463 -239 470 -137 477 -52 473 45 473 169 484 270 498 344 494 442 494 498 0 0 0 0 0 0 0 0 0 0 0 0 0 0 0 0 0 0 0 0 0 0 0 0 0 0 0 0 0 0 0 0 0 0 0 0 0 0 0 0 0 0 0 0 0 0 0 0 0 0 0 0 0 0 0 0 0 0 0 0 0 0 0 0 0 0 0 0 0 0 0 0 0 0 0 0 0 0 0 0 0 0 0 0 0 0 0 0 0 0 0 0 0 0 0 0 0 0 
0 0 1 0 0 0 0 0 0 0 
