-63 -358 -63 -358 2 -342 25 -342 93 -339 146 -342 182 -336 232 -327 298 -305 384 -246 421 -212 395 -61 395 -61 395 -61 499 500 -220 -339 -208 -341 -165 -334 -105 -349 -61 -351 11 -356 27 -353 90 -351 144 -334 213 -294 286 -261 443 -216 458 -195 469 -176 477 -158 490 -96 500 14 493 136 493 143 475 228 358 318 358 318 370 365 341 396 294 441 240 466 231 469 179 485 161 490 108 495 33 497 18 500 -41 497 -84 490 -112 485 -120 476 0 0 0 0 0 0 0 0 0 0 0 0 0 0 0 0 0 0 0 0 0 0 0 0 0 0 0 0 0 0 0 0 0 0 0 0 0 0 0 0 0 0 0 0 0 0 0 0 
0 0 0 0 0 1 0 0 0 0 
-192 -333 -136 -324 -68 -321 -22 -317 84 -294 142 -280 212 -262 223 -246 282 -205 292 -189 364 -132 365 -127 432 -68 437 -36 441 15 444 70 443 157 444 191 499 257 446 340 239 415 130 458 116 463 50 484 3 500 -7 497 0 497 -74 -367 -74 -367 -16 -354 25 -349 98 -340 175 -318 223 -295 261 -278 292 -262 349 -219 360 -206 424 -147 428 -139 453 -98 484 -44 491 -11 500 42 495 127 481 186 314 291 254 354 254 354 282 369 213 410 192 419 120 450 87 457 68 461 -35 479 -30 479 -127 499 -153 499 0 0 0 0 0 0 0 0 0 0 0 0 0 0 0 0 0 0 0 0 0 0 0 0 0 0 0 0 0 0 0 0 
0 0 0 0 0 1 0 0 0 0 
-71 -369 -56 -366 18 -359 103 -359 233 -333 241 -330 312 -307 320 -302 432 -240 499 -159 456 -50 456 -50 456 -50 449 95 449 166 448 209 416 450 334 500 -129 497 -169 485 -100 -370 -228 -323 -216 -326 -128 -335 -62 -338 43 -326 52 -321 201 -328 250 -312 141 -293 141 -293 265 -244 314 -157 460 -103 460 -103 482 -46 488 -25 500 61 500 110 498 190 493 239 424 352 407 377 369 420 294 457 146 497 164 497 111 500 51 497 6 492 -26 483 -63 474 -89 464 -195 464 -193 464 0 0 0 0 0 0 0 0 0 0 0 0 0 0 0 0 0 0 0 0 0 0 0 0 0 0 0 0 0 0 0 0 0 0 0 0 0 0 0 0 
0 0 0 0 0 1 0 0 0 0 
-219 -335 -205 -340 -177 -342 -114 -351 -78 -354 -42 -361 22 -368 27 -365 74 -365 136 -361 144 -361 210 -331 258 -300 276 -289 326 -247 340 -228 353 -181 477 -179 495 -132 500 -123 420 -62 420 60 420 132 367 319 367 319 362 328 360 335 296 412 296 412 296 449 246 484 196 496 141 498 85 496 20 487 -52 475 -90 468 -136 461 -98 -352 -98 -352 -72 -350 -15 -352 31 -355 55 -355 116 -358 141 -358 176 -355 211 -350 223 -347 312 -310 352 -275 358 -267 415 -195 422 -184 439 -131 479 -26 499 136 498 187 445 411 445 411 345 500 0 0 0 0 0 0 0 0 0 0 0 0 0 0 0 0 0 0 0 0 0 0 0 0 0 0 0 0 
0 0 0 0 0 1 0 0 0 0 
-92 -440 -71 -447 24 -438 52 -440 142 -427 181 -425 224 -414 280 -407 339 -400 433 -347 438 -340 499 -298 477 -164 477 -164 477 -164 477 -164 474 -104 478 -48 -49 498 -50 496 -228 -390 -125 -442 -110 -446 -168 -416 -116 -405 -66 -403 2 -394 45 -392 69 -386 130 -370 182 -355 256 -305 260 -299 323 -242 452 -251 452 -251 465 -236 471 -232 479 -214 491 -167 499 -114 499 -114 497 -36 493 30 475 117 460 169 432 227 412 253 361 292 324 334 284 353 225 390 184 425 137 453 101 446 45 457 24 455 -32 466 -52 475 -213 498 -213 498 -109 453 -121 453 -165 455 0 0 0 0 0 0 0 0 0 0 0 0 0 0 0 0 0 0 0 0 0 0 
0 0 0 0 0 1 0 0 0 0 
-46 -407 -21 -407 -5 -404 79 -400 151 -383 200 -383 227 -369 210 -333 265 -280 265 -280 317 -235 396 -159 396 -159 396 -159 468 -26 468 -26 463 54 462 147 462 211 478 238 500 319 456 416 414 442 357 466 337 466 -128 500 -234 -400 -218 -393 -184 -384 -129 -372 -129 -372 -56 -358 6 -342 52 -335 78 -328 180 -372 175 -361 248 -375 248 -375 296 -331 350 -312 369 -296 371 -293 410 -240 425 -216 431 -198 434 -193 469 -97 487 -53 493 -16 499 69 496 135 493 167 423 230 434 268 342 363 290 445 248 473 187 494 171 498 179 489 180 487 122 468 62 463 8 456 -21 452 -33 442 0 0 0 0 0 0 0 0 0 0 0 0 0 0 0 0 
0 0 0 0 0 1 0 0 0 0 
-121 -325 -1 -358 42 -363 121 -373 201 -360 283 -345 334 -298 352 -271 421 -201 498 -62 498 -62 498 32 498 104 499 166 454 390 457 395 -94 499 -14 -375 -14 -375 55 -384 107 -388 170 -388 248 -384 291 -370 368 -319 378 -305 436 -236 448 -208 473 -148 486 -115 500 -27 497 39 492 104 489 118 434 224 413 263 333 324 345 328 272 379 272 379 272 379 268 435 242 456 184 488 130 500 91 500 47 490 -5 479 -25 469 -65 446 -65 444 -85 432 0 0 0 0 0 0 0 0 0 0 0 0 0 0 0 0 0 0 0 0 0 0 0 0 0 0 0 0 0 0 0 0 0 0 0 0 0 0 0 0 0 0 0 0 0 0 
0 0 0 0 0 1 0 0 0 0 
-71 -363 -213 -318 -178 -336 -126 -340 -53 -347 26 -354 75 -352 159 -331 291 -340 320 -327 231 -293 273 -263 416 -252 440 -227 453 -211 354 -181 474 -163 484 -134 499 -88 418 -18 418 84 418 125 364 304 364 306 361 313 375 336 381 361 350 406 268 429 269 431 225 465 182 477 48 500 48 500 -5 465 -49 456 -85 -361 -85 -361 -10 -365 38 -365 125 -363 181 -361 266 -337 308 -314 371 -268 431 -192 484 -39 499 67 495 125 455 266 451 275 270 412 270 412 243 446 149 500 0 0 0 0 0 0 0 0 0 0 0 0 0 0 0 0 0 0 0 0 0 0 0 0 0 0 0 0 0 0 0 0 0 0 0 0 0 0 0 0 
0 0 0 0 0 1 0 0 0 0 
-185 -346 -185 -346 -134 -360 -95 -369 -10 -371 36 -364 104 -346 159 -318 217 -277 260 -236 277 -220 294 -183 345 -116 361 -52 404 9 410 61 500 158 484 192 362 284 362 284 323 344 266 408 257 417 207 456 159 472 89 488 41 497 -23 500 -86 490 -125 474 -151 456 -203 442 -222 433 -99 422 -99 422 -40 -394 6 -392 40 -387 116 -383 159 -376 232 -350 282 -322 333 -278 383 -221 394 -207 403 -186 453 -107 464 -53 489 9 500 86 451 242 453 250 411 341 360 404 348 415 302 446 244 469 186 488 138 497 87 500 20 490 -32 471 -60 455 -90 443 -107 439 0 0 0 0 0 0 0 0 0 0 0 0 0 0 0 0 0 0 0 0 
0 0 0 0 0 1 0 0 0 0 
-252 -334 -239 -339 -177 -339 -135 -341 -90 -336 -15 -334 21 -321 79 -307 139 -287 209 -245 256 -204 275 -159 333 -93 341 -40 383 53 398 74 486 91 500 130 400 198 372 243 363 264 356 283 297 381 255 424 239 434 207 460 188 471 142 490 79 498 69 498 62 494 -17 473 -40 469 -80 456 -128 449 -140 447 -86 -376 -86 -376 -17 -376 17 -374 65 -368 147 -355 179 -344 232 -325 272 -304 349 -251 391 -206 415 -168 457 -102 471 -46 497 48 489 91 500 161 487 212 483 225 476 251 416 351 375 393 361 408 305 444 283 455 242 468 184 482 -6 500 -123 489 -142 489 -184 472 -263 463 0 0 0 0 0 0 0 0 0 0 0 0 0 0 
0 0 0 0 0 1 0 0 0 0 
97 -469 117 -469 217 -457 213 -429 356 -389 353 -381 500 -293 500 -293 255 482 150 500 142 497 -207 -456 -195 -456 -171 -449 -119 -451 -60 -459 16 -449 74 -437 188 -451 184 -442 264 -442 264 -442 325 -415 389 -389 389 -389 389 -389 371 -290 368 -274 455 -302 459 -221 468 -170 476 -117 491 -69 498 33 500 134 472 218 457 254 426 329 400 348 355 382 313 401 254 435 231 437 114 485 18 500 16 495 16 495 18 492 -26 485 -76 490 0 0 0 0 0 0 0 0 0 0 0 0 0 0 0 0 0 0 0 0 0 0 0 0 0 0 0 0 0 0 0 0 0 0 0 0 0 0 0 0 0 0 0 0 0 0 0 0 0 0 
0 0 0 0 0 1 0 0 0 0 
-62 -466 -62 -466 240 -374 462 -357 462 -357 489 -330 499 -265 134 498 131 493 -160 491 -293 -409 -277 -416 -267 -421 -258 -423 -252 -426 -144 -466 -119 -457 -49 -440 22 -421 71 -407 76 -402 162 -395 179 -390 187 -361 281 -361 251 -295 251 -295 303 -335 307 -319 397 -283 397 -283 426 -216 435 -195 488 -83 496 -61 499 42 498 123 469 214 462 233 428 314 414 335 372 383 344 421 305 433 195 495 162 483 121 478 106 476 44 469 -100 500 -100 500 -100 500 -83 471 -105 428 -224 452 -224 452 0 0 0 0 0 0 0 0 0 0 0 0 0 0 0 0 0 0 0 0 0 0 0 0 0 0 0 0 0 0 0 0 0 0 0 0 0 0 
0 0 0 0 0 1 0 0 0 0 
39 -385 39 -385 39 -385 71 -389 139 -389 190 -380 154 -325 155 -316 178 -307 261 -260 414 -242 433 -224 341 -169 469 -162 489 -131 500 -111 414 -57 408 40 408 131 406 178 404 238 488 289 482 298 343 396 343 396 274 478 255 478 210 483 148 476 75 467 40 461 -23 449 -186 498 -49 445 -49 445 -135 -334 -57 -371 39 -362 251 -338 251 -338 251 -338 364 -258 419 -185 476 -68 496 37 499 98 497 176 488 247 438 381 -60 498 0 0 0 0 0 0 0 0 0 0 0 0 0 0 0 0 0 0 0 0 0 0 0 0 0 0 0 0 0 0 0 0 0 0 0 0 0 0 0 0 0 0 0 0 0 0 0 0 0 0 
0 0 0 0 0 1 0 0 0 0 
-183 -369 -170 -377 -143 -384 -63 -384 -9 -377 53 -373 108 -360 174 -319 234 -293 282 -241 307 -194 359 -177 363 -140 370 -75 499 -56 499 -56 465 6 482 49 479 127 464 194 371 280 324 336 259 419 258 423 216 468 183 483 169 488 117 494 49 496 -11 496 -31 496 -73 498 -38 -425 -26 -423 -7 -421 70 -414 128 -408 169 -404 238 -382 314 -353 351 -327 419 -268 442 -238 458 -217 490 -161 500 -121 482 0 469 231 442 293 384 361 377 372 332 412 286 444 -212 500 0 0 0 0 0 0 0 0 0 0 0 0 0 0 0 0 0 0 0 0 0 0 0 0 0 0 0 0 0 0 0 0 0 0 0 0 0 0 0 0 0 0 
0 0 0 0 0 1 0 0 0 0 
-165 -443 -165 -443 -165 -443 -120 -475 -51 -482 -43 -482 24 -479 99 -475 175 -450 184 -443 257 -394 273 -383 298 -363 339 -309 366 -269 395 -197 422 -170 444 -112 476 -40 492 17 499 67 421 145 422 165 437 253 391 295 350 325 296 356 262 369 198 399 139 421 105 434 60 443 -12 468 -45 486 -87 499 -258 -287 499 498 0 0 0 0 0 0 0 0 0 0 0 0 0 0 0 0 0 0 0 0 0 0 0 0 0 0 0 0 0 0 0 0 0 0 0 0 0 0 0 0 0 0 0 0 0 0 0 0 0 0 0 0 0 0 0 0 0 0 0 0 0 0 0 0 0 0 0 0 0 0 0 0 0 0 0 0 
0 0 0 0 0 1 0 0 0 0 
