90 150 6
500 497 500 497 500 497 500 497 500 497 500 497 419 492 360 481 241 492 174 486 108 476 50 465 -35 471 -114 460 -140 455 -174 450 -203 465 -228 476 500 455 479 455 452 455 442 455 432 455 427 455 423 455 418 455 339 461 304 471 203 487 169 481 104 481 43 471 -7 481 -69 476 -86 471 -113 466 -134 471 -159 497 -288 466 -288 466 500 57 476 495 462 492 442 492 429 492 419 489 410 489 398 486 393 486 332 486 296 492 209 498 159 498 108 495 43 489 -5 492 -81 489 -101 489 -133 486 -157 489 -177 498 -159 81 -167 87 -167 87 0 0 0 0 0 0 0 0 0 0 0 0 0 0 0 0 0 0 0 0 0 0 
1 0 0 0 0 0 
500 497 388 458 342 438 285 413 250 403 123 374 102 364 47 359 35 354 -89 349 -89 349 -129 349 -195 354 -251 364 -300 384 499 500 487 494 395 460 353 446 318 432 271 421 167 410 134 407 95 401 84 401 -12 401 -12 401 -65 401 -119 404 -167 410 -205 418 -328 5 499 499 499 499 480 495 405 470 365 451 329 436 283 412 197 393 144 393 105 388 95 388 8 378 -3 378 -29 378 -91 388 -135 393 -173 402 -193 412 -206 417 0 0 0 0 0 0 0 0 0 0 0 0 0 0 0 0 0 0 0 0 0 0 0 0 0 0 0 0 0 0 0 0 0 0 0 0 0 0 0 0 0 0 0 0 0 0 0 0 
1 0 0 0 0 0 
499 483 467 478 404 464 366 464 327 459 257 445 187 421 101 393 37 374 -30 364 -97 360 -215 374 -267 393 -304 407 -164 488 -171 497 499 498 499 498 471 492 417 484 382 484 345 481 285 470 215 448 147 434 88 422 28 417 -47 411 -137 422 -183 436 -212 442 -338 42 -338 42 -211 89 -211 89 500 497 488 497 424 492 403 492 355 492 295 483 235 464 159 436 103 417 48 408 -25 399 -111 413 -157 431 -184 455 0 0 0 0 0 0 0 0 0 0 0 0 0 0 0 0 0 0 0 0 0 0 0 0 0 0 0 0 0 0 0 0 0 0 0 0 0 0 0 0 0 0 0 0 0 0 0 0 0 0 0 0 
1 0 0 0 0 0 
500 500 500 500 500 500 500 500 372 460 354 450 283 436 215 421 143 416 82 411 20 401 -73 392 -115 392 -166 392 -209 397 -276 406 -332 411 -361 416 499 498 499 498 457 482 432 474 369 458 347 453 337 450 337 450 327 445 236 416 208 405 162 394 113 386 49 378 14 378 -36 376 -82 376 -121 378 -167 376 -197 381 -232 381 -283 389 -302 392 -401 0 499 497 499 497 466 481 443 468 405 447 349 426 338 426 327 417 318 417 298 409 243 392 210 367 145 333 127 333 65 333 34 324 -14 320 -73 312 -95 312 -159 320 -186 320 -220 324 -252 333 -284 337 -287 341 -292 345 0 0 0 0 0 0 0 0 0 0 0 0 0 0 
1 0 0 0 0 0 
500 331 446 364 426 364 356 364 295 371 227 378 191 378 135 378 60 391 -5 398 -60 398 -140 398 -188 412 -251 452 -280 466 -336 500 -336 500 499 445 442 466 404 462 371 455 305 448 244 448 191 448 141 448 75 445 13 448 -63 448 -106 448 -158 448 -250 462 -295 477 -335 487 -386 494 -410 498 -410 498 499 485 499 485 462 500 413 495 381 490 313 476 254 468 197 466 160 464 100 459 22 459 -34 456 -98 456 -143 456 -217 461 -258 471 -299 483 -352 485 -389 492 -389 492 -397 492 0 0 0 0 0 0 0 0 0 0 0 0 0 0 0 0 0 0 0 0 0 0 0 0 0 0 0 0 0 0 0 0 0 0 0 0 
1 0 0 0 0 0 
499 403 499 403 423 403 368 403 331 403 294 397 256 391 174 391 130 397 74 410 39 423 -1 429 -64 423 -116 435 -187 474 -224 487 -266 500 -292 500 -292 500 500 460 419 457 358 457 317 457 271 453 230 450 140 443 92 446 39 453 -12 460 -73 460 -100 463 -175 467 -257 484 -298 494 -344 498 -201 463 500 437 420 441 369 441 333 441 296 437 273 434 179 427 150 427 88 437 62 437 2 441 -24 441 -76 448 -156 476 -190 487 -218 498 0 0 0 0 0 0 0 0 0 0 0 0 0 0 0 0 0 0 0 0 0 0 0 0 0 0 0 0 0 0 0 0 0 0 0 0 0 0 0 0 0 0 0 0 0 0 
1 0 0 0 0 0 
499 324 499 324 460 337 414 350 359 356 291 350 230 356 189 363 114 388 76 407 64 414 -10 433 -36 439 -91 439 -159 452 -195 458 -230 477 -276 496 -289 496 -335 490 -351 477 438 -57 499 414 499 414 462 411 419 414 368 411 301 408 243 408 205 414 134 421 87 435 78 438 8 455 -12 452 -59 455 -128 459 -168 472 -209 482 -238 493 -261 493 -295 499 -310 489 499 410 450 417 411 424 348 424 268 420 205 424 162 427 65 437 37 444 25 447 -67 461 -95 464 -160 468 -229 471 -266 478 -305 484 -357 494 -369 498 -439 494 0 0 0 0 0 0 0 0 0 0 0 0 0 0 0 0 0 0 0 0 0 0 0 0 0 0 
1 0 0 0 0 0 
499 434 499 434 485 423 480 423 469 413 456 413 445 402 380 402 343 402 285 402 212 445 158 467 110 478 12 500 -19 489 -54 489 -136 456 -149 456 -183 434 -239 402 -280 369 -310 358 -317 347 -325 336 500 470 487 457 487 457 475 453 462 449 446 445 395 445 345 441 285 445 189 478 150 491 81 500 -31 500 -31 500 -68 495 -159 474 -180 466 -217 453 -263 441 -308 428 -336 415 -339 415 499 464 499 464 499 464 499 464 499 464 453 466 402 466 338 466 263 483 222 488 135 491 41 494 41 494 -14 500 -103 486 -135 480 -168 472 -215 466 -252 458 -279 447 0 0 0 0 0 0 0 0 0 0 0 0 0 0 0 0 0 0 
1 0 0 0 0 0 
499 443 499 443 474 456 436 475 412 487 364 487 364 487 353 493 341 493 326 493 259 493 224 500 123 493 48 443 -21 418 -46 418 -126 418 -175 412 -212 406 -235 400 -283 400 -319 393 -323 393 -327 387 500 471 500 471 500 471 500 471 500 471 358 490 348 498 170 490 91 486 -44 464 -44 464 -170 471 -243 464 -302 456 -331 456 -386 456 -427 449 500 466 483 466 439 473 413 473 369 476 357 476 344 476 313 491 313 491 242 498 214 498 94 498 25 480 -51 469 -51 469 -136 473 -197 462 -222 459 -246 455 -288 466 -308 466 -308 466 0 0 0 0 0 0 0 0 0 0 0 0 0 0 0 0 0 0 0 0 0 0 0 0 
1 0 0 0 0 0 
499 80 499 80 452 107 407 130 342 147 273 174 236 192 191 224 131 251 64 282 31 295 -25 318 -108 390 -118 394 -166 426 -197 443 -251 457 -291 488 -315 497 -325 497 -325 497 500 212 455 224 413 240 350 255 289 270 249 276 198 310 130 340 80 358 58 358 2 379 -60 431 -78 434 -108 437 -153 455 -184 471 -230 492 -240 495 -249 498 -249 498 499 263 439 277 364 290 273 312 255 312 192 331 113 361 64 366 28 377 -33 394 -90 418 -131 440 -195 459 -233 467 -292 486 -327 494 -352 500 -363 500 0 0 0 0 0 0 0 0 0 0 0 0 0 0 0 0 0 0 0 0 0 0 0 0 0 0 0 0 0 0 0 0 
1 0 0 0 0 0 
500 306 500 306 453 295 422 295 372 301 337 306 276 329 220 363 154 420 102 437 62 443 39 443 -27 460 -111 465 -170 471 -238 471 -260 477 -292 494 -312 500 -316 500 -316 500 499 353 439 357 417 360 360 371 330 378 269 391 216 412 150 443 106 460 61 460 40 460 -15 467 -79 474 -124 477 -191 487 -212 494 -240 498 -247 498 500 374 453 380 383 389 358 392 287 404 220 432 153 450 81 466 34 472 -10 475 -49 475 -136 487 -190 490 -293 496 -311 500 -337 500 0 0 0 0 0 0 0 0 0 0 0 0 0 0 0 0 0 0 0 0 0 0 0 0 0 0 0 0 0 0 0 0 0 0 0 0 0 0 0 0 
1 0 0 0 0 0 
499 479 499 479 454 451 428 430 408 409 399 402 389 388 331 354 280 326 216 333 150 354 95 375 60 381 21 388 -17 402 -84 444 -104 458 -184 493 -216 493 -270 500 -298 493 -323 472 -323 472 -326 465 -326 465 499 430 499 430 484 422 476 422 459 422 346 392 300 392 201 407 141 418 65 430 -3 441 -29 441 -77 456 -154 475 -185 479 -280 486 -305 498 -367 494 -423 483 -436 475 500 472 427 446 409 439 390 431 381 428 371 424 314 409 262 398 188 405 140 413 73 424 51 428 12 435 -38 446 -87 461 -126 468 -175 483 -202 487 -266 494 -288 494 -297 498 -449 453 -449 453 0 0 0 0 0 0 0 0 0 0 0 0 0 0 
1 0 0 0 0 0 
500 180 500 180 439 168 388 180 349 192 305 216 231 259 184 301 164 319 106 349 49 379 36 385 -24 397 -64 415 -117 439 -175 451 -234 475 -264 481 -291 500 -291 500 -314 463 -316 445 499 300 420 300 360 307 343 311 302 330 240 361 193 376 151 406 134 414 66 441 42 444 1 452 -32 456 -79 475 -139 467 -187 482 -208 498 -241 498 -241 498 -247 490 499 308 431 318 388 334 340 350 272 366 214 383 173 392 108 415 78 418 37 422 -25 441 -84 454 -133 464 -202 470 -239 477 -302 500 -313 500 0 0 0 0 0 0 0 0 0 0 0 0 0 0 0 0 0 0 0 0 0 0 0 0 0 0 0 0 0 0 0 0 
1 0 0 0 0 0 
499 175 499 175 499 175 487 184 438 211 397 220 336 211 322 211 309 207 295 207 270 211 213 234 151 270 106 297 21 337 -55 369 -100 396 -100 396 -168 441 -202 454 -263 500 -279 500 -290 486 -290 486 500 272 479 281 469 284 415 293 373 287 319 287 308 287 298 290 287 287 252 296 198 311 158 338 105 362 36 395 -33 410 -78 428 -78 428 -139 452 -163 467 -205 497 -224 500 499 317 499 317 499 317 499 317 421 331 347 347 292 361 216 375 104 399 -23 434 -33 437 -74 451 -115 461 -195 483 -248 500 0 0 0 0 0 0 0 0 0 0 0 0 0 0 0 0 0 0 0 0 0 0 0 0 0 0 0 0 0 0 
1 0 0 0 0 0 
500 200 455 230 407 249 386 260 342 278 320 293 281 312 243 334 182 353 137 368 66 394 41 408 -24 423 -137 438 -171 449 -212 460 -236 475 -306 498 -385 494 499 -256 499 -256 460 -218 423 -200 403 -188 362 -162 341 -147 307 -132 266 -116 214 -90 182 -75 113 -49 89 -37 23 -26 -66 -11 -106 0 -139 15 -178 33 -224 52 -301 49 -419 498 453 -262 500 218 500 218 449 244 408 259 390 266 354 284 332 299 283 321 262 328 201 354 164 364 101 390 79 397 19 408 -75 423 -94 430 -142 452 -160 467 -217 492 -273 500 -281 496 -281 496 0 0 0 0 0 0 0 0 0 0 0 0 0 0 0 0 0 0 0 0 0 0 0 0 
1 0 0 0 0 0 
-117 500 -275 313 -248 296 -210 280 -186 268 -116 260 -65 264 9 256 89 272 111 264 168 264 231 276 253 280 331 292 377 304 389 308 410 308 431 308 431 308 469 313 477 317 489 317 499 317 -286 106 -233 498 -219 486 -172 455 -143 434 -90 431 -34 419 24 419 84 419 93 425 190 422 249 428 265 434 329 446 372 455 383 462 406 465 436 446 436 446 466 468 469 468 475 468 499 474 499 474 -147 485 -147 485 -109 461 -60 449 -14 441 43 437 113 437 165 445 193 437 277 449 295 453 320 453 395 473 442 477 442 477 459 485 482 481 490 481 499 497 499 497 0 0 0 0 0 0 0 0 0 0 0 0 0 0 0 0 
0 1 0 0 0 0 
-241 491 -167 463 -106 418 -35 374 -27 363 46 284 75 296 92 273 207 284 218 268 301 335 333 335 382 385 422 418 443 435 484 497 486 497 496 491 499 491 -240 498 -240 498 -175 474 -103 444 -47 390 -31 393 55 360 75 357 121 342 184 342 245 351 292 351 339 402 369 423 410 441 446 453 468 462 471 465 492 483 499 492 499 492 -135 500 -67 462 -23 424 31 386 42 378 114 336 133 323 156 310 259 310 275 306 358 344 389 357 442 386 480 403 499 390 499 390 0 0 0 0 0 0 0 0 0 0 0 0 0 0 0 0 0 0 0 0 0 0 0 0 0 0 0 0 0 0 0 0 0 0 0 0 0 0 
0 1 0 0 0 0 
-262 407 -250 407 -222 400 -141 389 -90 378 -59 374 -28 367 3 363 34 360 99 360 132 363 163 367 193 370 224 374 275 381 305 389 337 400 364 407 409 425 454 458 483 483 499 498 -232 -83 -194 -79 -183 -79 -150 -79 -97 -90 -47 -111 -17 -119 10 -122 40 -129 72 -133 132 -129 162 -126 194 -115 224 -108 253 -97 302 -86 329 -75 358 -61 384 -54 422 -39 460 -21 492 -3 499 7 469 498 -262 442 -262 442 -222 450 -211 450 -184 447 -127 432 -88 424 -59 416 -30 411 -2 406 27 401 86 401 118 404 149 406 186 409 217 409 255 414 286 416 312 421 339 427 376 437 418 455 473 480 484 488 497 498 499 498 0 0 0 0 0 0 
0 1 0 0 0 0 
-141 356 -200 80 -200 80 -172 77 -126 74 -114 74 -103 71 -103 71 -94 71 -85 68 -64 77 -40 71 -31 71 25 80 41 86 84 92 121 102 148 102 182 114 239 133 252 133 305 136 356 130 370 136 419 170 423 173 430 176 432 179 435 179 440 182 499 498 499 498 -144 361 -144 361 -56 221 -66 398 -66 398 -66 398 -12 249 -13 280 -13 280 71 233 71 233 71 233 155 230 169 242 211 252 230 267 259 264 293 283 332 286 349 286 416 295 441 302 475 308 500 330 500 330 497 398 496 426 491 467 490 498 -71 221 -34 227 -34 227 -34 227 -26 358 -13 364 -13 364 62 398 74 414 108 429 141 451 162 457 195 457 237 464 
0 1 0 0 0 0 
-308 186 -308 186 -273 212 -264 216 -260 220 -245 223 -235 227 -168 216 -110 227 -91 212 -5 500 34 496 59 496 16 223 89 223 128 235 185 238 251 242 324 227 372 220 426 231 482 268 487 261 491 250 499 205 -307 481 -292 484 -277 492 -267 495 -258 495 -237 498 -218 498 -171 492 -106 456 -83 462 -87 25 -56 39 -48 33 25 470 102 464 128 473 172 478 254 481 325 473 370 476 401 473 450 467 450 467 450 467 483 459 500 445 -151 500 -151 500 -151 500 -151 500 -151 500 -65 482 -31 467 -21 464 79 474 155 478 196 496 250 496 327 482 367 485 432 474 470 471 499 456 0 0 0 0 0 0 0 0 0 0 0 0 0 0 
0 1 0 0 0 0 
-364 310 -304 345 -268 375 -196 425 -156 460 -130 470 -35 500 -9 495 26 490 115 465 138 460 150 455 171 440 223 440 236 425 287 400 304 385 347 360 396 335 434 310 466 300 492 290 500 290 -322 427 -322 427 -256 448 -224 454 -157 465 -127 480 -73 465 -9 477 14 498 63 486 164 451 179 459 211 445 224 448 246 448 266 442 314 439 332 439 373 433 408 424 447 418 488 412 500 409 500 409 476 -32 483 -32 -269 403 -205 431 -174 439 -119 463 -83 475 -61 483 32 495 66 500 91 500 176 479 200 479 200 479 249 467 268 459 283 447 324 431 339 407 380 395 433 379 456 375 499 379 0 0 0 0 0 0 0 0 0 0 
0 1 0 0 0 0 
497 498 -375 452 -375 452 -328 458 -277 470 -277 470 -269 464 -247 458 -236 470 -223 464 -211 464 -147 470 -100 458 -55 464 -3 452 -3 452 60 464 135 500 143 494 199 494 263 482 314 494 364 476 384 470 409 476 454 464 454 464 494 428 500 422 -248 266 -228 266 -180 263 -221 435 -221 435 -221 435 -221 435 -221 435 -196 456 -107 483 -56 479 -18 476 1 483 35 469 114 486 180 493 187 496 235 496 307 493 352 496 425 493 439 500 463 493 499 489 -362 457 -322 470 -322 470 -201 274 -175 274 -140 281 -131 278 -131 278 -122 281 -66 281 -8 278 30 274 48 278 80 274 139 268 213 271 220 271 273 268 328 268 385 274 442 274 448 285 
0 1 0 0 0 0 
-314 385 -286 400 -267 403 -236 414 -193 437 -175 451 -113 459 -97 462 -60 459 6 500 57 496 112 492 172 485 225 496 281 459 308 462 339 462 425 444 441 437 494 433 499 429 -315 497 -414 167 -386 188 -345 221 -326 230 -289 255 -267 259 -213 288 -177 309 -161 301 -67 322 -48 317 47 330 72 309 161 322 184 301 209 305 273 305 334 297 348 280 389 263 447 267 463 255 479 242 500 238 -415 -15 -412 403 -393 415 -375 427 -350 433 -293 448 -275 457 -215 472 -207 478 -157 478 -102 487 -48 496 15 500 60 490 120 493 175 484 204 472 228 475 309 460 325 460 365 457 393 460 442 466 461 466 484 463 500 33 500 33 0 0 0 0 
0 1 0 0 0 0 
498 498 498 498 -256 407 -243 415 -222 426 -159 454 -116 462 -116 462 -121 233 -121 233 -121 233 -121 233 -121 233 -121 233 5 225 54 312 53 268 85 284 92 272 133 498 175 229 222 245 267 237 301 252 332 221 465 454 465 454 478 438 483 426 499 415 -235 227 -353 401 -339 405 -283 433 -228 449 -191 471 -156 474 -156 474 -125 481 -103 484 -74 477 -52 484 -44 487 127 303 134 287 134 287 192 306 192 306 192 306 213 496 213 496 286 500 298 496 357 484 394 490 404 481 437 471 447 465 455 462 455 462 464 458 473 37 485 28 499 15 499 15 -365 -12 -349 -6 -311 6 -254 28 -203 40 -203 40 -82 266 -82 266 -82 266 -4 288 
0 1 0 0 0 0 
-323 306 -258 310 -235 315 -189 331 -126 348 -65 378 -40 390 20 428 50 436 101 457 150 478 206 487 246 478 323 495 369 495 411 495 450 500 462 500 495 491 500 495 -296 395 -296 395 -234 392 -198 387 -157 401 -113 415 -40 440 -19 449 39 457 53 466 105 480 157 483 231 497 252 500 339 494 384 494 413 500 460 491 469 497 500 497 500 497 496 166 496 166 -203 348 -156 348 -119 359 -87 365 -29 385 28 419 59 439 93 442 102 453 172 473 209 476 283 479 303 483 380 496 409 496 450 500 483 496 496 496 500 489 0 0 0 0 0 0 0 0 0 0 0 0 0 0 0 0 0 0 0 0 0 0 0 0 0 0 
0 1 0 0 0 0 
500 500 -284 108 -284 108 -240 117 -180 120 -108 126 -34 120 30 123 126 105 150 108 202 99 250 93 324 93 315 481 327 481 351 500 426 493 499 84 -207 483 -207 483 -207 483 -172 500 -119 500 -55 493 0 500 65 493 167 483 176 483 228 480 292 463 334 446 286 153 316 153 369 146 421 146 425 146 429 143 500 423 473 146 473 146 -367 477 -367 477 -367 477 -333 494 -277 500 -238 497 -162 494 -126 494 -53 494 4 486 55 480 102 472 167 458 174 455 320 281 343 276 400 270 439 265 443 265 448 267 413 386 500 262 500 262 500 262 0 0 0 0 0 0 0 0 0 0 0 0 0 0 0 0 0 0 0 0 0 0 
0 1 0 0 0 0 
-273 497 -273 497 -251 342 -186 348 -146 359 -77 353 -37 359 19 359 104 320 158 325 218 309 257 325 326 309 343 287 343 287 406 259 441 248 458 237 458 237 500 243 -327 446 -327 446 -223 485 -194 496 -154 489 -94 499 -41 499 15 492 82 489 135 478 202 475 236 475 317 464 356 460 365 460 409 450 438 446 470 443 470 443 491 450 495 -21 499 -17 -224 450 -186 450 -108 469 -71 478 -8 497 30 492 77 478 164 436 215 455 273 450 307 436 375 417 389 403 389 403 446 380 487 375 499 347 0 0 0 0 0 0 0 0 0 0 0 0 0 0 0 0 0 0 0 0 0 0 0 0 0 0 0 0 0 0 0 0 
0 1 0 0 0 0 
-350 325 -350 325 -304 386 -264 416 -226 439 -198 462 -150 492 -120 500 -90 500 -59 500 -29 484 2 469 30 462 61 446 97 416 111 393 157 318 180 272 209 242 232 219 280 181 322 159 334 151 377 136 392 121 435 98 465 83 469 83 494 68 500 60 -356 418 -307 449 -265 464 -236 475 -206 483 -144 498 -113 498 -81 498 -48 490 -20 486 14 475 45 471 71 460 102 452 119 441 168 396 198 377 223 358 248 350 290 335 335 320 345 316 390 309 402 301 445 290 471 283 475 279 499 267 -264 473 -223 481 -193 486 -161 491 -83 498 -55 496 -25 493 5 488 33 481 63 473 95 468 125 461 156 451 200 441 247 421 271 408 296 396 
0 1 0 0 0 0 
-361 458 -319 439 -294 434 -239 434 -191 444 -108 449 -56 444 -5 458 5 458 66 478 151 483 200 492 229 492 259 497 306 497 341 487 362 483 408 473 435 473 435 473 468 458 499 444 -191 457 -197 477 -104 416 -69 433 -13 436 51 436 120 443 111 470 167 470 261 484 291 494 320 498 383 494 406 494 430 491 439 498 500 488 500 488 -344 487 -344 487 -300 475 -273 469 -211 466 -174 466 -110 462 -46 466 -6 466 4 469 68 475 163 481 212 487 229 500 267 493 295 500 342 487 358 490 401 484 409 484 409 484 461 484 494 481 499 481 499 481 0 0 0 0 0 0 0 0 0 0 0 0 0 0 0 0 0 0 0 0 
0 1 0 0 0 0 
-291 492 -291 492 -241 488 -174 473 -53 466 74 463 116 466 162 476 255 470 306 482 376 476 438 492 457 498 500 488 500 488 500 488 -310 220 -263 194 -193 180 -86 173 30 166 87 166 153 194 192 187 281 209 321 194 363 198 403 216 500 498 -203 469 -141 462 -104 462 10 458 120 447 201 447 222 458 304 454 362 469 408 469 476 498 499 498 0 0 0 0 0 0 0 0 0 0 0 0 0 0 0 0 0 0 0 0 0 0 0 0 0 0 0 0 0 0 0 0 0 0 0 0 0 0 0 0 0 0 0 0 0 0 0 0 0 0 0 0 0 0 0 0 0 0 0 0 0 0 0 0 0 0 0 0 
0 1 0 0 0 0 
425 -381 456 -239 465 -153 469 -92 472 -2 476 105 479 168 493 440 495 458 500 500 500 500 478 -368 478 -368 476 -227 478 -161 480 -96 482 15 482 104 484 163 499 434 499 441 493 484 493 484 495 500 391 -211 421 -137 444 -77 467 30 470 129 476 200 482 476 482 476 500 500 0 0 0 0 0 0 0 0 0 0 0 0 0 0 0 0 0 0 0 0 0 0 0 0 0 0 0 0 0 0 0 0 0 0 0 0 0 0 0 0 0 0 0 0 0 0 0 0 0 0 0 0 0 0 0 0 0 0 0 0 0 0 0 0 0 0 0 0 0 0 0 0 0 0 0 0 0 0 0 0 0 0 0 0 
0 0 1 0 0 0 
436 -386 436 -386 443 -312 452 -203 461 -131 469 -50 478 87 481 124 487 209 490 296 493 388 495 436 499 500 499 500 158 -377 182 -301 200 -195 211 -119 219 -39 246 114 248 154 255 208 271 334 282 425 305 492 309 498 500 496 389 -406 397 -358 426 -228 451 -143 458 -84 479 67 479 67 485 191 487 230 489 376 493 452 500 500 0 0 0 0 0 0 0 0 0 0 0 0 0 0 0 0 0 0 0 0 0 0 0 0 0 0 0 0 0 0 0 0 0 0 0 0 0 0 0 0 0 0 0 0 0 0 0 0 0 0 0 0 0 0 0 0 0 0 0 0 0 0 0 0 0 0 0 0 0 0 0 0 
0 0 1 0 0 0 
328 -341 385 -251 392 -217 417 -17 422 44 434 161 484 292 484 339 498 498 110 -313 146 -190 146 -157 182 13 192 111 201 192 209 296 216 381 224 491 500 500 401 -331 401 -331 416 -223 424 -166 438 -8 455 107 461 155 475 252 485 331 496 447 498 482 499 500 0 0 0 0 0 0 0 0 0 0 0 0 0 0 0 0 0 0 0 0 0 0 0 0 0 0 0 0 0 0 0 0 0 0 0 0 0 0 0 0 0 0 0 0 0 0 0 0 0 0 0 0 0 0 0 0 0 0 0 0 0 0 0 0 0 0 0 0 0 0 0 0 0 0 0 0 0 0 0 0 0 0 0 0 0 0 0 0 
0 0 1 0 0 0 
500 -481 500 -481 490 -421 477 -369 473 -312 470 -294 468 -274 468 -274 468 -241 468 -241 465 -167 465 -127 465 -105 465 -83 480 48 490 131 497 235 497 254 497 254 497 342 490 395 477 487 475 498 404 43 404 43 404 43 401 269 401 269 401 269 425 300 475 371 496 440 500 498 500 -370 487 -325 461 -239 461 -209 461 -209 461 -209 461 -209 461 -209 459 -137 450 -18 454 -4 454 -4 454 27 395 383 387 476 398 485 398 485 485 386 485 458 481 498 0 0 0 0 0 0 0 0 0 0 0 0 0 0 0 0 0 0 0 0 0 0 0 0 0 0 0 0 0 0 0 0 0 0 0 0 0 0 0 0 0 0 0 0 
0 0 1 0 0 0 
493 268 493 268 493 268 493 268 500 498 500 498 500 498 499 -405 265 -481 265 -481 265 -481 263 -435 265 -361 267 -312 269 -150 271 -111 273 -13 273 -13 273 27 274 46 278 136 280 178 282 268 282 268 278 379 276 414 271 465 269 500 476 -408 474 -387 474 -360 474 -320 474 -251 466 -204 463 -56 466 -17 476 51 487 159 487 159 487 159 490 204 500 322 500 322 500 322 496 455 496 461 494 499 0 0 0 0 0 0 0 0 0 0 0 0 0 0 0 0 0 0 0 0 0 0 0 0 0 0 0 0 0 0 0 0 0 0 0 0 0 0 0 0 0 0 0 0 0 0 0 0 0 0 0 0 0 0 0 0 
0 0 1 0 0 0 
500 -54 500 -54 500 -54 489 176 489 176 487 321 483 500 498 -480 498 -480 498 -480 498 -480 470 -389 468 -369 468 -369 468 -369 463 -352 454 -251 451 -201 449 -39 447 27 435 162 435 162 426 278 402 413 386 500 500 -461 500 -461 496 -441 496 -434 485 -355 474 -300 474 -300 474 -300 474 -300 474 -300 435 -97 440 -88 447 -2 447 97 438 223 438 223 426 373 426 425 419 500 179 423 0 0 0 0 0 0 0 0 0 0 0 0 0 0 0 0 0 0 0 0 0 0 0 0 0 0 0 0 0 0 0 0 0 0 0 0 0 0 0 0 0 0 0 0 0 0 0 0 0 0 0 0 0 0 0 0 0 0 0 0 
0 0 1 0 0 0 
405 -350 432 -319 464 -253 464 -253 478 -114 485 -28 489 83 489 147 491 224 493 321 497 444 500 499 467 -335 467 -335 469 -315 476 -261 480 -244 486 -106 488 -8 492 93 499 154 499 226 497 309 499 427 497 479 325 498 89 -321 89 -321 92 -295 111 -213 115 -200 120 -58 123 41 127 131 130 218 130 280 137 371 179 498 179 498 499 490 499 494 0 0 0 0 0 0 0 0 0 0 0 0 0 0 0 0 0 0 0 0 0 0 0 0 0 0 0 0 0 0 0 0 0 0 0 0 0 0 0 0 0 0 0 0 0 0 0 0 0 0 0 0 0 0 0 0 0 0 0 0 0 0 0 0 0 0 0 0 
0 0 1 0 0 0 
478 -282 478 -282 478 -282 478 -282 478 -282 483 -144 488 0 483 144 485 282 496 447 498 500 466 -160 464 -127 466 -118 466 -118 468 -112 468 -79 473 30 475 112 475 217 477 340 493 470 499 476 387 298 392 371 410 498 444 -336 444 -336 444 -312 448 -305 450 -298 452 -290 452 -281 463 -175 465 -101 465 8 465 156 471 213 483 296 483 296 497 439 497 485 499 498 0 0 0 0 0 0 0 0 0 0 0 0 0 0 0 0 0 0 0 0 0 0 0 0 0 0 0 0 0 0 0 0 0 0 0 0 0 0 0 0 0 0 0 0 0 0 0 0 0 0 0 0 0 0 0 0 0 0 0 0 0 0 0 0 
0 0 1 0 0 0 
497 -461 497 -461 497 -461 497 -461 497 -423 497 -304 497 -304 497 -304 497 -142 493 -101 495 -27 497 104 500 260 497 321 479 472 479 472 474 500 346 -171 346 -138 340 -47 416 -21 416 -21 416 -21 416 -21 416 -21 494 228 498 315 496 367 478 498 499 -318 345 -217 487 -261 487 -261 485 -204 315 17 313 26 313 26 309 80 313 115 341 289 337 396 347 420 307 498 471 424 0 0 0 0 0 0 0 0 0 0 0 0 0 0 0 0 0 0 0 0 0 0 0 0 0 0 0 0 0 0 0 0 0 0 0 0 0 0 0 0 0 0 0 0 0 0 0 0 0 0 0 0 0 0 0 0 0 0 0 0 0 0 
0 0 1 0 0 0 
463 -475 463 -475 472 -417 482 -338 484 -318 484 -298 489 -262 491 -201 494 -161 494 -141 498 38 496 125 491 217 491 217 489 239 479 343 474 419 477 499 477 499 491 7 491 7 497 125 497 125 500 146 500 364 500 498 500 498 493 -345 491 -305 491 -234 491 -234 491 -234 491 -234 495 -106 497 -11 499 22 495 152 495 278 495 278 495 278 495 345 493 438 491 488 491 500 0 0 0 0 0 0 0 0 0 0 0 0 0 0 0 0 0 0 0 0 0 0 0 0 0 0 0 0 0 0 0 0 0 0 0 0 0 0 0 0 0 0 0 0 0 0 0 0 0 0 0 0 0 0 0 0 0 0 0 0 0 0 
0 0 1 0 0 0 
498 -81 498 -81 478 61 478 131 478 246 478 364 480 498 471 -328 473 -305 477 -283 488 -159 488 -79 484 -22 496 50 496 121 494 272 498 301 295 332 297 403 297 498 362 -182 381 -193 383 -174 383 -174 385 -165 396 -24 404 85 402 134 408 187 408 270 408 409 417 455 475 442 496 469 498 499 297 493 0 0 0 0 0 0 0 0 0 0 0 0 0 0 0 0 0 0 0 0 0 0 0 0 0 0 0 0 0 0 0 0 0 0 0 0 0 0 0 0 0 0 0 0 0 0 0 0 0 0 0 0 0 0 0 0 0 0 0 0 0 0 0 0 0 0 0 0 0 0 0 0 0 0 0 0 0 0 
0 0 1 0 0 0 
446 6 456 51 474 162 484 347 500 498 500 498 499 -295 497 -266 492 -145 487 124 492 277 492 324 492 379 497 498 449 -304 449 -304 455 -250 463 -152 467 17 472 167 476 226 474 245 480 369 480 389 494 473 498 500 0 0 0 0 0 0 0 0 0 0 0 0 0 0 0 0 0 0 0 0 0 0 0 0 0 0 0 0 0 0 0 0 0 0 0 0 0 0 0 0 0 0 0 0 0 0 0 0 0 0 0 0 0 0 0 0 0 0 0 0 0 0 0 0 0 0 0 0 0 0 0 0 0 0 0 0 0 0 0 0 0 0 0 0 0 0 0 0 0 0 0 0 0 0 0 0 0 0 
0 0 1 0 0 0 
500 500 475 -113 475 -113 459 -13 459 -13 459 -13 457 11 454 38 498 52 438 209 438 209 438 209 438 229 440 340 429 500 429 500 499 -414 294 -479 294 -479 266 -434 258 -416 247 -389 238 -364 230 -334 229 -314 221 -276 221 -253 212 -169 212 -124 206 -79 206 -36 204 -18 204 0 195 131 195 223 193 273 193 273 188 398 186 500 186 500 499 -416 482 -381 469 -337 463 -321 463 -321 463 -321 441 -182 441 -169 441 -169 432 -99 430 -83 430 -83 389 55 389 55 392 72 402 114 400 204 398 288 398 288 398 288 394 466 391 499 0 0 0 0 0 0 0 0 0 0 0 0 0 0 0 0 0 0 0 0 0 0 0 0 0 0 
0 0 1 0 0 0 
466 -474 466 -474 466 -474 436 -323 423 -229 423 -137 436 -12 456 102 469 153 498 321 498 321 488 415 469 500 422 -171 422 -171 412 -23 414 -9 417 220 445 264 471 341 500 371 492 498 498 -419 498 -419 489 -389 479 -324 453 -186 446 -152 437 -59 444 36 489 232 489 239 489 308 489 308 494 458 494 499 206 419 206 419 0 0 0 0 0 0 0 0 0 0 0 0 0 0 0 0 0 0 0 0 0 0 0 0 0 0 0 0 0 0 0 0 0 0 0 0 0 0 0 0 0 0 0 0 0 0 0 0 0 0 0 0 0 0 0 0 0 0 0 0 0 0 0 0 0 0 0 0 0 0 0 0 0 0 
0 0 1 0 0 0 
468 -481 482 -428 495 -318 500 -200 500 -152 482 -182 464 -160 444 -35 444 2 433 135 428 195 411 348 411 348 404 441 404 441 406 458 413 498 376 60 376 85 368 253 368 287 358 386 354 433 364 467 498 440 500 498 500 -45 500 -19 496 162 492 200 484 315 482 357 482 498 0 0 0 0 0 0 0 0 0 0 0 0 0 0 0 0 0 0 0 0 0 0 0 0 0 0 0 0 0 0 0 0 0 0 0 0 0 0 0 0 0 0 0 0 0 0 0 0 0 0 0 0 0 0 0 0 0 0 0 0 0 0 0 0 0 0 0 0 0 0 0 0 0 0 0 0 0 0 0 0 0 0 0 0 
0 0 1 0 0 0 
498 499 498 499 498 499 498 467 487 313 477 283 477 283 444 82 444 82 444 82 442 14 437 -64 433 -129 500 500 457 408 455 393 452 378 452 369 450 325 450 275 446 144 442 68 442 38 442 38 438 -103 438 -142 435 -174 438 -227 435 -316 444 -366 446 -369 350 -79 348 -139 346 -165 500 499 500 499 488 458 486 449 484 405 482 388 480 359 479 315 475 208 473 145 471 123 471 123 469 33 469 -14 469 -14 465 -118 465 -155 465 -213 463 -233 463 -233 463 -330 465 -368 0 0 0 0 0 0 0 0 0 0 0 0 0 0 0 0 0 0 0 0 0 0 0 0 0 0 0 0 0 0 0 0 0 0 0 0 0 0 
0 0 0 1 0 0 
493 496 493 496 493 496 498 48 498 48 495 499 495 460 498 407 492 148 492 117 492 117 489 92 489 0 487 -127 500 500 482 461 452 417 433 359 420 277 412 171 423 74 440 -12 450 -86 452 -103 452 -224 452 -224 452 -224 452 -224 461 -330 470 -388 232 -246 232 -246 0 0 0 0 0 0 0 0 0 0 0 0 0 0 0 0 0 0 0 0 0 0 0 0 0 0 0 0 0 0 0 0 0 0 0 0 0 0 0 0 0 0 0 0 0 0 0 0 0 0 0 0 0 0 0 0 0 0 0 0 0 0 0 0 0 0 0 0 0 0 0 0 0 0 0 0 0 0 0 0 0 0 0 0 0 0 
0 0 0 1 0 0 
500 500 462 406 434 317 428 278 422 189 415 93 415 50 409 -86 407 -175 407 -269 405 -406 411 -420 499 500 499 500 473 397 466 329 460 285 453 200 446 119 441 49 429 -72 423 -158 418 -240 413 -343 411 -378 411 -394 416 -436 167 498 167 498 164 427 162 321 158 288 154 227 150 119 150 82 144 -45 140 -127 137 -236 108 -344 94 -386 94 -386 88 -429 498 -442 500 -446 0 0 0 0 0 0 0 0 0 0 0 0 0 0 0 0 0 0 0 0 0 0 0 0 0 0 0 0 0 0 0 0 0 0 0 0 0 0 0 0 0 0 0 0 0 0 0 0 0 0 0 0 0 0 0 0 0 0 0 0 0 0 
0 0 0 1 0 0 
408 498 495 342 495 342 495 342 495 245 491 60 495 -36 495 -143 500 -250 500 -295 500 -415 121 500 121 500 121 500 125 465 141 380 147 325 156 247 167 140 172 42 174 -75 174 -145 174 -250 176 -292 180 -435 180 -435 500 -442 500 -442 299 498 315 496 436 459 450 395 466 355 479 313 486 279 495 165 497 64 497 -34 499 -155 499 -232 497 -306 491 -412 490 -432 0 0 0 0 0 0 0 0 0 0 0 0 0 0 0 0 0 0 0 0 0 0 0 0 0 0 0 0 0 0 0 0 0 0 0 0 0 0 0 0 0 0 0 0 0 0 0 0 0 0 0 0 0 0 0 0 0 0 0 0 0 0 0 0 
0 0 0 1 0 0 
108 500 108 500 123 344 127 194 128 77 130 15 136 -160 136 -160 136 -160 151 -295 499 -445 499 -445 499 498 499 498 486 346 486 164 486 52 482 -12 486 -92 479 -127 479 -127 475 -211 498 500 482 330 473 191 473 93 469 34 457 -132 457 -132 0 0 0 0 0 0 0 0 0 0 0 0 0 0 0 0 0 0 0 0 0 0 0 0 0 0 0 0 0 0 0 0 0 0 0 0 0 0 0 0 0 0 0 0 0 0 0 0 0 0 0 0 0 0 0 0 0 0 0 0 0 0 0 0 0 0 0 0 0 0 0 0 0 0 0 0 0 0 0 0 0 0 0 0 0 0 0 0 0 0 0 0 
0 0 0 1 0 0 
500 498 500 498 500 498 500 498 472 457 451 389 440 332 434 288 429 196 421 47 421 23 467 498 467 498 459 470 457 455 453 429 417 352 417 352 417 352 417 352 433 253 493 94 493 94 493 94 493 94 493 66 497 -107 497 -189 499 -214 361 -202 357 -301 247 500 247 471 245 459 245 446 247 411 259 264 263 210 265 182 265 182 267 163 275 28 275 28 275 -25 279 -97 277 -119 279 -216 285 -355 289 -411 499 -301 495 -386 348 -386 346 -408 0 0 0 0 0 0 0 0 0 0 0 0 0 0 0 0 0 0 0 0 0 0 0 0 0 0 0 0 0 0 0 0 0 0 0 0 0 0 0 0 0 0 0 0 
0 0 0 1 0 0 
251 500 251 471 257 391 268 240 280 118 287 -92 289 -208 295 -362 500 -285 500 -314 420 -451 481 498 481 498 481 450 483 309 487 202 493 45 495 -72 499 -176 0 0 0 0 0 0 0 0 0 0 0 0 0 0 0 0 0 0 0 0 0 0 0 0 0 0 0 0 0 0 0 0 0 0 0 0 0 0 0 0 0 0 0 0 0 0 0 0 0 0 0 0 0 0 0 0 0 0 0 0 0 0 0 0 0 0 0 0 0 0 0 0 0 0 0 0 0 0 0 0 0 0 0 0 0 0 0 0 0 0 0 0 0 0 0 0 0 0 0 0 0 0 0 0 0 0 0 0 0 0 0 0 
0 0 0 1 0 0 
400 500 400 500 404 355 407 253 409 163 407 54 407 54 407 -134 407 -166 404 -471 411 -471 500 -201 495 -205 468 -358 461 -381 498 500 498 500 498 500 500 500 481 477 455 430 415 356 421 311 425 232 425 178 425 118 353 -12 369 -133 387 -269 0 0 0 0 0 0 0 0 0 0 0 0 0 0 0 0 0 0 0 0 0 0 0 0 0 0 0 0 0 0 0 0 0 0 0 0 0 0 0 0 0 0 0 0 0 0 0 0 0 0 0 0 0 0 0 0 0 0 0 0 0 0 0 0 0 0 0 0 0 0 0 0 0 0 0 0 0 0 0 0 0 0 0 0 0 0 0 0 0 0 0 0 
0 0 0 1 0 0 
483 499 483 418 489 306 493 231 493 187 497 77 497 -52 500 -96 500 -255 500 -339 493 -442 398 500 416 436 463 315 476 250 481 211 489 93 494 -33 494 -72 497 -216 500 -302 492 -404 479 -461 458 500 458 500 458 415 470 313 477 239 480 180 477 71 478 -41 478 -97 482 -252 480 -306 487 -382 495 -430 499 -456 0 0 0 0 0 0 0 0 0 0 0 0 0 0 0 0 0 0 0 0 0 0 0 0 0 0 0 0 0 0 0 0 0 0 0 0 0 0 0 0 0 0 0 0 0 0 0 0 0 0 0 0 0 0 0 0 0 0 0 0 0 0 0 0 0 0 0 0 0 0 0 0 0 0 0 0 
0 0 0 1 0 0 
490 498 490 498 473 416 472 339 472 248 470 154 466 55 466 -36 464 -154 477 -289 485 -351 500 -450 306 -390 306 -407 500 500 500 500 490 408 490 307 488 262 486 144 481 39 484 -43 490 -196 488 -240 486 -375 0 0 0 0 0 0 0 0 0 0 0 0 0 0 0 0 0 0 0 0 0 0 0 0 0 0 0 0 0 0 0 0 0 0 0 0 0 0 0 0 0 0 0 0 0 0 0 0 0 0 0 0 0 0 0 0 0 0 0 0 0 0 0 0 0 0 0 0 0 0 0 0 0 0 0 0 0 0 0 0 0 0 0 0 0 0 0 0 0 0 0 0 0 0 0 0 0 0 0 0 
0 0 0 1 0 0 
475 498 475 498 485 208 485 154 487 15 489 -135 489 -290 497 -425 500 -441 482 498 456 365 475 287 480 226 487 65 489 22 491 -63 492 -158 492 -267 494 -371 494 -390 494 -390 500 -448 94 499 94 499 103 360 105 306 107 238 114 77 114 38 122 -38 124 -148 124 -253 121 -356 117 -437 117 -437 112 -463 500 -450 500 -450 0 0 0 0 0 0 0 0 0 0 0 0 0 0 0 0 0 0 0 0 0 0 0 0 0 0 0 0 0 0 0 0 0 0 0 0 0 0 0 0 0 0 0 0 0 0 0 0 0 0 0 0 0 0 0 0 0 0 0 0 0 0 0 0 0 0 0 0 0 0 0 0 0 0 
0 0 0 1 0 0 
404 500 406 473 420 298 420 298 420 298 497 104 495 86 495 86 491 -5 491 -26 495 -201 499 -316 499 -316 500 500 152 459 158 437 167 296 154 178 154 178 133 22 133 22 127 -15 124 -55 122 -72 122 -233 127 -301 127 -301 449 -439 449 -439 500 500 498 472 491 324 491 324 255 5 255 5 255 5 255 5 257 -42 257 -261 257 -281 0 0 0 0 0 0 0 0 0 0 0 0 0 0 0 0 0 0 0 0 0 0 0 0 0 0 0 0 0 0 0 0 0 0 0 0 0 0 0 0 0 0 0 0 0 0 0 0 0 0 0 0 0 0 0 0 0 0 0 0 0 0 0 0 0 0 0 0 0 0 
0 0 0 1 0 0 
384 498 490 153 490 127 486 26 498 -111 364 -479 137 500 137 500 141 454 141 454 156 315 158 241 177 150 184 89 188 52 192 -34 196 -97 196 -97 177 -300 196 -415 181 -447 179 -458 179 -458 500 -454 500 -454 294 498 333 494 452 425 448 399 439 330 439 239 476 151 494 90 500 56 487 -71 474 -172 474 -172 457 -263 457 -373 457 -390 463 -427 465 -442 0 0 0 0 0 0 0 0 0 0 0 0 0 0 0 0 0 0 0 0 0 0 0 0 0 0 0 0 0 0 0 0 0 0 0 0 0 0 0 0 0 0 0 0 0 0 0 0 0 0 0 0 0 0 0 0 0 0 0 0 0 0 0 0 0 0 
0 0 0 1 0 0 
270 498 270 498 305 335 316 272 320 219 324 194 330 84 343 -137 351 -226 378 -346 498 -77 500 -162 500 -190 500 -293 345 -371 347 -395 489 498 489 498 487 466 487 231 491 180 498 76 424 498 447 409 463 343 468 304 472 285 482 199 496 11 498 -16 500 -138 341 -77 343 -127 343 -152 343 -254 0 0 0 0 0 0 0 0 0 0 0 0 0 0 0 0 0 0 0 0 0 0 0 0 0 0 0 0 0 0 0 0 0 0 0 0 0 0 0 0 0 0 0 0 0 0 0 0 0 0 0 0 0 0 0 0 0 0 0 0 0 0 0 0 0 0 0 0 0 0 0 0 0 0 0 0 0 0 0 0 
0 0 0 1 0 0 
312 498 312 498 312 384 313 320 315 151 315 19 315 -71 315 -176 312 -243 310 -339 296 -459 500 -446 500 -446 75 -434 73 -441 500 500 500 500 463 361 458 307 456 150 454 21 454 -69 452 -159 450 -240 448 -319 465 -435 62 -414 58 -428 457 498 485 359 492 294 492 148 498 17 495 -34 495 -118 485 -202 479 -283 464 -393 0 0 0 0 0 0 0 0 0 0 0 0 0 0 0 0 0 0 0 0 0 0 0 0 0 0 0 0 0 0 0 0 0 0 0 0 0 0 0 0 0 0 0 0 0 0 0 0 0 0 0 0 0 0 0 0 0 0 0 0 0 0 0 0 0 0 0 0 0 0 0 0 0 0 
0 0 0 1 0 0 
498 498 -157 211 -157 189 -147 152 -137 122 -130 109 -117 85 -93 45 -93 45 -10 -34 47 -69 78 -82 132 -96 221 -80 249 -76 295 -54 342 -30 392 21 417 45 453 115 485 170 499 235 469 377 446 425 402 480 402 480 269 305 251 316 206 334 151 340 47 314 26 500 -41 408 -77 318 -107 244 -115 172 -120 98 -123 43 -120 -13 -120 -13 -120 -13 -71 -113 -71 -113 -71 -113 -51 -142 37 -260 90 -281 141 -286 194 -297 263 -276 292 -268 325 -253 393 -201 429 -144 445 -124 488 -20 497 49 500 116 467 304 444 366 389 441 315 498 121 498 -147 219 -170 142 -196 36 -199 -7 -202 -100 -203 -191 -179 -126 -179 -126 -179 -126 -179 -126 -157 -164 -131 -202 
0 0 0 0 1 0 
-188 40 -143 -93 -121 -166 -75 -234 -61 -256 -3 -324 10 -342 118 -390 149 -405 217 -415 277 -400 356 -365 424 -312 439 -274 498 -136 500 -78 496 -35 469 47 441 153 395 244 381 274 371 302 311 375 260 420 388 455 305 498 246 496 168 476 104 435 -27 410 -37 403 -43 392 -114 322 -145 264 -174 186 -191 90 -194 47 -200 -25 -208 -83 -217 -163 -78 -148 -78 -148 -129 244 -129 244 -95 127 -74 72 -26 0 -20 -6 27 -72 49 -99 121 -129 180 -143 233 -145 305 -138 368 -125 428 -59 455 -28 486 66 499 105 497 167 484 251 469 312 437 378 405 447 396 442 358 499 353 495 223 306 152 341 89 345 17 330 -29 310 20 480 20 480 20 480 
0 0 0 0 1 0 
-244 98 -244 98 -216 -30 -196 -96 -162 -174 -130 -217 -98 -278 -49 -321 9 -354 35 -372 154 -397 191 -402 239 -402 303 -389 392 -346 448 -296 468 -250 497 -134 499 2 488 58 468 162 432 243 401 306 358 362 288 432 419 468 352 491 291 498 279 498 223 493 127 475 118 478 57 445 -86 415 -86 415 -127 384 -175 316 -207 255 -242 141 -251 68 -256 -48 -258 -103 -258 -187 -186 300 -186 300 -163 186 -147 128 -123 73 -89 15 -63 -17 -17 -62 37 -97 61 -113 159 -137 199 -137 247 -137 321 -126 397 -80 443 -51 468 -13 495 100 500 193 491 255 471 351 443 415 412 471 392 500 380 488 236 320 183 337 125 346 113 346 65 346 -14 335 -40 326 
0 0 0 0 1 0 
-199 316 -199 316 -199 286 -191 192 -167 122 -139 52 -90 -24 -69 -50 -26 -87 59 -124 118 -126 154 -117 248 -87 270 -65 270 -65 317 -19 346 24 499 -78 398 104 408 159 408 159 413 183 416 220 419 259 417 283 407 403 401 449 383 486 383 486 377 493 454 425 454 425 426 449 372 462 338 500 306 480 288 469 210 469 169 454 141 451 47 340 50 358 -53 240 -101 161 -86 189 -86 189 -197 377 -199 362 -199 338 -202 327 -237 248 -254 163 -254 157 -227 37 -219 24 -81 228 -82 193 -67 70 -49 32 -22 -82 28 -150 58 -188 94 -213 165 -236 195 -243 281 -228 336 -206 336 -206 336 -206 346 -268 350 -268 360 -251 392 -185 392 -185 466 -20 
0 0 0 0 1 0 
-72 227 -72 227 -30 28 -17 37 51 -26 122 -80 148 -87 216 -96 327 -76 327 -76 375 -54 418 -13 443 28 490 100 494 120 499 172 476 291 464 321 464 321 445 374 424 413 406 450 406 450 360 498 360 498 324 253 225 284 171 288 138 277 80 266 -10 229 -66 166 -67 164 -116 56 -137 -87 -148 -207 -144 -214 -145 -271 -128 -341 -134 -374 -131 -391 -43 -245 -43 -245 1 109 1 109 30 -48 41 -82 115 -169 178 -218 205 -230 254 -237 318 -225 350 -208 400 -162 437 -123 456 -87 490 -9 496 26 499 92 494 133 494 133 494 133 444 303 422 342 422 342 405 361 394 390 394 390 286 475 189 499 137 499 119 499 56 466 8 441 -15 417 
0 0 0 0 1 0 
497 500 -207 -43 -210 -70 -210 -70 -211 -92 -213 -122 -210 -166 -182 -291 -176 -307 -171 -321 -161 -332 -124 -362 -43 -419 -43 -419 -14 -419 32 -427 45 -430 152 -405 176 -400 236 -378 315 -343 328 -335 399 -275 454 -198 474 -158 474 -158 500 -13 495 65 491 84 478 125 478 125 411 267 406 280 377 329 341 381 270 463 215 485 137 498 80 493 55 482 42 474 29 468 29 468 29 468 -48 386 -48 386 -71 351 -77 340 -93 291 -103 239 -103 239 -132 152 -144 111 -145 106 -147 95 -148 87 -158 16 -163 -10 -238 80 -124 8 -124 8 -238 23 -238 23 -232 -26 -97 -163 -75 -180 -62 -191 -62 -191 -33 -183 -33 -183 -33 -183 -33 -183 -33 -183 104 -163 104 -163 
0 0 0 0 1 0 
-192 183 -192 183 -191 42 -184 -30 -178 -63 -124 -169 -121 -176 -115 -191 -64 -412 -64 -412 52 -301 201 -316 308 -313 323 -346 357 -408 366 -431 374 -433 389 -426 425 -375 431 -363 431 -363 494 -193 497 -155 499 -73 489 42 489 42 449 179 443 202 395 278 368 332 331 365 331 365 331 365 243 431 211 457 151 488 103 500 49 497 -20 455 -60 396 -86 341 -106 299 -114 271 -115 259 -172 84 -172 84 -203 -73 -204 -87 -220 -132 -226 -148 -235 -174 -238 -186 -243 -198 -244 -207 -66 85 -66 -49 -66 -101 -68 -107 1 -251 69 -312 322 -226 322 -226 387 -157 392 -152 400 -134 467 -8 467 -8 467 -8 470 38 475 206 470 289 499 379 465 478 453 498 387 487 
0 0 0 0 1 0 
499 495 -226 155 -226 155 -229 88 -228 25 -216 -38 -215 -56 -212 -71 -210 -86 -207 -99 -204 -112 -143 -443 -136 -448 -40 -266 -40 -266 -40 -266 -40 -266 -40 -266 -40 -266 -40 -266 46 -318 53 -320 117 -322 186 -296 267 -287 265 -255 319 -448 319 -448 364 -383 383 -41 383 -41 390 -2 390 -2 395 28 405 47 450 153 462 229 468 357 457 461 457 461 421 491 500 491 414 311 405 318 345 339 292 346 218 346 167 335 8 500 8 500 -135 411 -180 352 -202 307 -228 255 -251 207 -260 168 -268 75 -270 30 -264 -17 -264 -17 -197 -285 -197 -287 -111 -59 -111 -59 -111 -59 -111 -59 -111 -59 -111 -59 -139 -115 -139 -123 -139 -129 -139 -129 252 -180 357 -29 371 -24 
0 0 0 0 1 0 
-22 56 -22 56 -43 4 -34 -25 -15 -79 30 -152 123 -243 39 -416 39 -416 146 -455 184 -430 267 -394 338 -348 398 -284 462 -179 478 -154 493 -86 500 13 492 109 413 277 477 478 477 478 421 482 374 489 315 498 277 494 234 492 119 460 81 444 -45 337 -45 337 -99 287 -116 261 -158 205 -178 154 -196 68 -197 -4 -199 -86 -199 -152 -203 -175 -194 -92 -194 -115 -180 -153 -143 -266 -107 -305 -18 -402 54 -151 54 -151 164 -140 260 -106 300 -72 367 0 433 58 436 106 473 194 499 276 450 414 407 500 33 429 22 418 -19 382 -26 375 -74 287 -80 280 -108 167 -112 85 -111 6 -111 -40 -181 193 -181 193 -177 142 -169 97 -143 26 -96 -69 -56 -106 
0 0 0 0 1 0 
-71 -72 -71 -72 -71 -72 -71 -72 74 -226 437 -226 500 -126 500 -126 500 -126 484 -165 484 -85 482 75 479 121 423 289 414 296 269 386 251 384 154 498 154 498 154 498 140 498 122 491 6 391 -14 396 -57 313 -140 9 -143 -4 -159 -72 -162 -107 -171 -177 -175 44 -177 12 -177 0 -171 -14 -166 -29 -134 -334 -126 -342 -3 -226 -3 -226 -3 -226 131 -327 136 -329 131 -316 210 -319 239 -312 361 -340 361 -340 377 -387 377 -387 407 -357 407 -44 405 -21 407 -10 416 64 416 64 481 192 496 218 499 224 408 381 416 387 334 477 334 477 334 477 285 460 285 460 112 498 112 498 77 492 55 479 22 475 -4 456 -74 408 -98 364 -160 308 -164 299 
0 0 0 0 1 0 
500 500 -228 455 -228 455 -228 455 -200 329 -186 262 -120 128 -64 28 -32 -17 54 -110 84 -128 140 -151 214 -159 320 -128 366 -84 405 -43 450 51 467 118 499 203 499 203 499 203 482 408 460 498 397 282 378 336 327 365 327 365 314 388 220 444 220 444 122 449 56 437 9 419 -20 411 -95 370 -95 370 -162 311 -203 257 -241 195 -292 41 -305 -33 -286 -159 -276 -205 -270 -228 -270 -228 -225 32 -214 -93 -202 -155 -150 -255 -83 -348 -41 -385 28 -445 52 -461 96 -458 186 -467 241 -454 318 -396 377 -326 387 -290 393 -255 393 -255 445 -69 499 60 497 205 390 69 431 313 383 324 377 344 373 350 337 374 1 437 1 437 -34 454 -117 500 -163 450 
0 0 0 0 1 0 
-194 152 -194 152 -182 104 -129 32 -108 15 -17 -37 22 -45 90 -58 139 -63 152 -61 249 -52 315 -28 344 -13 412 39 454 84 485 161 500 248 500 272 500 318 498 335 495 350 462 459 444 485 432 498 432 498 438 498 457 444 457 444 352 435 343 431 302 446 239 459 177 433 150 429 129 422 122 418 111 409 -51 152 -51 152 -59 137 -76 93 -106 -8 -114 -76 -118 -104 -114 -200 -113 -291 -108 -315 -108 -315 -33 -128 -33 -128 -104 48 -94 13 -32 -71 -2 -95 55 -122 115 -133 166 -137 190 -137 223 -137 299 -124 341 -108 384 -77 438 -31 468 33 499 128 485 113 485 113 455 126 455 126 434 135 359 242 359 242 422 417 422 417 422 417 
0 0 0 0 1 0 
4 219 2 138 5 119 23 61 38 20 108 -83 67 -56 71 -49 279 -210 388 -233 413 -228 435 -226 492 -273 396 -63 419 -38 457 38 461 72 475 153 483 242 478 348 470 400 463 488 500 475 498 497 491 500 289 459 -21 171 -46 58 -65 -9 -65 -9 500 500 -122 -52 -122 -52 -122 -52 -122 -52 -11 -279 73 -23 159 -47 159 -47 247 -42 289 7 430 -110 430 -110 443 -79 483 65 496 147 500 208 493 343 476 424 461 498 461 498 -229 324 -235 277 -154 315 -154 315 -152 256 -152 239 -79 86 -79 86 -59 39 146 -191 158 -204 157 -408 269 -415 281 -428 334 -417 358 -413 446 -282 450 -304 474 -267 478 -245 493 -186 499 -115 495 15 488 43 
0 0 0 0 1 0 
-62 72 -60 51 -43 -49 -10 -94 -10 -94 26 -143 79 -404 85 -407 89 -411 118 -407 118 -407 128 -407 137 -411 176 -409 279 -404 429 -169 429 -169 429 -169 429 -169 429 -169 429 -169 491 -14 491 -14 499 91 475 268 475 268 334 207 334 207 361 465 361 465 268 496 234 498 234 498 165 491 155 491 58 468 10 440 -71 383 -116 322 -143 268 -179 103 -179 103 -188 -7 -188 -58 -188 -58 -188 -89 -187 -105 -187 -105 -182 -155 -182 -155 -182 -155 -141 68 -141 68 -141 68 -101 8 -11 -95 14 -99 25 -101 25 -101 125 -128 125 -128 125 -128 125 -128 139 -130 249 -113 311 -84 344 -82 344 -82 365 -64 367 -48 382 0 432 82 435 93 499 -113 467 50 
0 0 0 0 1 0 
-87 -160 -87 -160 -87 -160 442 -197 459 -157 500 368 500 381 470 434 450 485 10 498 10 498 -83 490 -83 490 -156 269 -171 96 -169 72 -168 42 -206 -315 -206 -315 -206 -315 -88 -205 -88 -205 -132 -412 -132 -412 -88 -205 400 -108 400 -108 400 -108 497 -9 497 -9 488 131 499 161 495 246 446 87 421 129 364 195 348 232 269 264 262 269 190 276 103 274 103 499 90 497 8 364 5 251 -84 179 -84 357 -134 278 -134 278 -134 278 -134 278 -134 278 -221 -25 -255 -170 -253 -232 -255 -253 -169 -29 -167 -52 -191 4 -183 -17 -159 -100 -154 -116 -132 -138 -126 -136 -126 -136 -90 -214 -133 -416 -27 -315 -27 -315 -27 -315 -27 -315 81 -366 98 -384 142 -400 213 -418 
0 0 0 0 1 0 
497 500 -189 154 -189 154 -188 187 -24 129 -9 183 -9 183 -9 183 10 276 10 276 60 359 109 408 136 448 172 471 182 474 242 500 285 490 323 476 391 415 411 382 461 314 465 305 465 305 474 234 485 190 499 86 493 7 418 -215 336 -387 338 -366 323 -335 267 -335 207 -338 157 -330 107 -316 -15 -427 34 -281 16 -255 -104 -406 -163 -230 -165 -227 -130 -30 -122 0 -122 7 -122 21 -122 21 -52 -152 -45 -104 -84 255 -84 255 -84 255 -84 255 -84 255 14 401 68 462 91 486 154 486 347 500 347 500 412 419 417 408 417 408 500 288 500 288 500 288 498 235 492 109 428 -76 3 -174 -54 -131 -136 -17 -133 -126 -133 -126 -133 -126 1 201 
0 0 0 0 0 1 
-77 122 -77 122 -78 271 -73 351 -62 406 -62 406 -13 491 -10 500 -10 500 143 406 156 428 163 433 137 335 219 346 242 342 289 302 308 282 374 193 429 93 451 73 457 24 457 24 466 -13 466 -13 476 -40 478 -84 478 -84 483 -117 494 -211 489 -308 479 -360 479 -360 478 -373 478 -373 500 -346 500 -346 491 -357 466 -391 412 -428 388 -446 330 -468 286 -471 220 -468 144 -437 65 -400 4 -355 -65 -286 -184 -322 -121 -151 -125 -137 -135 -68 -194 -108 -194 -108 -194 -108 -194 -108 -130 4 -125 17 -99 60 -96 68 -45 -49 -54 -8 23 391 37 432 52 484 56 498 56 498 27 430 448 389 454 328 469 282 469 282 481 246 485 197 485 197 492 164 
0 0 0 0 0 1 
499 498 30 -49 23 -24 12 67 15 110 49 222 81 289 102 307 125 476 193 370 295 460 295 460 307 498 387 422 455 323 455 -47 455 -47 455 -47 499 -202 485 -256 463 -316 448 -364 391 -447 352 -465 360 -456 49 -364 44 -361 -21 -278 -32 -251 -60 -177 -89 -107 -114 -15 -115 11 -123 83 4 -57 -95 121 -101 143 -117 233 -107 282 -80 377 -44 454 -20 483 -1 498 -7 273 -7 273 7 282 120 322 117 317 314 350 314 350 314 350 439 222 484 154 499 121 499 121 480 143 475 114 471 33 468 -37 433 -101 408 -152 355 -205 301 -258 301 -258 214 -304 168 -313 76 -302 36 -282 -69 -189 -71 -187 -114 -121 -129 -88 -161 -8 -182 39 -195 103 
0 0 0 0 0 1 
-245 299 -245 299 -245 299 -245 299 -245 299 -245 299 -181 500 -121 301 -100 326 434 408 434 408 499 -121 348 -59 280 -79 248 -91 162 -106 96 -111 -1 -89 -44 -76 -175 116 -175 116 -175 116 -175 116 -187 207 -189 225 -184 9 -157 99 -154 106 -154 106 -147 155 -143 207 -147 209 -151 270 -12 395 -165 410 -123 483 -123 483 -80 252 -7 431 40 354 201 498 201 498 201 498 233 343 397 182 479 327 479 327 456 22 482 -45 500 -124 500 -155 486 -227 467 -277 450 -306 400 -358 390 -99 390 -99 399 -313 335 -234 291 -237 213 -237 143 -243 23 -126 0 -126 -17 -112 -95 -69 -95 -69 -100 -45 -100 -45 -100 -45 -97 -33 -94 -11 -88 51 -88 69 -174 173 
0 0 0 0 0 1 
-175 -84 -176 220 -156 272 -104 266 -104 266 -112 199 -71 279 -71 279 147 495 154 500 181 495 258 422 258 422 381 412 381 412 492 321 492 321 499 291 467 240 463 178 460 89 406 -43 397 -61 336 -410 336 -410 308 -431 225 -440 153 -444 62 -447 -32 -463 -120 -355 -183 -286 -226 -247 -256 -178 -286 -126 -312 -52 -312 -52 -272 284 -272 284 -60 89 -175 -51 -170 7 -170 7 -123 487 0 366 71 500 71 500 23 443 23 443 54 448 151 452 282 423 301 383 353 294 353 294 406 155 448 7 451 -54 468 -146 500 -170 404 -284 396 -27 329 -121 300 -153 209 -217 162 -225 56 -200 -20 -136 -79 -79 -153 12 -170 49 -220 143 -239 195 -257 274 -260 311 
0 0 0 0 0 1 
499 421 -97 499 -140 200 -140 200 -130 270 -130 270 36 279 75 333 165 396 169 398 169 398 213 423 213 450 246 500 286 166 286 166 327 90 327 90 388 313 500 29 400 -159 398 -182 382 -326 356 -396 342 -427 334 -443 327 -448 328 -439 327 -434 275 -414 218 -405 185 -391 100 -349 23 -299 -26 -216 -84 -150 -104 -81 -104 -81 -204 182 -207 218 -207 218 -239 360 -239 360 0 28 3 70 -60 389 22 498 112 463 112 463 333 358 333 358 359 339 368 385 368 385 368 385 461 231 428 -32 481 83 500 -4 458 -50 440 -122 432 -150 432 -150 36 -472 36 -472 -109 -387 -132 -339 -185 -266 -236 -146 -243 -113 -126 28 -126 28 -157 5 -157 5 -134 199 
0 0 0 0 0 1 
500 500 -246 87 -201 272 -83 399 -70 421 1 500 1 500 170 408 170 408 170 408 170 408 302 368 303 354 355 332 355 332 433 250 465 205 496 136 499 91 450 64 443 53 433 29 399 -78 358 -122 358 -122 308 -174 305 -325 305 -325 305 -325 305 -325 -35 -316 -185 -191 -185 -191 -185 -53 -213 129 -213 129 -213 129 -185 143 -207 -29 -207 -18 -95 316 24 500 29 500 42 424 52 410 95 408 95 408 127 402 156 408 175 397 197 378 251 340 314 289 330 248 378 170 391 105 407 29 429 -40 498 67 498 54 500 37 497 -54 400 -262 409 -243 337 -370 337 -370 299 -400 298 -383 233 -429 233 -429 222 -413 169 -410 169 -410 62 -200 99 -310 
0 0 0 0 0 1 
-100 -90 -100 -90 -116 -75 -132 -45 -137 -32 -140 -17 -144 -2 -146 17 -146 17 -147 97 -139 146 -139 146 -130 215 -130 215 -114 244 -86 293 -81 306 -81 306 -67 339 -45 358 -22 380 -5 399 -5 399 19 425 46 447 69 468 95 485 95 485 130 492 274 498 274 498 321 498 344 498 358 498 370 494 386 485 480 410 480 408 480 408 481 399 481 393 481 393 499 282 490 161 474 84 438 28 417 -2 386 -45 386 -45 365 -58 344 -71 280 -105 280 -105 234 -123 217 -125 201 -127 161 -127 111 -123 48 -110 3 -90 -41 -69 -81 -36 -104 -19 -104 -19 -114 -10 -123 -2 -139 21 -177 71 -177 71 -191 90 -203 116 -215 144 -220 157 -233 198 -125 -60 
0 0 0 0 0 1 
500 500 -75 -17 -76 2 -72 33 -61 132 -61 132 -61 132 -55 143 -29 165 -29 165 -72 499 -72 499 155 390 155 390 155 390 173 408 173 408 198 414 242 401 242 401 400 82 400 82 400 82 488 -38 488 -38 498 -112 500 -204 485 -286 416 -405 413 -358 413 -358 386 -329 288 -354 264 -358 229 -363 123 -343 88 -329 13 -300 -13 -260 -111 -318 -69 -134 -76 -91 -80 -65 -88 -2 -80 143 -80 143 -80 143 -153 -40 -153 -40 -153 -40 -54 365 -54 365 -54 365 43 498 43 498 62 434 62 434 90 424 237 304 291 496 291 496 316 482 305 485 422 381 422 381 422 381 464 285 497 154 499 101 499 50 474 -66 426 -170 421 -178 -216 18 -263 400 
0 0 0 0 0 1 
499 500 -96 75 -96 75 -92 123 -116 175 -137 241 -134 253 -93 321 -29 386 -23 391 -23 391 57 452 60 442 267 500 267 500 267 500 288 482 288 482 303 203 320 168 339 158 339 158 349 138 349 138 359 87 476 110 476 110 474 97 490 80 499 25 499 25 499 25 462 -140 464 -155 461 -178 416 -226 405 -251 355 -314 293 -331 274 -356 213 -374 160 -356 117 -356 117 -356 95 -354 62 -341 43 -324 43 -324 -75 -221 -76 -208 -104 -135 -148 -32 -156 32 -162 85 -166 168 -160 258 -151 309 -151 309 -189 -137 -23 265 -23 265 -23 265 21 341 85 388 85 388 206 483 206 483 245 494 251 498 440 238 440 238 497 164 394 321 394 321 394 321 
0 0 0 0 0 1 
499 500 -134 -44 -134 -44 -130 101 -111 201 -84 276 -63 326 -3 404 12 422 89 477 137 493 194 498 299 464 342 433 342 433 377 407 393 381 421 321 481 227 485 190 485 190 486 169 493 125 499 28 497 2 497 2 495 -52 495 -70 462 -211 425 -281 366 -349 342 -375 264 -425 197 -438 107 -422 37 -383 37 -383 -40 -342 -116 -276 -151 -221 -192 -169 -222 -96 -223 -78 -167 284 -167 284 -45 49 -33 203 -1 347 4 368 36 430 74 488 372 498 392 475 407 454 410 449 418 425 458 352 458 352 416 433 416 433 416 433 416 433 499 135 499 135 499 135 499 135 369 39 349 10 309 -73 268 -86 192 -104 131 -107 108 -107 48 -83 -25 -31 
0 0 0 0 0 1 
-190 -57 -190 -57 -142 97 -113 163 -68 246 6 358 16 375 77 429 125 467 155 484 192 495 248 498 329 472 393 398 438 318 455 283 455 283 467 252 467 252 472 237 476 214 479 191 490 126 499 -11 493 -108 455 -286 443 -315 384 -395 369 -421 316 -438 270 -446 196 -418 196 -418 196 -418 149 -415 34 -452 -33 -429 -92 -372 -119 -312 -119 -312 -163 -191 -189 -103 -199 22 -201 37 -202 51 -204 57 499 500 -35 245 -36 254 1 300 88 405 91 423 142 453 156 462 231 495 275 500 317 500 387 479 447 425 467 384 500 331 440 370 440 370 440 370 440 370 440 370 440 370 440 319 440 173 436 62 399 -57 394 -64 331 -131 331 -131 230 -210 
0 0 0 0 0 1 
499 500 -107 31 -104 60 -33 213 119 417 122 427 197 485 231 499 323 480 335 458 275 220 429 383 431 373 500 228 500 228 463 160 461 138 449 -33 402 -116 402 -116 397 -126 392 -138 387 -145 387 -145 327 -216 328 -252 328 -252 10 -415 -15 -427 -124 -405 -36 -174 -216 -123 -234 -21 -238 26 -259 -20 -249 87 -205 203 -130 6 -76 100 10 199 45 214 105 232 181 219 252 223 227 498 283 163 294 134 371 -2 384 -42 500 156 481 131 472 107 418 -165 418 -165 416 -335 437 -102 406 -373 401 -389 391 -442 391 -442 386 -445 383 -445 347 -445 349 -422 349 -409 349 -409 242 -306 147 -340 142 -340 116 -331 59 -284 -120 -413 -137 -393 -189 -270 -203 154 
0 0 0 0 0 1 
-130 -124 -136 62 -133 90 -127 131 -65 251 -64 255 -64 255 79 334 162 478 162 500 102 349 184 330 225 301 245 272 363 248 332 136 452 200 448 188 489 153 499 7 379 -205 401 -23 401 -23 314 -342 294 -363 267 -418 276 -129 276 -129 139 -196 139 -196 73 -186 16 -150 -40 -107 -61 -81 -108 -31 -133 21 -177 93 -188 138 -262 -78 -266 -62 -279 35 -279 50 -279 50 30 -20 24 152 24 170 38 229 81 301 103 332 103 332 235 417 235 438 262 474 313 498 332 492 433 386 441 35 441 35 464 -15 475 -224 500 -53 500 -53 316 -444 306 -449 204 -471 186 -474 77 -467 3 -433 -29 -384 -56 -375 -84 -352 -134 -303 -183 -184 -230 -121 -112 58 
0 0 0 0 0 1 
-105 197 -105 197 -95 287 -70 402 -15 481 1 498 98 465 135 305 135 305 135 305 217 276 250 268 250 268 270 252 290 232 322 224 322 224 438 63 446 46 461 -10 491 -59 500 -109 491 -235 466 -316 453 -353 397 -430 329 -472 270 -457 153 -463 65 -476 -78 -378 -117 -327 -160 -265 -168 -248 -227 -125 -227 -125 -259 4 -85 10 -85 10 -135 162 -135 162 8 103 16 237 29 336 91 438 116 460 174 492 174 492 220 500 366 460 366 460 388 450 403 425 430 413 430 413 438 418 419 500 438 462 487 326 499 254 499 215 493 74 474 -22 448 -64 401 -138 359 -173 240 -212 153 -200 58 -148 -40 -44 -83 22 -95 49 -145 138 -174 225 -175 264 
0 0 0 0 0 1 
