-57 -78 -29 -165 44 -322 48 -322 264 -375 292 -362 410 -217 417 -212 421 -207 442 -146 442 -146 470 -65 490 435 494 430 495 488 500 498 -62 464 -65 441 -93 224 -95 126 -91 53 -91 37 -91 37 -75 -20 -16 -133 -7 -143 -75 -457 -75 -457 83 -351 100 -381 136 -404 182 -414 214 -398 233 -166 233 -166 236 -363 236 -363 253 -325 270 -280 403 73 403 73 463 113 497 217 500 260 492 330 483 353 364 361 360 391 500 499 500 499 -119 500 -130 263 -133 158 -133 135 -225 -250 -225 -250 -183 -355 -129 -454 -87 -461 41 -350 72 -360 126 -479 126 -479 340 -89 340 -89 340 -89 340 -89 278 -268 284 -243 341 -38 347 20 350 68 354 158 467 486 499 392 
0 0 0 0 0 0 1 0 0 0 
500 498 -216 300 -227 185 -228 91 -221 -9 -210 -53 -185 -187 -139 -284 -103 -338 -72 -377 -25 -429 -15 -443 10 -453 89 -467 126 -450 157 -420 187 -387 204 -368 219 -340 255 -272 277 -206 294 -157 333 -32 333 -16 338 25 479 176 484 192 493 276 498 401 500 408 498 478 492 500 -70 419 -76 299 -79 190 -72 91 -69 179 -37 114 5 10 35 -59 81 -109 103 -117 134 -130 157 -135 235 -138 256 -130 300 -117 339 -57 346 -46 376 -13 400 72 437 182 443 197 460 283 460 283 473 250 492 445 492 445 499 500 -70 498 -70 498 -73 350 -74 320 -72 228 -59 -80 -36 -163 3 -252 41 -313 78 -352 112 -374 141 -396 172 -440 252 -429 269 -416 304 -385 
0 0 0 0 0 0 1 0 0 0 
499 500 499 500 499 500 -254 410 -254 410 -258 385 -259 377 -259 377 -268 342 -276 277 -274 259 -274 259 -272 219 -271 196 -268 173 -265 156 -262 118 -259 95 -258 75 -255 55 -255 55 -254 37 -252 17 -249 -2 -247 -45 -244 -65 -238 -110 -238 -110 -214 -198 -188 -309 -141 -415 -125 -458 -95 -471 63 -231 67 -234 71 -236 111 -246 129 -249 184 -241 99 -488 131 -471 131 -471 131 -471 329 -120 329 -120 348 -70 392 -20 412 27 466 196 489 335 499 385 375 171 376 188 382 279 387 362 387 435 380 488 373 498 373 498 -123 500 -128 402 -128 402 -128 402 -125 304 -125 304 -125 304 -118 215 -118 215 -118 215 -118 215 -88 102 -88 102 -88 102 -88 102 -60 -257 
0 0 0 0 0 0 1 0 0 0 
-132 425 -133 401 -134 387 -138 239 -128 137 -122 82 -89 -82 -85 -101 -76 -148 -67 -178 -53 -222 -31 -285 0 -343 39 -425 69 -447 113 -461 147 -461 217 -434 225 -420 263 -365 270 -357 276 -343 231 -291 269 -148 269 -148 269 -148 269 -148 269 -148 500 500 500 500 500 500 500 500 500 500 500 500 500 500 -281 342 -281 342 -283 302 -285 280 -290 168 -280 84 -268 14 -268 14 -251 -79 -240 -143 -236 -176 -221 -208 -209 -240 -199 -280 -174 -339 -144 -406 -117 -449 -83 -471 -36 -483 -2 -486 60 -476 68 -473 111 -429 129 -409 139 -392 300 -71 305 -64 330 -272 330 -272 355 -200 384 -148 387 -138 378 -138 373 -131 373 -131 370 -129 318 -37 318 -22 327 52 327 52 
0 0 0 0 0 0 1 0 0 0 
-204 436 -204 436 -206 376 -208 324 -211 262 -211 194 -208 129 -204 59 -204 59 -188 -57 -183 -72 -167 -116 -157 -153 -141 -223 -141 -223 -97 -314 -87 -337 -74 -361 -16 -438 36 -470 96 -477 145 -480 215 -467 236 -454 255 -431 309 -366 355 -293 370 -267 386 -225 431 -122 450 -46 450 -46 456 -10 457 7 462 28 473 70 473 70 486 158 492 218 499 322 498 345 495 405 483 464 476 498 -114 500 -114 500 -114 500 -116 439 -112 369 -109 323 -84 173 -84 173 -84 173 -76 132 -71 113 -11 -275 -11 -275 5 -301 65 -374 128 -463 161 -463 225 -446 267 -405 286 -384 308 -364 341 -330 390 -251 395 -239 419 -178 448 -86 464 -36 471 4 477 24 483 57 483 57 
0 0 0 0 0 0 1 0 0 0 
-78 498 -226 483 -227 434 -228 317 -228 288 -228 262 -228 239 -228 239 -227 212 -226 189 -226 166 -224 145 -219 64 -217 20 -212 0 -205 -23 -202 -40 -198 -64 -179 -163 -175 -177 -161 -253 -154 -271 -147 -285 -139 -294 -132 -309 -104 -399 -78 -448 -52 -469 -49 -469 -39 -472 4 -478 53 -483 72 -483 80 -483 123 -475 149 -440 193 -364 208 -314 253 -215 263 -177 267 -160 408 -75 406 -69 432 34 332 72 332 72 332 72 332 72 335 128 341 204 346 294 346 364 500 419 500 419 -81 298 -82 242 -85 156 -85 135 -85 135 -85 116 -84 97 -82 81 -82 67 -81 48 -81 48 -72 -9 -63 -62 -61 -79 -58 -93 -54 -109 -51 -125 -35 -200 -29 -216 -9 -261 -1 -286 
0 0 0 0 0 0 1 0 0 0 
-50 54 -50 54 -50 54 -50 54 -50 54 -50 54 94 -202 94 -202 94 -202 94 -202 94 -202 251 -436 268 -445 311 -439 422 -303 476 -124 496 8 499 280 459 500 -58 430 -56 392 -56 300 -54 202 -45 123 -28 0 -25 -20 -19 -66 -16 -84 -14 -97 -11 -112 -8 -125 -5 -143 -19 -153 -22 -153 -22 -153 -26 -156 -26 -156 30 -235 51 -266 88 -300 90 -300 136 -312 146 -315 135 -253 170 -443 330 -243 330 -243 330 -243 278 -392 312 -346 431 -92 332 -294 341 -253 346 -241 487 48 497 166 391 -5 394 17 394 66 500 405 494 500 355 387 -192 124 -192 124 -189 64 -188 -22 -188 -108 -184 -166 -170 -279 -164 -310 -154 -343 -154 -343 -146 -370 -146 -370 -142 -383 
0 0 0 0 0 0 1 0 0 0 
-121 329 -121 329 -121 329 -124 301 -128 280 -131 184 -135 103 -135 -20 -116 -176 -116 -176 -116 -176 -99 -244 -94 -259 -89 -275 -86 -290 -83 -303 -49 -342 -49 -342 -28 -428 -25 -433 -21 -438 33 -436 164 -298 177 -309 220 -345 249 -361 305 -358 388 -285 406 -246 412 -231 471 -114 471 -114 433 -145 433 -140 433 -132 473 23 473 23 487 93 494 135 495 153 499 215 494 350 494 350 494 350 470 449 449 498 -127 496 -10 387 -150 432 -150 432 -154 385 -159 305 -158 171 -153 106 -153 106 -35 -20 -5 -126 -5 -126 -5 -126 -5 -126 -5 -126 -5 -126 -5 -126 29 -191 47 -224 66 -256 110 -314 11 -216 51 -253 74 -273 103 -287 161 -289 238 -222 251 -191 327 -322 
0 0 0 0 0 0 1 0 0 0 
499 500 -156 415 -171 267 -171 111 -165 13 -140 -97 -134 -158 -127 -250 -110 -311 -95 -348 -46 -128 -46 -128 297 -406 339 -364 390 -303 417 -222 427 -186 427 -186 424 278 424 278 424 278 499 498 499 498 499 498 -52 498 -52 498 -71 376 -81 275 -81 182 -71 79 -64 19 -39 -93 -135 -285 -119 -338 -30 -124 -30 -124 -65 -431 -65 -431 -56 -179 -56 -179 100 -333 176 -338 221 -338 295 -328 377 -256 415 -201 448 -148 454 -134 499 -33 483 -64 483 -64 466 -88 462 -67 462 -67 465 4 465 28 466 124 465 167 462 280 459 366 451 450 -212 498 -212 498 -215 376 -214 288 -210 195 -211 118 -210 62 -207 27 -65 -135 -61 -150 -142 -116 -142 -116 -5 -266 -5 -266 
0 0 0 0 0 0 1 0 0 0 
-116 500 -116 500 -120 444 -131 375 -134 358 -137 339 -138 322 -141 299 -142 188 -141 119 -128 19 -114 -62 -81 -205 -77 -215 -77 -215 -36 -277 -9 -301 11 -318 52 -318 106 -301 127 -294 157 -277 202 -263 202 -263 232 -251 254 -241 271 -229 297 -208 297 -208 386 -136 387 -131 387 -131 396 -112 398 -98 393 -196 418 -153 422 -143 461 -33 461 -33 461 -33 476 45 477 57 490 143 498 234 500 318 495 349 488 380 470 490 -196 154 -196 154 -205 84 -206 64 -206 48 -206 48 -212 -4 -210 -112 -201 -194 -192 -269 -180 -329 -164 -424 -164 -424 -225 -188 -180 -247 -159 -263 -131 -276 -85 -267 -55 -252 -15 -245 7 -232 148 -429 148 -429 148 -429 148 -429 148 -429 183 -422 
0 0 0 0 0 0 1 0 0 0 
499 500 -98 454 -255 499 -255 499 -176 424 -99 362 -99 362 -99 362 -99 362 -99 362 -96 287 -93 223 -83 100 -81 81 -81 81 -58 -36 -58 -36 -54 -62 -51 -72 -48 -85 -45 -103 -21 -173 0 -233 15 -261 15 -261 55 -302 92 -304 151 -296 184 -289 226 -276 238 -272 250 -268 261 -261 270 -255 282 -251 291 -244 324 -214 324 -214 348 -345 350 -345 410 -190 448 -68 448 -68 448 -68 448 -68 472 8 487 68 500 126 484 75 484 75 480 64 475 57 474 57 444 173 439 184 429 246 415 287 407 324 373 422 364 467 -181 226 -181 226 -179 204 -179 204 -175 160 -175 160 -160 34 -152 -23 -140 -119 -136 -130 -124 -234 -113 -265 -113 -282 -113 -282 -107 -308 
0 0 0 0 0 0 1 0 0 0 
-180 260 -124 500 -124 480 -127 415 -128 398 -130 381 -131 364 -138 269 -138 269 -140 213 -140 189 -137 144 -134 107 -121 25 -108 -32 -68 -144 -44 -185 -44 -185 -20 -228 7 -267 18 -282 54 -303 104 -325 147 -334 228 -314 270 -392 276 -420 282 -424 285 -424 347 -355 353 -344 397 -204 426 -163 454 -103 386 191 386 191 386 191 386 191 387 269 390 349 390 463 499 273 497 286 493 323 493 323 461 465 -279 433 -279 433 -279 433 -279 433 -278 408 -265 223 -265 223 -265 223 -268 200 -277 65 -271 13 -217 -106 -210 -130 -146 -218 -146 -218 126 -227 142 -205 146 -196 150 -189 211 -106 222 -69 268 0 282 51 292 101 445 83 470 225 483 246 483 246 483 246 
0 0 0 0 0 0 1 0 0 0 
-194 500 -194 500 -194 500 -196 424 -196 294 -193 202 -185 120 -142 -25 -138 -51 -130 -101 -77 -209 196 -226 203 -216 423 -148 423 -148 430 -125 460 -127 466 -80 481 49 487 120 496 257 499 337 -28 444 -28 444 -28 444 -26 420 -26 420 -25 306 -22 195 -20 131 -13 48 1 -68 14 -122 46 -211 74 -257 -74 -226 -71 -233 -64 -246 -22 -284 2 -308 47 -324 95 -317 150 -286 356 -280 365 -271 264 -148 268 -135 282 -91 334 57 343 137 355 240 374 306 386 431 398 500 500 306 -134 292 -134 292 -117 256 -111 231 -107 198 -104 182 -98 105 -96 2 -93 -63 -84 -144 -71 -272 -54 -333 -27 -418 -12 -430 51 -254 58 -268 80 -297 109 -326 137 -344 172 -353 
0 0 0 0 0 0 1 0 0 0 
-227 448 -227 448 -227 448 -259 234 -265 159 -264 42 -255 -84 -237 -231 -226 -283 -202 -325 -165 -397 -105 -421 -37 -439 77 -436 115 -436 257 -346 270 -334 353 -204 391 -129 424 -39 463 99 488 201 498 322 500 500 -81 436 -81 436 -81 436 -81 436 -124 230 -130 171 -127 53 -123 -19 -103 -157 -92 -214 -78 -259 -47 -298 4 -315 61 -323 141 -323 207 -321 276 -301 353 -208 402 -112 413 -90 446 19 478 143 490 228 499 343 497 498 345 498 -75 498 -75 498 -83 456 -87 434 -107 376 -133 295 -141 214 -143 115 -135 27 -117 -70 -106 -102 -87 -156 -62 -179 -8 -190 49 -194 128 -197 196 -192 271 -184 341 -111 395 -34 413 -10 450 62 478 160 491 224 499 308 
0 0 0 0 0 0 1 0 0 0 
498 497 -114 500 -114 500 -123 404 -130 352 -139 315 -145 263 -148 226 -289 -80 -289 -100 -289 -152 -270 -232 -244 -297 -231 -330 -204 -369 -176 -410 -145 -443 -72 -480 -16 -482 25 -484 45 -482 99 -480 161 -447 188 -415 220 -369 250 -321 267 -273 296 -215 310 -169 411 -34 499 32 347 2 347 2 364 97 376 173 380 234 379 328 375 393 366 478 363 493 363 493 -104 305 -115 244 -123 197 -129 143 -133 94 -135 72 -129 -42 -129 -42 -129 -42 -107 -169 -99 -75 -94 -72 -55 -124 -42 -136 -9 -157 67 -225 122 -251 152 -256 173 -254 240 -190 289 -162 305 -160 363 -70 374 -72 415 30 431 105 440 129 470 258 478 305 493 404 500 498 -274 216 -285 153 -291 106 
0 0 0 0 0 0 1 0 0 0 
