425 -381 456 -239 465 -153 469 -92 472 -2 476 105 479 168 493 440 495 458 500 500 500 500 478 -368 478 -368 476 -227 478 -161 480 -96 482 15 482 104 484 163 499 434 499 441 493 484 493 484 495 500 391 -211 421 -137 444 -77 467 30 470 129 476 200 482 476 482 476 500 500 0 0 0 0 0 0 0 0 0 0 0 0 0 0 0 0 0 0 0 0 0 0 0 0 0 0 0 0 0 0 0 0 0 0 0 0 0 0 0 0 0 0 0 0 0 0 0 0 0 0 0 0 0 0 0 0 0 0 0 0 0 0 0 0 0 0 0 0 0 0 0 0 0 0 0 0 0 0 0 0 0 0 0 0 
0 0 1 0 0 0 
436 -386 436 -386 443 -312 452 -203 461 -131 469 -50 478 87 481 124 487 209 490 296 493 388 495 436 499 500 499 500 158 -377 182 -301 200 -195 211 -119 219 -39 246 114 248 154 255 208 271 334 282 425 305 492 309 498 500 496 389 -406 397 -358 426 -228 451 -143 458 -84 479 67 479 67 485 191 487 230 489 376 493 452 500 500 0 0 0 0 0 0 0 0 0 0 0 0 0 0 0 0 0 0 0 0 0 0 0 0 0 0 0 0 0 0 0 0 0 0 0 0 0 0 0 0 0 0 0 0 0 0 0 0 0 0 0 0 0 0 0 0 0 0 0 0 0 0 0 0 0 0 0 0 0 0 0 0 
0 0 1 0 0 0 
328 -341 385 -251 392 -217 417 -17 422 44 434 161 484 292 484 339 498 498 110 -313 146 -190 146 -157 182 13 192 111 201 192 209 296 216 381 224 491 500 500 401 -331 401 -331 416 -223 424 -166 438 -8 455 107 461 155 475 252 485 331 496 447 498 482 499 500 0 0 0 0 0 0 0 0 0 0 0 0 0 0 0 0 0 0 0 0 0 0 0 0 0 0 0 0 0 0 0 0 0 0 0 0 0 0 0 0 0 0 0 0 0 0 0 0 0 0 0 0 0 0 0 0 0 0 0 0 0 0 0 0 0 0 0 0 0 0 0 0 0 0 0 0 0 0 0 0 0 0 0 0 0 0 0 0 
0 0 1 0 0 0 
500 -481 500 -481 490 -421 477 -369 473 -312 470 -294 468 -274 468 -274 468 -241 468 -241 465 -167 465 -127 465 -105 465 -83 480 48 490 131 497 235 497 254 497 254 497 342 490 395 477 487 475 498 404 43 404 43 404 43 401 269 401 269 401 269 425 300 475 371 496 440 500 498 500 -370 487 -325 461 -239 461 -209 461 -209 461 -209 461 -209 461 -209 459 -137 450 -18 454 -4 454 -4 454 27 395 383 387 476 398 485 398 485 485 386 485 458 481 498 0 0 0 0 0 0 0 0 0 0 0 0 0 0 0 0 0 0 0 0 0 0 0 0 0 0 0 0 0 0 0 0 0 0 0 0 0 0 0 0 0 0 0 0 
0 0 1 0 0 0 
493 268 493 268 493 268 493 268 500 498 500 498 500 498 499 -405 265 -481 265 -481 265 -481 263 -435 265 -361 267 -312 269 -150 271 -111 273 -13 273 -13 273 27 274 46 278 136 280 178 282 268 282 268 278 379 276 414 271 465 269 500 476 -408 474 -387 474 -360 474 -320 474 -251 466 -204 463 -56 466 -17 476 51 487 159 487 159 487 159 490 204 500 322 500 322 500 322 496 455 496 461 494 499 0 0 0 0 0 0 0 0 0 0 0 0 0 0 0 0 0 0 0 0 0 0 0 0 0 0 0 0 0 0 0 0 0 0 0 0 0 0 0 0 0 0 0 0 0 0 0 0 0 0 0 0 0 0 0 0 
0 0 1 0 0 0 
500 -54 500 -54 500 -54 489 176 489 176 487 321 483 500 498 -480 498 -480 498 -480 498 -480 470 -389 468 -369 468 -369 468 -369 463 -352 454 -251 451 -201 449 -39 447 27 435 162 435 162 426 278 402 413 386 500 500 -461 500 -461 496 -441 496 -434 485 -355 474 -300 474 -300 474 -300 474 -300 474 -300 435 -97 440 -88 447 -2 447 97 438 223 438 223 426 373 426 425 419 500 179 423 0 0 0 0 0 0 0 0 0 0 0 0 0 0 0 0 0 0 0 0 0 0 0 0 0 0 0 0 0 0 0 0 0 0 0 0 0 0 0 0 0 0 0 0 0 0 0 0 0 0 0 0 0 0 0 0 0 0 0 0 
0 0 1 0 0 0 
405 -350 432 -319 464 -253 464 -253 478 -114 485 -28 489 83 489 147 491 224 493 321 497 444 500 499 467 -335 467 -335 469 -315 476 -261 480 -244 486 -106 488 -8 492 93 499 154 499 226 497 309 499 427 497 479 325 498 89 -321 89 -321 92 -295 111 -213 115 -200 120 -58 123 41 127 131 130 218 130 280 137 371 179 498 179 498 499 490 499 494 0 0 0 0 0 0 0 0 0 0 0 0 0 0 0 0 0 0 0 0 0 0 0 0 0 0 0 0 0 0 0 0 0 0 0 0 0 0 0 0 0 0 0 0 0 0 0 0 0 0 0 0 0 0 0 0 0 0 0 0 0 0 0 0 0 0 0 0 
0 0 1 0 0 0 
478 -282 478 -282 478 -282 478 -282 478 -282 483 -144 488 0 483 144 485 282 496 447 498 500 466 -160 464 -127 466 -118 466 -118 468 -112 468 -79 473 30 475 112 475 217 477 340 493 470 499 476 387 298 392 371 410 498 444 -336 444 -336 444 -312 448 -305 450 -298 452 -290 452 -281 463 -175 465 -101 465 8 465 156 471 213 483 296 483 296 497 439 497 485 499 498 0 0 0 0 0 0 0 0 0 0 0 0 0 0 0 0 0 0 0 0 0 0 0 0 0 0 0 0 0 0 0 0 0 0 0 0 0 0 0 0 0 0 0 0 0 0 0 0 0 0 0 0 0 0 0 0 0 0 0 0 0 0 0 0 
0 0 1 0 0 0 
497 -461 497 -461 497 -461 497 -461 497 -423 497 -304 497 -304 497 -304 497 -142 493 -101 495 -27 497 104 500 260 497 321 479 472 479 472 474 500 346 -171 346 -138 340 -47 416 -21 416 -21 416 -21 416 -21 416 -21 494 228 498 315 496 367 478 498 499 -318 345 -217 487 -261 487 -261 485 -204 315 17 313 26 313 26 309 80 313 115 341 289 337 396 347 420 307 498 471 424 0 0 0 0 0 0 0 0 0 0 0 0 0 0 0 0 0 0 0 0 0 0 0 0 0 0 0 0 0 0 0 0 0 0 0 0 0 0 0 0 0 0 0 0 0 0 0 0 0 0 0 0 0 0 0 0 0 0 0 0 0 0 
0 0 1 0 0 0 
463 -475 463 -475 472 -417 482 -338 484 -318 484 -298 489 -262 491 -201 494 -161 494 -141 498 38 496 125 491 217 491 217 489 239 479 343 474 419 477 499 477 499 491 7 491 7 497 125 497 125 500 146 500 364 500 498 500 498 493 -345 491 -305 491 -234 491 -234 491 -234 491 -234 495 -106 497 -11 499 22 495 152 495 278 495 278 495 278 495 345 493 438 491 488 491 500 0 0 0 0 0 0 0 0 0 0 0 0 0 0 0 0 0 0 0 0 0 0 0 0 0 0 0 0 0 0 0 0 0 0 0 0 0 0 0 0 0 0 0 0 0 0 0 0 0 0 0 0 0 0 0 0 0 0 0 0 0 0 
0 0 1 0 0 0 
498 -81 498 -81 478 61 478 131 478 246 478 364 480 498 471 -328 473 -305 477 -283 488 -159 488 -79 484 -22 496 50 496 121 494 272 498 301 295 332 297 403 297 498 362 -182 381 -193 383 -174 383 -174 385 -165 396 -24 404 85 402 134 408 187 408 270 408 409 417 455 475 442 496 469 498 499 297 493 0 0 0 0 0 0 0 0 0 0 0 0 0 0 0 0 0 0 0 0 0 0 0 0 0 0 0 0 0 0 0 0 0 0 0 0 0 0 0 0 0 0 0 0 0 0 0 0 0 0 0 0 0 0 0 0 0 0 0 0 0 0 0 0 0 0 0 0 0 0 0 0 0 0 0 0 0 0 
0 0 1 0 0 0 
446 6 456 51 474 162 484 347 500 498 500 498 499 -295 497 -266 492 -145 487 124 492 277 492 324 492 379 497 498 449 -304 449 -304 455 -250 463 -152 467 17 472 167 476 226 474 245 480 369 480 389 494 473 498 500 0 0 0 0 0 0 0 0 0 0 0 0 0 0 0 0 0 0 0 0 0 0 0 0 0 0 0 0 0 0 0 0 0 0 0 0 0 0 0 0 0 0 0 0 0 0 0 0 0 0 0 0 0 0 0 0 0 0 0 0 0 0 0 0 0 0 0 0 0 0 0 0 0 0 0 0 0 0 0 0 0 0 0 0 0 0 0 0 0 0 0 0 0 0 0 0 0 0 
0 0 1 0 0 0 
500 500 475 -113 475 -113 459 -13 459 -13 459 -13 457 11 454 38 498 52 438 209 438 209 438 209 438 229 440 340 429 500 429 500 499 -414 294 -479 294 -479 266 -434 258 -416 247 -389 238 -364 230 -334 229 -314 221 -276 221 -253 212 -169 212 -124 206 -79 206 -36 204 -18 204 0 195 131 195 223 193 273 193 273 188 398 186 500 186 500 499 -416 482 -381 469 -337 463 -321 463 -321 463 -321 441 -182 441 -169 441 -169 432 -99 430 -83 430 -83 389 55 389 55 392 72 402 114 400 204 398 288 398 288 398 288 394 466 391 499 0 0 0 0 0 0 0 0 0 0 0 0 0 0 0 0 0 0 0 0 0 0 0 0 0 0 
0 0 1 0 0 0 
466 -474 466 -474 466 -474 436 -323 423 -229 423 -137 436 -12 456 102 469 153 498 321 498 321 488 415 469 500 422 -171 422 -171 412 -23 414 -9 417 220 445 264 471 341 500 371 492 498 498 -419 498 -419 489 -389 479 -324 453 -186 446 -152 437 -59 444 36 489 232 489 239 489 308 489 308 494 458 494 499 206 419 206 419 0 0 0 0 0 0 0 0 0 0 0 0 0 0 0 0 0 0 0 0 0 0 0 0 0 0 0 0 0 0 0 0 0 0 0 0 0 0 0 0 0 0 0 0 0 0 0 0 0 0 0 0 0 0 0 0 0 0 0 0 0 0 0 0 0 0 0 0 0 0 0 0 0 0 
0 0 1 0 0 0 
468 -481 482 -428 495 -318 500 -200 500 -152 482 -182 464 -160 444 -35 444 2 433 135 428 195 411 348 411 348 404 441 404 441 406 458 413 498 376 60 376 85 368 253 368 287 358 386 354 433 364 467 498 440 500 498 500 -45 500 -19 496 162 492 200 484 315 482 357 482 498 0 0 0 0 0 0 0 0 0 0 0 0 0 0 0 0 0 0 0 0 0 0 0 0 0 0 0 0 0 0 0 0 0 0 0 0 0 0 0 0 0 0 0 0 0 0 0 0 0 0 0 0 0 0 0 0 0 0 0 0 0 0 0 0 0 0 0 0 0 0 0 0 0 0 0 0 0 0 0 0 0 0 0 0 
0 0 1 0 0 0 
