498 498 -157 211 -157 189 -147 152 -137 122 -130 109 -117 85 -93 45 -93 45 -10 -34 47 -69 78 -82 132 -96 221 -80 249 -76 295 -54 342 -30 392 21 417 45 453 115 485 170 499 235 469 377 446 425 402 480 402 480 269 305 251 316 206 334 151 340 47 314 26 500 -41 408 -77 318 -107 244 -115 172 -120 98 -123 43 -120 -13 -120 -13 -120 -13 -71 -113 -71 -113 -71 -113 -51 -142 37 -260 90 -281 141 -286 194 -297 263 -276 292 -268 325 -253 393 -201 429 -144 445 -124 488 -20 497 49 500 116 467 304 444 366 389 441 315 498 121 498 -147 219 -170 142 -196 36 -199 -7 -202 -100 -203 -191 -179 -126 -179 -126 -179 -126 -179 -126 -157 -164 -131 -202 
0 0 0 0 1 0 
-188 40 -143 -93 -121 -166 -75 -234 -61 -256 -3 -324 10 -342 118 -390 149 -405 217 -415 277 -400 356 -365 424 -312 439 -274 498 -136 500 -78 496 -35 469 47 441 153 395 244 381 274 371 302 311 375 260 420 388 455 305 498 246 496 168 476 104 435 -27 410 -37 403 -43 392 -114 322 -145 264 -174 186 -191 90 -194 47 -200 -25 -208 -83 -217 -163 -78 -148 -78 -148 -129 244 -129 244 -95 127 -74 72 -26 0 -20 -6 27 -72 49 -99 121 -129 180 -143 233 -145 305 -138 368 -125 428 -59 455 -28 486 66 499 105 497 167 484 251 469 312 437 378 405 447 396 442 358 499 353 495 223 306 152 341 89 345 17 330 -29 310 20 480 20 480 20 480 
0 0 0 0 1 0 
-244 98 -244 98 -216 -30 -196 -96 -162 -174 -130 -217 -98 -278 -49 -321 9 -354 35 -372 154 -397 191 -402 239 -402 303 -389 392 -346 448 -296 468 -250 497 -134 499 2 488 58 468 162 432 243 401 306 358 362 288 432 419 468 352 491 291 498 279 498 223 493 127 475 118 478 57 445 -86 415 -86 415 -127 384 -175 316 -207 255 -242 141 -251 68 -256 -48 -258 -103 -258 -187 -186 300 -186 300 -163 186 -147 128 -123 73 -89 15 -63 -17 -17 -62 37 -97 61 -113 159 -137 199 -137 247 -137 321 -126 397 -80 443 -51 468 -13 495 100 500 193 491 255 471 351 443 415 412 471 392 500 380 488 236 320 183 337 125 346 113 346 65 346 -14 335 -40 326 
0 0 0 0 1 0 
-199 316 -199 316 -199 286 -191 192 -167 122 -139 52 -90 -24 -69 -50 -26 -87 59 -124 118 -126 154 -117 248 -87 270 -65 270 -65 317 -19 346 24 499 -78 398 104 408 159 408 159 413 183 416 220 419 259 417 283 407 403 401 449 383 486 383 486 377 493 454 425 454 425 426 449 372 462 338 500 306 480 288 469 210 469 169 454 141 451 47 340 50 358 -53 240 -101 161 -86 189 -86 189 -197 377 -199 362 -199 338 -202 327 -237 248 -254 163 -254 157 -227 37 -219 24 -81 228 -82 193 -67 70 -49 32 -22 -82 28 -150 58 -188 94 -213 165 -236 195 -243 281 -228 336 -206 336 -206 336 -206 346 -268 350 -268 360 -251 392 -185 392 -185 466 -20 
0 0 0 0 1 0 
-72 227 -72 227 -30 28 -17 37 51 -26 122 -80 148 -87 216 -96 327 -76 327 -76 375 -54 418 -13 443 28 490 100 494 120 499 172 476 291 464 321 464 321 445 374 424 413 406 450 406 450 360 498 360 498 324 253 225 284 171 288 138 277 80 266 -10 229 -66 166 -67 164 -116 56 -137 -87 -148 -207 -144 -214 -145 -271 -128 -341 -134 -374 -131 -391 -43 -245 -43 -245 1 109 1 109 30 -48 41 -82 115 -169 178 -218 205 -230 254 -237 318 -225 350 -208 400 -162 437 -123 456 -87 490 -9 496 26 499 92 494 133 494 133 494 133 444 303 422 342 422 342 405 361 394 390 394 390 286 475 189 499 137 499 119 499 56 466 8 441 -15 417 
0 0 0 0 1 0 
497 500 -207 -43 -210 -70 -210 -70 -211 -92 -213 -122 -210 -166 -182 -291 -176 -307 -171 -321 -161 -332 -124 -362 -43 -419 -43 -419 -14 -419 32 -427 45 -430 152 -405 176 -400 236 -378 315 -343 328 -335 399 -275 454 -198 474 -158 474 -158 500 -13 495 65 491 84 478 125 478 125 411 267 406 280 377 329 341 381 270 463 215 485 137 498 80 493 55 482 42 474 29 468 29 468 29 468 -48 386 -48 386 -71 351 -77 340 -93 291 -103 239 -103 239 -132 152 -144 111 -145 106 -147 95 -148 87 -158 16 -163 -10 -238 80 -124 8 -124 8 -238 23 -238 23 -232 -26 -97 -163 -75 -180 -62 -191 -62 -191 -33 -183 -33 -183 -33 -183 -33 -183 -33 -183 104 -163 104 -163 
0 0 0 0 1 0 
-192 183 -192 183 -191 42 -184 -30 -178 -63 -124 -169 -121 -176 -115 -191 -64 -412 -64 -412 52 -301 201 -316 308 -313 323 -346 357 -408 366 -431 374 -433 389 -426 425 -375 431 -363 431 -363 494 -193 497 -155 499 -73 489 42 489 42 449 179 443 202 395 278 368 332 331 365 331 365 331 365 243 431 211 457 151 488 103 500 49 497 -20 455 -60 396 -86 341 -106 299 -114 271 -115 259 -172 84 -172 84 -203 -73 -204 -87 -220 -132 -226 -148 -235 -174 -238 -186 -243 -198 -244 -207 -66 85 -66 -49 -66 -101 -68 -107 1 -251 69 -312 322 -226 322 -226 387 -157 392 -152 400 -134 467 -8 467 -8 467 -8 470 38 475 206 470 289 499 379 465 478 453 498 387 487 
0 0 0 0 1 0 
499 495 -226 155 -226 155 -229 88 -228 25 -216 -38 -215 -56 -212 -71 -210 -86 -207 -99 -204 -112 -143 -443 -136 -448 -40 -266 -40 -266 -40 -266 -40 -266 -40 -266 -40 -266 -40 -266 46 -318 53 -320 117 -322 186 -296 267 -287 265 -255 319 -448 319 -448 364 -383 383 -41 383 -41 390 -2 390 -2 395 28 405 47 450 153 462 229 468 357 457 461 457 461 421 491 500 491 414 311 405 318 345 339 292 346 218 346 167 335 8 500 8 500 -135 411 -180 352 -202 307 -228 255 -251 207 -260 168 -268 75 -270 30 -264 -17 -264 -17 -197 -285 -197 -287 -111 -59 -111 -59 -111 -59 -111 -59 -111 -59 -111 -59 -139 -115 -139 -123 -139 -129 -139 -129 252 -180 357 -29 371 -24 
0 0 0 0 1 0 
-22 56 -22 56 -43 4 -34 -25 -15 -79 30 -152 123 -243 39 -416 39 -416 146 -455 184 -430 267 -394 338 -348 398 -284 462 -179 478 -154 493 -86 500 13 492 109 413 277 477 478 477 478 421 482 374 489 315 498 277 494 234 492 119 460 81 444 -45 337 -45 337 -99 287 -116 261 -158 205 -178 154 -196 68 -197 -4 -199 -86 -199 -152 -203 -175 -194 -92 -194 -115 -180 -153 -143 -266 -107 -305 -18 -402 54 -151 54 -151 164 -140 260 -106 300 -72 367 0 433 58 436 106 473 194 499 276 450 414 407 500 33 429 22 418 -19 382 -26 375 -74 287 -80 280 -108 167 -112 85 -111 6 -111 -40 -181 193 -181 193 -177 142 -169 97 -143 26 -96 -69 -56 -106 
0 0 0 0 1 0 
-71 -72 -71 -72 -71 -72 -71 -72 74 -226 437 -226 500 -126 500 -126 500 -126 484 -165 484 -85 482 75 479 121 423 289 414 296 269 386 251 384 154 498 154 498 154 498 140 498 122 491 6 391 -14 396 -57 313 -140 9 -143 -4 -159 -72 -162 -107 -171 -177 -175 44 -177 12 -177 0 -171 -14 -166 -29 -134 -334 -126 -342 -3 -226 -3 -226 -3 -226 131 -327 136 -329 131 -316 210 -319 239 -312 361 -340 361 -340 377 -387 377 -387 407 -357 407 -44 405 -21 407 -10 416 64 416 64 481 192 496 218 499 224 408 381 416 387 334 477 334 477 334 477 285 460 285 460 112 498 112 498 77 492 55 479 22 475 -4 456 -74 408 -98 364 -160 308 -164 299 
0 0 0 0 1 0 
500 500 -228 455 -228 455 -228 455 -200 329 -186 262 -120 128 -64 28 -32 -17 54 -110 84 -128 140 -151 214 -159 320 -128 366 -84 405 -43 450 51 467 118 499 203 499 203 499 203 482 408 460 498 397 282 378 336 327 365 327 365 314 388 220 444 220 444 122 449 56 437 9 419 -20 411 -95 370 -95 370 -162 311 -203 257 -241 195 -292 41 -305 -33 -286 -159 -276 -205 -270 -228 -270 -228 -225 32 -214 -93 -202 -155 -150 -255 -83 -348 -41 -385 28 -445 52 -461 96 -458 186 -467 241 -454 318 -396 377 -326 387 -290 393 -255 393 -255 445 -69 499 60 497 205 390 69 431 313 383 324 377 344 373 350 337 374 1 437 1 437 -34 454 -117 500 -163 450 
0 0 0 0 1 0 
-194 152 -194 152 -182 104 -129 32 -108 15 -17 -37 22 -45 90 -58 139 -63 152 -61 249 -52 315 -28 344 -13 412 39 454 84 485 161 500 248 500 272 500 318 498 335 495 350 462 459 444 485 432 498 432 498 438 498 457 444 457 444 352 435 343 431 302 446 239 459 177 433 150 429 129 422 122 418 111 409 -51 152 -51 152 -59 137 -76 93 -106 -8 -114 -76 -118 -104 -114 -200 -113 -291 -108 -315 -108 -315 -33 -128 -33 -128 -104 48 -94 13 -32 -71 -2 -95 55 -122 115 -133 166 -137 190 -137 223 -137 299 -124 341 -108 384 -77 438 -31 468 33 499 128 485 113 485 113 455 126 455 126 434 135 359 242 359 242 422 417 422 417 422 417 
0 0 0 0 1 0 
4 219 2 138 5 119 23 61 38 20 108 -83 67 -56 71 -49 279 -210 388 -233 413 -228 435 -226 492 -273 396 -63 419 -38 457 38 461 72 475 153 483 242 478 348 470 400 463 488 500 475 498 497 491 500 289 459 -21 171 -46 58 -65 -9 -65 -9 500 500 -122 -52 -122 -52 -122 -52 -122 -52 -11 -279 73 -23 159 -47 159 -47 247 -42 289 7 430 -110 430 -110 443 -79 483 65 496 147 500 208 493 343 476 424 461 498 461 498 -229 324 -235 277 -154 315 -154 315 -152 256 -152 239 -79 86 -79 86 -59 39 146 -191 158 -204 157 -408 269 -415 281 -428 334 -417 358 -413 446 -282 450 -304 474 -267 478 -245 493 -186 499 -115 495 15 488 43 
0 0 0 0 1 0 
-62 72 -60 51 -43 -49 -10 -94 -10 -94 26 -143 79 -404 85 -407 89 -411 118 -407 118 -407 128 -407 137 -411 176 -409 279 -404 429 -169 429 -169 429 -169 429 -169 429 -169 429 -169 491 -14 491 -14 499 91 475 268 475 268 334 207 334 207 361 465 361 465 268 496 234 498 234 498 165 491 155 491 58 468 10 440 -71 383 -116 322 -143 268 -179 103 -179 103 -188 -7 -188 -58 -188 -58 -188 -89 -187 -105 -187 -105 -182 -155 -182 -155 -182 -155 -141 68 -141 68 -141 68 -101 8 -11 -95 14 -99 25 -101 25 -101 125 -128 125 -128 125 -128 125 -128 139 -130 249 -113 311 -84 344 -82 344 -82 365 -64 367 -48 382 0 432 82 435 93 499 -113 467 50 
0 0 0 0 1 0 
-87 -160 -87 -160 -87 -160 442 -197 459 -157 500 368 500 381 470 434 450 485 10 498 10 498 -83 490 -83 490 -156 269 -171 96 -169 72 -168 42 -206 -315 -206 -315 -206 -315 -88 -205 -88 -205 -132 -412 -132 -412 -88 -205 400 -108 400 -108 400 -108 497 -9 497 -9 488 131 499 161 495 246 446 87 421 129 364 195 348 232 269 264 262 269 190 276 103 274 103 499 90 497 8 364 5 251 -84 179 -84 357 -134 278 -134 278 -134 278 -134 278 -134 278 -221 -25 -255 -170 -253 -232 -255 -253 -169 -29 -167 -52 -191 4 -183 -17 -159 -100 -154 -116 -132 -138 -126 -136 -126 -136 -90 -214 -133 -416 -27 -315 -27 -315 -27 -315 -27 -315 81 -366 98 -384 142 -400 213 -418 
0 0 0 0 1 0 
