497 500 -189 154 -189 154 -188 187 -24 129 -9 183 -9 183 -9 183 10 276 10 276 60 359 109 408 136 448 172 471 182 474 242 500 285 490 323 476 391 415 411 382 461 314 465 305 465 305 474 234 485 190 499 86 493 7 418 -215 336 -387 338 -366 323 -335 267 -335 207 -338 157 -330 107 -316 -15 -427 34 -281 16 -255 -104 -406 -163 -230 -165 -227 -130 -30 -122 0 -122 7 -122 21 -122 21 -52 -152 -45 -104 -84 255 -84 255 -84 255 -84 255 -84 255 14 401 68 462 91 486 154 486 347 500 347 500 412 419 417 408 417 408 500 288 500 288 500 288 498 235 492 109 428 -76 3 -174 -54 -131 -136 -17 -133 -126 -133 -126 -133 -126 1 201 
0 0 0 0 0 1 
-77 122 -77 122 -78 271 -73 351 -62 406 -62 406 -13 491 -10 500 -10 500 143 406 156 428 163 433 137 335 219 346 242 342 289 302 308 282 374 193 429 93 451 73 457 24 457 24 466 -13 466 -13 476 -40 478 -84 478 -84 483 -117 494 -211 489 -308 479 -360 479 -360 478 -373 478 -373 500 -346 500 -346 491 -357 466 -391 412 -428 388 -446 330 -468 286 -471 220 -468 144 -437 65 -400 4 -355 -65 -286 -184 -322 -121 -151 -125 -137 -135 -68 -194 -108 -194 -108 -194 -108 -194 -108 -130 4 -125 17 -99 60 -96 68 -45 -49 -54 -8 23 391 37 432 52 484 56 498 56 498 27 430 448 389 454 328 469 282 469 282 481 246 485 197 485 197 492 164 
0 0 0 0 0 1 
499 498 30 -49 23 -24 12 67 15 110 49 222 81 289 102 307 125 476 193 370 295 460 295 460 307 498 387 422 455 323 455 -47 455 -47 455 -47 499 -202 485 -256 463 -316 448 -364 391 -447 352 -465 360 -456 49 -364 44 -361 -21 -278 -32 -251 -60 -177 -89 -107 -114 -15 -115 11 -123 83 4 -57 -95 121 -101 143 -117 233 -107 282 -80 377 -44 454 -20 483 -1 498 -7 273 -7 273 7 282 120 322 117 317 314 350 314 350 314 350 439 222 484 154 499 121 499 121 480 143 475 114 471 33 468 -37 433 -101 408 -152 355 -205 301 -258 301 -258 214 -304 168 -313 76 -302 36 -282 -69 -189 -71 -187 -114 -121 -129 -88 -161 -8 -182 39 -195 103 
0 0 0 0 0 1 
-245 299 -245 299 -245 299 -245 299 -245 299 -245 299 -181 500 -121 301 -100 326 434 408 434 408 499 -121 348 -59 280 -79 248 -91 162 -106 96 -111 -1 -89 -44 -76 -175 116 -175 116 -175 116 -175 116 -187 207 -189 225 -184 9 -157 99 -154 106 -154 106 -147 155 -143 207 -147 209 -151 270 -12 395 -165 410 -123 483 -123 483 -80 252 -7 431 40 354 201 498 201 498 201 498 233 343 397 182 479 327 479 327 456 22 482 -45 500 -124 500 -155 486 -227 467 -277 450 -306 400 -358 390 -99 390 -99 399 -313 335 -234 291 -237 213 -237 143 -243 23 -126 0 -126 -17 -112 -95 -69 -95 -69 -100 -45 -100 -45 -100 -45 -97 -33 -94 -11 -88 51 -88 69 -174 173 
0 0 0 0 0 1 
-175 -84 -176 220 -156 272 -104 266 -104 266 -112 199 -71 279 -71 279 147 495 154 500 181 495 258 422 258 422 381 412 381 412 492 321 492 321 499 291 467 240 463 178 460 89 406 -43 397 -61 336 -410 336 -410 308 -431 225 -440 153 -444 62 -447 -32 -463 -120 -355 -183 -286 -226 -247 -256 -178 -286 -126 -312 -52 -312 -52 -272 284 -272 284 -60 89 -175 -51 -170 7 -170 7 -123 487 0 366 71 500 71 500 23 443 23 443 54 448 151 452 282 423 301 383 353 294 353 294 406 155 448 7 451 -54 468 -146 500 -170 404 -284 396 -27 329 -121 300 -153 209 -217 162 -225 56 -200 -20 -136 -79 -79 -153 12 -170 49 -220 143 -239 195 -257 274 -260 311 
0 0 0 0 0 1 
499 421 -97 499 -140 200 -140 200 -130 270 -130 270 36 279 75 333 165 396 169 398 169 398 213 423 213 450 246 500 286 166 286 166 327 90 327 90 388 313 500 29 400 -159 398 -182 382 -326 356 -396 342 -427 334 -443 327 -448 328 -439 327 -434 275 -414 218 -405 185 -391 100 -349 23 -299 -26 -216 -84 -150 -104 -81 -104 -81 -204 182 -207 218 -207 218 -239 360 -239 360 0 28 3 70 -60 389 22 498 112 463 112 463 333 358 333 358 359 339 368 385 368 385 368 385 461 231 428 -32 481 83 500 -4 458 -50 440 -122 432 -150 432 -150 36 -472 36 -472 -109 -387 -132 -339 -185 -266 -236 -146 -243 -113 -126 28 -126 28 -157 5 -157 5 -134 199 
0 0 0 0 0 1 
500 500 -246 87 -201 272 -83 399 -70 421 1 500 1 500 170 408 170 408 170 408 170 408 302 368 303 354 355 332 355 332 433 250 465 205 496 136 499 91 450 64 443 53 433 29 399 -78 358 -122 358 -122 308 -174 305 -325 305 -325 305 -325 305 -325 -35 -316 -185 -191 -185 -191 -185 -53 -213 129 -213 129 -213 129 -185 143 -207 -29 -207 -18 -95 316 24 500 29 500 42 424 52 410 95 408 95 408 127 402 156 408 175 397 197 378 251 340 314 289 330 248 378 170 391 105 407 29 429 -40 498 67 498 54 500 37 497 -54 400 -262 409 -243 337 -370 337 -370 299 -400 298 -383 233 -429 233 -429 222 -413 169 -410 169 -410 62 -200 99 -310 
0 0 0 0 0 1 
-100 -90 -100 -90 -116 -75 -132 -45 -137 -32 -140 -17 -144 -2 -146 17 -146 17 -147 97 -139 146 -139 146 -130 215 -130 215 -114 244 -86 293 -81 306 -81 306 -67 339 -45 358 -22 380 -5 399 -5 399 19 425 46 447 69 468 95 485 95 485 130 492 274 498 274 498 321 498 344 498 358 498 370 494 386 485 480 410 480 408 480 408 481 399 481 393 481 393 499 282 490 161 474 84 438 28 417 -2 386 -45 386 -45 365 -58 344 -71 280 -105 280 -105 234 -123 217 -125 201 -127 161 -127 111 -123 48 -110 3 -90 -41 -69 -81 -36 -104 -19 -104 -19 -114 -10 -123 -2 -139 21 -177 71 -177 71 -191 90 -203 116 -215 144 -220 157 -233 198 -125 -60 
0 0 0 0 0 1 
500 500 -75 -17 -76 2 -72 33 -61 132 -61 132 -61 132 -55 143 -29 165 -29 165 -72 499 -72 499 155 390 155 390 155 390 173 408 173 408 198 414 242 401 242 401 400 82 400 82 400 82 488 -38 488 -38 498 -112 500 -204 485 -286 416 -405 413 -358 413 -358 386 -329 288 -354 264 -358 229 -363 123 -343 88 -329 13 -300 -13 -260 -111 -318 -69 -134 -76 -91 -80 -65 -88 -2 -80 143 -80 143 -80 143 -153 -40 -153 -40 -153 -40 -54 365 -54 365 -54 365 43 498 43 498 62 434 62 434 90 424 237 304 291 496 291 496 316 482 305 485 422 381 422 381 422 381 464 285 497 154 499 101 499 50 474 -66 426 -170 421 -178 -216 18 -263 400 
0 0 0 0 0 1 
499 500 -96 75 -96 75 -92 123 -116 175 -137 241 -134 253 -93 321 -29 386 -23 391 -23 391 57 452 60 442 267 500 267 500 267 500 288 482 288 482 303 203 320 168 339 158 339 158 349 138 349 138 359 87 476 110 476 110 474 97 490 80 499 25 499 25 499 25 462 -140 464 -155 461 -178 416 -226 405 -251 355 -314 293 -331 274 -356 213 -374 160 -356 117 -356 117 -356 95 -354 62 -341 43 -324 43 -324 -75 -221 -76 -208 -104 -135 -148 -32 -156 32 -162 85 -166 168 -160 258 -151 309 -151 309 -189 -137 -23 265 -23 265 -23 265 21 341 85 388 85 388 206 483 206 483 245 494 251 498 440 238 440 238 497 164 394 321 394 321 394 321 
0 0 0 0 0 1 
499 500 -134 -44 -134 -44 -130 101 -111 201 -84 276 -63 326 -3 404 12 422 89 477 137 493 194 498 299 464 342 433 342 433 377 407 393 381 421 321 481 227 485 190 485 190 486 169 493 125 499 28 497 2 497 2 495 -52 495 -70 462 -211 425 -281 366 -349 342 -375 264 -425 197 -438 107 -422 37 -383 37 -383 -40 -342 -116 -276 -151 -221 -192 -169 -222 -96 -223 -78 -167 284 -167 284 -45 49 -33 203 -1 347 4 368 36 430 74 488 372 498 392 475 407 454 410 449 418 425 458 352 458 352 416 433 416 433 416 433 416 433 499 135 499 135 499 135 499 135 369 39 349 10 309 -73 268 -86 192 -104 131 -107 108 -107 48 -83 -25 -31 
0 0 0 0 0 1 
-190 -57 -190 -57 -142 97 -113 163 -68 246 6 358 16 375 77 429 125 467 155 484 192 495 248 498 329 472 393 398 438 318 455 283 455 283 467 252 467 252 472 237 476 214 479 191 490 126 499 -11 493 -108 455 -286 443 -315 384 -395 369 -421 316 -438 270 -446 196 -418 196 -418 196 -418 149 -415 34 -452 -33 -429 -92 -372 -119 -312 -119 -312 -163 -191 -189 -103 -199 22 -201 37 -202 51 -204 57 499 500 -35 245 -36 254 1 300 88 405 91 423 142 453 156 462 231 495 275 500 317 500 387 479 447 425 467 384 500 331 440 370 440 370 440 370 440 370 440 370 440 370 440 319 440 173 436 62 399 -57 394 -64 331 -131 331 -131 230 -210 
0 0 0 0 0 1 
499 500 -107 31 -104 60 -33 213 119 417 122 427 197 485 231 499 323 480 335 458 275 220 429 383 431 373 500 228 500 228 463 160 461 138 449 -33 402 -116 402 -116 397 -126 392 -138 387 -145 387 -145 327 -216 328 -252 328 -252 10 -415 -15 -427 -124 -405 -36 -174 -216 -123 -234 -21 -238 26 -259 -20 -249 87 -205 203 -130 6 -76 100 10 199 45 214 105 232 181 219 252 223 227 498 283 163 294 134 371 -2 384 -42 500 156 481 131 472 107 418 -165 418 -165 416 -335 437 -102 406 -373 401 -389 391 -442 391 -442 386 -445 383 -445 347 -445 349 -422 349 -409 349 -409 242 -306 147 -340 142 -340 116 -331 59 -284 -120 -413 -137 -393 -189 -270 -203 154 
0 0 0 0 0 1 
-130 -124 -136 62 -133 90 -127 131 -65 251 -64 255 -64 255 79 334 162 478 162 500 102 349 184 330 225 301 245 272 363 248 332 136 452 200 448 188 489 153 499 7 379 -205 401 -23 401 -23 314 -342 294 -363 267 -418 276 -129 276 -129 139 -196 139 -196 73 -186 16 -150 -40 -107 -61 -81 -108 -31 -133 21 -177 93 -188 138 -262 -78 -266 -62 -279 35 -279 50 -279 50 30 -20 24 152 24 170 38 229 81 301 103 332 103 332 235 417 235 438 262 474 313 498 332 492 433 386 441 35 441 35 464 -15 475 -224 500 -53 500 -53 316 -444 306 -449 204 -471 186 -474 77 -467 3 -433 -29 -384 -56 -375 -84 -352 -134 -303 -183 -184 -230 -121 -112 58 
0 0 0 0 0 1 
-105 197 -105 197 -95 287 -70 402 -15 481 1 498 98 465 135 305 135 305 135 305 217 276 250 268 250 268 270 252 290 232 322 224 322 224 438 63 446 46 461 -10 491 -59 500 -109 491 -235 466 -316 453 -353 397 -430 329 -472 270 -457 153 -463 65 -476 -78 -378 -117 -327 -160 -265 -168 -248 -227 -125 -227 -125 -259 4 -85 10 -85 10 -135 162 -135 162 8 103 16 237 29 336 91 438 116 460 174 492 174 492 220 500 366 460 366 460 388 450 403 425 430 413 430 413 438 418 419 500 438 462 487 326 499 254 499 215 493 74 474 -22 448 -64 401 -138 359 -173 240 -212 153 -200 58 -148 -40 -44 -83 22 -95 49 -145 138 -174 225 -175 264 
0 0 0 0 0 1 
