90 150 6
500 419 500 419 448 436 407 436 340 410 291 397 259 393 182 397 59 445 51 449 -24 458 -72 462 -149 480 -199 489 -239 489 -281 484 -305 497 499 490 436 481 392 477 318 405 263 382 243 379 -327 496 -341 500 0 0 0 0 0 0 0 0 0 0 0 0 0 0 0 0 0 0 0 0 0 0 0 0 0 0 0 0 0 0 0 0 0 0 0 0 0 0 0 0 0 0 0 0 0 0 0 0 0 0 0 0 0 0 0 0 0 0 0 0 0 0 0 0 0 0 0 0 0 0 0 0 0 0 0 0 0 0 0 0 0 0 0 0 0 0 0 0 0 0 0 0 0 0 0 0 0 0 0 0 
1 0 0 0 0 0 
500 111 445 478 427 467 402 464 346 467 302 467 243 464 183 467 126 464 66 467 10 464 -15 467 -61 471 -107 474 -166 474 -228 474 -292 489 -336 496 -367 500 -323 219 -323 219 500 350 473 355 437 360 386 385 342 395 283 400 221 405 165 410 105 415 47 420 23 420 -22 430 -67 440 -126 450 -185 455 -251 470 -288 480 -320 500 0 0 0 0 0 0 0 0 0 0 0 0 0 0 0 0 0 0 0 0 0 0 0 0 0 0 0 0 0 0 0 0 0 0 0 0 0 0 0 0 0 0 0 0 0 0 0 0 0 0 0 0 0 0 0 0 0 0 0 0 0 0 0 0 0 0 0 0 0 0 0 0 
1 0 0 0 0 0 
499 498 486 490 434 454 410 450 359 432 312 450 266 457 210 465 139 468 87 468 11 465 -13 465 -112 461 -123 461 -207 461 -247 465 -207 153 -207 153 499 461 486 456 433 445 406 445 361 440 323 456 263 478 240 478 157 489 117 489 42 500 30 500 -58 489 -86 489 -158 478 -198 478 0 0 0 0 0 0 0 0 0 0 0 0 0 0 0 0 0 0 0 0 0 0 0 0 0 0 0 0 0 0 0 0 0 0 0 0 0 0 0 0 0 0 0 0 0 0 0 0 0 0 0 0 0 0 0 0 0 0 0 0 0 0 0 0 0 0 0 0 0 0 0 0 0 0 0 0 0 0 0 0 0 0 
1 0 0 0 0 0 
500 500 488 492 446 485 374 482 332 489 265 496 172 496 148 492 73 492 9 482 -36 478 -79 485 -156 335 -156 335 -187 300 -229 303 -229 303 500 100 500 100 452 100 370 110 334 116 275 126 176 132 153 135 80 139 31 142 -29 152 -67 158 -101 165 -294 498 -294 498 0 0 0 0 0 0 0 0 0 0 0 0 0 0 0 0 0 0 0 0 0 0 0 0 0 0 0 0 0 0 0 0 0 0 0 0 0 0 0 0 0 0 0 0 0 0 0 0 0 0 0 0 0 0 0 0 0 0 0 0 0 0 0 0 0 0 0 0 0 0 0 0 0 0 0 0 0 0 0 0 0 0 0 0 0 0 
1 0 0 0 0 0 
350 217 350 217 402 318 500 442 485 449 419 477 373 487 283 494 251 494 162 494 76 494 -2 494 -45 498 -93 498 -106 498 -175 494 -223 494 -343 384 -260 498 -260 498 500 442 500 442 -251 498 0 0 0 0 0 0 0 0 0 0 0 0 0 0 0 0 0 0 0 0 0 0 0 0 0 0 0 0 0 0 0 0 0 0 0 0 0 0 0 0 0 0 0 0 0 0 0 0 0 0 0 0 0 0 0 0 0 0 0 0 0 0 0 0 0 0 0 0 0 0 0 0 0 0 0 0 0 0 0 0 0 0 0 0 0 0 0 0 0 0 0 0 0 0 0 0 0 0 0 0 0 0 0 0 
1 0 0 0 0 0 
500 222 488 229 410 318 412 333 412 333 364 370 295 377 228 381 219 381 154 381 125 396 118 400 91 418 65 429 -2 462 -60 485 -106 500 -115 496 499 497 499 497 425 493 425 493 -23 357 -35 357 -57 353 -150 357 -198 365 -234 353 0 0 0 0 0 0 0 0 0 0 0 0 0 0 0 0 0 0 0 0 0 0 0 0 0 0 0 0 0 0 0 0 0 0 0 0 0 0 0 0 0 0 0 0 0 0 0 0 0 0 0 0 0 0 0 0 0 0 0 0 0 0 0 0 0 0 0 0 0 0 0 0 0 0 0 0 0 0 0 0 0 0 0 0 0 0 0 0 0 0 0 0 0 0 
1 0 0 0 0 0 
500 497 425 149 425 149 367 162 312 171 287 180 256 185 205 194 166 199 82 208 45 212 15 217 -11 221 -35 226 -67 226 -104 230 -147 230 -192 235 -290 239 -319 244 -353 248 500 414 486 414 415 439 378 452 341 460 312 468 256 477 217 481 134 489 93 489 66 489 55 489 8 493 -15 489 -56 493 -81 493 -133 493 -224 497 -258 493 -293 497 0 0 0 0 0 0 0 0 0 0 0 0 0 0 0 0 0 0 0 0 0 0 0 0 0 0 0 0 0 0 0 0 0 0 0 0 0 0 0 0 0 0 0 0 0 0 0 0 0 0 0 0 0 0 0 0 0 0 0 0 0 0 0 0 0 0 0 0 
1 0 0 0 0 0 
498 432 498 432 498 432 480 436 480 436 395 468 277 477 162 450 84 445 -37 445 -130 500 -170 477 500 185 484 213 478 216 445 240 419 264 355 312 323 333 263 384 247 422 227 443 213 474 202 470 187 470 106 474 30 474 -45 474 -123 477 -177 498 -206 494 -234 481 0 0 0 0 0 0 0 0 0 0 0 0 0 0 0 0 0 0 0 0 0 0 0 0 0 0 0 0 0 0 0 0 0 0 0 0 0 0 0 0 0 0 0 0 0 0 0 0 0 0 0 0 0 0 0 0 0 0 0 0 0 0 0 0 0 0 0 0 0 0 0 0 0 0 0 0 0 0 0 0 0 0 0 0 0 0 
1 0 0 0 0 0 
500 255 483 265 -127 497 -127 497 -140 497 -159 497 -245 493 -274 469 499 314 499 314 471 332 425 349 334 359 326 363 265 394 197 397 139 401 70 401 1 429 -9 432 -59 446 -98 467 -108 474 -145 487 -155 487 -214 498 -246 491 -288 221 -288 221 0 0 0 0 0 0 0 0 0 0 0 0 0 0 0 0 0 0 0 0 0 0 0 0 0 0 0 0 0 0 0 0 0 0 0 0 0 0 0 0 0 0 0 0 0 0 0 0 0 0 0 0 0 0 0 0 0 0 0 0 0 0 0 0 0 0 0 0 0 0 0 0 0 0 0 0 0 0 0 0 0 0 0 0 0 0 0 0 0 0 0 0 
1 0 0 0 0 0 
499 490 487 480 418 471 392 461 316 496 277 500 200 500 107 496 22 496 -44 500 -118 500 -175 496 -219 493 -275 490 -294 490 -243 159 -243 159 499 421 499 421 396 440 375 454 320 473 266 483 197 492 89 492 42 497 -30 492 -101 497 -149 492 -195 488 -244 478 -256 478 0 0 0 0 0 0 0 0 0 0 0 0 0 0 0 0 0 0 0 0 0 0 0 0 0 0 0 0 0 0 0 0 0 0 0 0 0 0 0 0 0 0 0 0 0 0 0 0 0 0 0 0 0 0 0 0 0 0 0 0 0 0 0 0 0 0 0 0 0 0 0 0 0 0 0 0 0 0 0 0 0 0 0 0 0 0 
1 0 0 0 0 0 
499 500 499 500 440 451 382 444 321 433 267 426 210 419 150 374 119 384 78 353 22 342 -54 363 -91 269 -88 234 -141 206 -197 213 500 497 488 492 442 483 392 474 330 464 284 460 233 446 181 422 152 422 121 408 64 394 -8 403 -47 394 0 0 0 0 0 0 0 0 0 0 0 0 0 0 0 0 0 0 0 0 0 0 0 0 0 0 0 0 0 0 0 0 0 0 0 0 0 0 0 0 0 0 0 0 0 0 0 0 0 0 0 0 0 0 0 0 0 0 0 0 0 0 0 0 0 0 0 0 0 0 0 0 0 0 0 0 0 0 0 0 0 0 0 0 0 0 0 0 0 0 0 0 
1 0 0 0 0 0 
499 346 405 142 386 138 328 127 263 131 321 317 295 332 255 346 245 357 189 386 128 401 94 423 41 430 -16 459 -55 485 -89 492 -147 500 -204 492 -263 478 499 500 461 469 374 439 321 465 0 0 0 0 0 0 0 0 0 0 0 0 0 0 0 0 0 0 0 0 0 0 0 0 0 0 0 0 0 0 0 0 0 0 0 0 0 0 0 0 0 0 0 0 0 0 0 0 0 0 0 0 0 0 0 0 0 0 0 0 0 0 0 0 0 0 0 0 0 0 0 0 0 0 0 0 0 0 0 0 0 0 0 0 0 0 0 0 0 0 0 0 0 0 0 0 0 0 0 0 0 0 0 0 
1 0 0 0 0 0 
500 455 500 455 436 371 422 365 380 346 338 339 300 339 252 346 195 358 135 371 71 403 13 435 -47 474 -107 500 -178 500 -243 493 -280 493 -315 487 -352 493 -359 493 500 452 438 422 425 419 377 410 330 407 302 410 252 416 197 425 135 440 65 458 10 476 -47 491 -105 500 -176 497 -244 494 -285 488 -320 485 -355 476 0 0 0 0 0 0 0 0 0 0 0 0 0 0 0 0 0 0 0 0 0 0 0 0 0 0 0 0 0 0 0 0 0 0 0 0 0 0 0 0 0 0 0 0 0 0 0 0 0 0 0 0 0 0 0 0 0 0 0 0 0 0 0 0 0 0 0 0 0 0 0 0 0 0 
1 0 0 0 0 0 
499 370 483 370 414 370 370 376 312 395 274 395 202 407 118 432 61 450 19 462 -81 481 -94 475 -153 481 -201 487 -234 500 -247 493 436 64 499 453 499 453 423 457 357 481 336 489 285 497 230 497 133 497 87 489 59 489 -39 489 -52 485 -109 485 -157 485 -199 481 -215 473 -264 144 -264 144 0 0 0 0 0 0 0 0 0 0 0 0 0 0 0 0 0 0 0 0 0 0 0 0 0 0 0 0 0 0 0 0 0 0 0 0 0 0 0 0 0 0 0 0 0 0 0 0 0 0 0 0 0 0 0 0 0 0 0 0 0 0 0 0 0 0 0 0 0 0 0 0 0 0 0 0 0 0 0 0 
1 0 0 0 0 0 
499 500 486 487 424 472 397 469 332 466 258 475 190 469 135 475 66 481 12 490 -62 481 -110 484 -195 469 -250 472 -294 478 -224 245 -224 245 500 490 487 478 432 454 419 454 347 458 271 466 218 470 169 478 107 482 58 490 -26 498 -62 494 -134 486 -177 470 -220 466 0 0 0 0 0 0 0 0 0 0 0 0 0 0 0 0 0 0 0 0 0 0 0 0 0 0 0 0 0 0 0 0 0 0 0 0 0 0 0 0 0 0 0 0 0 0 0 0 0 0 0 0 0 0 0 0 0 0 0 0 0 0 0 0 0 0 0 0 0 0 0 0 0 0 0 0 0 0 0 0 0 0 0 0 0 0 
1 0 0 0 0 0 
-218 142 -218 142 -175 100 -142 89 -69 85 13 82 77 64 87 71 151 67 227 67 275 75 340 82 409 85 465 103 499 146 499 500 499 500 -266 489 -249 482 -177 457 -97 450 27 375 46 439 63 407 140 400 202 364 260 450 309 453 377 457 443 471 499 500 0 0 0 0 0 0 0 0 0 0 0 0 0 0 0 0 0 0 0 0 0 0 0 0 0 0 0 0 0 0 0 0 0 0 0 0 0 0 0 0 0 0 0 0 0 0 0 0 0 0 0 0 0 0 0 0 0 0 0 0 0 0 0 0 0 0 0 0 0 0 0 0 0 0 0 0 0 0 0 0 0 0 0 0 0 0 0 0 
0 1 0 0 0 0 
-200 500 -187 495 -84 467 -6 449 65 444 101 435 198 416 245 407 326 402 362 412 426 425 455 449 461 453 479 462 496 467 500 472 -266 498 -266 498 -154 480 -58 467 19 449 63 390 163 372 207 356 287 350 321 353 392 335 426 415 440 430 459 446 486 458 500 464 500 464 0 0 0 0 0 0 0 0 0 0 0 0 0 0 0 0 0 0 0 0 0 0 0 0 0 0 0 0 0 0 0 0 0 0 0 0 0 0 0 0 0 0 0 0 0 0 0 0 0 0 0 0 0 0 0 0 0 0 0 0 0 0 0 0 0 0 0 0 0 0 0 0 0 0 0 0 0 0 0 0 0 0 0 0 
0 1 0 0 0 0 
-143 324 -132 329 -65 340 -45 340 6 335 51 340 147 366 202 397 257 413 291 429 352 450 390 455 432 465 500 497 -144 72 -254 414 -254 414 -172 407 -159 414 -117 407 -61 392 16 421 59 440 130 469 159 469 226 483 260 480 314 480 369 487 410 494 453 498 499 498 0 0 0 0 0 0 0 0 0 0 0 0 0 0 0 0 0 0 0 0 0 0 0 0 0 0 0 0 0 0 0 0 0 0 0 0 0 0 0 0 0 0 0 0 0 0 0 0 0 0 0 0 0 0 0 0 0 0 0 0 0 0 0 0 0 0 0 0 0 0 0 0 0 0 0 0 0 0 0 0 0 0 0 0 0 0 
0 1 0 0 0 0 
-256 442 -256 442 -211 428 -189 421 -150 428 -104 435 -54 462 -15 489 27 496 77 489 134 462 176 428 221 401 252 380 307 340 351 299 400 278 444 278 489 299 499 292 499 292 -219 468 -219 468 -175 468 -133 468 -90 472 -40 484 0 496 30 500 86 493 134 478 174 465 230 447 266 434 310 416 351 397 406 385 443 381 500 394 500 394 0 0 0 0 0 0 0 0 0 0 0 0 0 0 0 0 0 0 0 0 0 0 0 0 0 0 0 0 0 0 0 0 0 0 0 0 0 0 0 0 0 0 0 0 0 0 0 0 0 0 0 0 0 0 0 0 0 0 0 0 0 0 0 0 0 0 0 0 0 0 
0 1 0 0 0 0 
-280 318 -217 304 -207 304 -157 313 -87 331 -5 354 40 368 88 377 155 395 167 395 238 404 320 427 369 450 415 468 444 477 475 490 499 500 -262 397 -262 397 -212 389 -203 386 -154 394 -101 408 -16 422 30 431 77 442 139 450 149 450 218 456 300 464 351 473 400 481 434 487 472 492 499 498 0 0 0 0 0 0 0 0 0 0 0 0 0 0 0 0 0 0 0 0 0 0 0 0 0 0 0 0 0 0 0 0 0 0 0 0 0 0 0 0 0 0 0 0 0 0 0 0 0 0 0 0 0 0 0 0 0 0 0 0 0 0 0 0 0 0 0 0 0 0 0 0 0 0 0 0 0 0 0 0 
0 1 0 0 0 0 
-280 447 -262 444 -168 444 -94 426 -70 429 -17 417 17 411 87 405 130 429 175 438 226 441 285 453 339 468 388 471 444 480 467 483 488 489 500 498 -206 357 -206 357 -112 379 -23 370 -1 370 32 375 82 383 128 383 165 387 231 392 265 400 326 413 393 452 425 465 469 478 485 491 499 500 0 0 0 0 0 0 0 0 0 0 0 0 0 0 0 0 0 0 0 0 0 0 0 0 0 0 0 0 0 0 0 0 0 0 0 0 0 0 0 0 0 0 0 0 0 0 0 0 0 0 0 0 0 0 0 0 0 0 0 0 0 0 0 0 0 0 0 0 0 0 0 0 0 0 0 0 0 0 0 0 
0 1 0 0 0 0 
-249 445 -249 445 -173 437 -122 432 -65 429 2 424 55 424 114 427 189 437 201 440 233 445 299 458 346 472 386 480 414 485 441 488 491 498 500 498 -246 378 -167 387 -119 382 -61 378 6 374 62 374 130 387 206 408 215 412 249 425 312 451 360 463 395 472 422 476 449 480 499 497 0 0 0 0 0 0 0 0 0 0 0 0 0 0 0 0 0 0 0 0 0 0 0 0 0 0 0 0 0 0 0 0 0 0 0 0 0 0 0 0 0 0 0 0 0 0 0 0 0 0 0 0 0 0 0 0 0 0 0 0 0 0 0 0 0 0 0 0 0 0 0 0 0 0 0 0 0 0 0 0 0 0 
0 1 0 0 0 0 
-197 445 -181 458 -129 475 -79 489 -20 497 56 493 108 493 170 484 180 484 249 471 308 462 366 454 427 436 447 432 499 423 -200 127 -276 485 -276 485 -210 497 -155 500 -83 494 -11 479 33 473 108 462 120 462 190 453 249 447 317 436 364 433 403 427 456 424 499 424 0 0 0 0 0 0 0 0 0 0 0 0 0 0 0 0 0 0 0 0 0 0 0 0 0 0 0 0 0 0 0 0 0 0 0 0 0 0 0 0 0 0 0 0 0 0 0 0 0 0 0 0 0 0 0 0 0 0 0 0 0 0 0 0 0 0 0 0 0 0 0 0 0 0 0 0 0 0 0 0 0 0 0 0 0 0 
0 1 0 0 0 0 
42 349 42 349 42 349 246 418 246 418 499 500 -180 342 -180 342 -167 361 -124 407 -105 426 -14 469 0 473 125 484 125 484 179 461 250 450 316 446 327 442 360 442 418 446 450 461 487 500 499 426 0 0 0 0 0 0 0 0 0 0 0 0 0 0 0 0 0 0 0 0 0 0 0 0 0 0 0 0 0 0 0 0 0 0 0 0 0 0 0 0 0 0 0 0 0 0 0 0 0 0 0 0 0 0 0 0 0 0 0 0 0 0 0 0 0 0 0 0 0 0 0 0 0 0 0 0 0 0 0 0 0 0 0 0 0 0 0 0 0 0 0 0 0 0 0 0 0 0 0 0 0 0 
0 1 0 0 0 0 
-245 427 -227 440 -205 445 -146 459 -109 459 -40 468 39 490 116 500 500 440 500 440 -249 203 -199 475 -185 468 -154 468 -103 472 -69 479 4 486 74 496 151 499 151 499 252 493 311 486 357 479 368 479 426 468 461 465 484 468 493 468 499 213 499 213 0 0 0 0 0 0 0 0 0 0 0 0 0 0 0 0 0 0 0 0 0 0 0 0 0 0 0 0 0 0 0 0 0 0 0 0 0 0 0 0 0 0 0 0 0 0 0 0 0 0 0 0 0 0 0 0 0 0 0 0 0 0 0 0 0 0 0 0 0 0 0 0 0 0 0 0 0 0 0 0 0 0 0 0 0 0 0 0 0 0 
0 1 0 0 0 0 
-223 160 -210 164 -147 179 -124 187 -69 202 -57 209 40 251 80 282 174 347 213 366 229 377 291 408 313 419 356 446 402 477 422 477 451 484 499 500 -286 259 -276 256 -209 254 -184 254 -113 272 -105 272 -5 289 34 327 130 359 171 375 190 381 251 386 275 386 313 400 370 448 394 456 436 472 500 500 0 0 0 0 0 0 0 0 0 0 0 0 0 0 0 0 0 0 0 0 0 0 0 0 0 0 0 0 0 0 0 0 0 0 0 0 0 0 0 0 0 0 0 0 0 0 0 0 0 0 0 0 0 0 0 0 0 0 0 0 0 0 0 0 0 0 0 0 0 0 0 0 0 0 0 0 0 0 
0 1 0 0 0 0 
-219 496 -205 490 -177 472 -95 435 -41 417 23 404 48 398 131 411 179 411 252 423 289 429 357 441 417 447 466 453 499 478 -280 499 -266 486 -234 469 -136 448 -87 421 -20 408 4 404 87 387 138 380 210 384 256 387 339 408 397 418 428 425 490 442 499 438 0 0 0 0 0 0 0 0 0 0 0 0 0 0 0 0 0 0 0 0 0 0 0 0 0 0 0 0 0 0 0 0 0 0 0 0 0 0 0 0 0 0 0 0 0 0 0 0 0 0 0 0 0 0 0 0 0 0 0 0 0 0 0 0 0 0 0 0 0 0 0 0 0 0 0 0 0 0 0 0 0 0 0 0 0 0 0 0 
0 1 0 0 0 0 
-257 500 -299 208 -284 198 -280 195 -249 182 -206 175 -163 178 -111 185 -8 198 34 198 57 198 87 201 162 208 195 211 229 211 299 225 368 453 390 460 420 466 471 447 499 182 499 182 499 182 -255 500 -242 486 -221 473 -197 453 -153 440 -103 443 -31 447 63 437 103 440 127 437 160 437 222 440 257 443 308 450 374 453 496 437 500 433 0 0 0 0 0 0 0 0 0 0 0 0 0 0 0 0 0 0 0 0 0 0 0 0 0 0 0 0 0 0 0 0 0 0 0 0 0 0 0 0 0 0 0 0 0 0 0 0 0 0 0 0 0 0 0 0 0 0 0 0 0 0 0 0 0 0 0 0 0 0 
0 1 0 0 0 0 
-353 149 -353 149 -321 178 -269 218 -232 244 -167 270 -111 281 -44 277 7 291 28 299 117 485 140 481 177 470 239 463 282 463 333 474 389 489 426 492 478 500 500 496 -176 483 -176 483 -46 483 54 487 156 494 214 494 335 498 459 487 500 480 0 0 0 0 0 0 0 0 0 0 0 0 0 0 0 0 0 0 0 0 0 0 0 0 0 0 0 0 0 0 0 0 0 0 0 0 0 0 0 0 0 0 0 0 0 0 0 0 0 0 0 0 0 0 0 0 0 0 0 0 0 0 0 0 0 0 0 0 0 0 0 0 0 0 0 0 0 0 0 0 0 0 0 0 0 0 0 0 0 0 0 0 
0 1 0 0 0 0 
-341 459 -341 459 -258 479 -204 493 -152 500 -98 500 -43 479 6 439 57 418 113 385 168 358 180 351 248 337 303 344 358 364 406 378 461 385 500 398 500 398 -335 478 -264 495 -205 495 -148 495 -89 498 -37 488 9 475 62 452 135 415 187 396 197 392 254 382 322 392 375 402 425 415 483 425 500 432 0 0 0 0 0 0 0 0 0 0 0 0 0 0 0 0 0 0 0 0 0 0 0 0 0 0 0 0 0 0 0 0 0 0 0 0 0 0 0 0 0 0 0 0 0 0 0 0 0 0 0 0 0 0 0 0 0 0 0 0 0 0 0 0 0 0 0 0 0 0 0 0 0 0 0 0 0 0 
0 1 0 0 0 0 
499 -475 179 -479 177 -460 173 -358 169 -259 165 -157 163 -30 161 53 159 138 157 244 159 373 161 490 404 498 404 498 499 -475 499 -475 463 -352 455 -254 447 -155 439 -51 431 77 431 161 426 246 422 367 404 498 0 0 0 0 0 0 0 0 0 0 0 0 0 0 0 0 0 0 0 0 0 0 0 0 0 0 0 0 0 0 0 0 0 0 0 0 0 0 0 0 0 0 0 0 0 0 0 0 0 0 0 0 0 0 0 0 0 0 0 0 0 0 0 0 0 0 0 0 0 0 0 0 0 0 0 0 0 0 0 0 0 0 0 0 0 0 0 0 0 0 0 0 0 0 0 0 0 0 0 0 
0 0 1 0 0 0 
365 -360 373 -258 386 -178 400 -78 410 2 436 132 471 263 478 363 489 460 500 500 453 -367 453 -367 451 -253 459 -166 465 -88 469 -8 485 123 497 266 500 357 497 450 491 500 0 0 0 0 0 0 0 0 0 0 0 0 0 0 0 0 0 0 0 0 0 0 0 0 0 0 0 0 0 0 0 0 0 0 0 0 0 0 0 0 0 0 0 0 0 0 0 0 0 0 0 0 0 0 0 0 0 0 0 0 0 0 0 0 0 0 0 0 0 0 0 0 0 0 0 0 0 0 0 0 0 0 0 0 0 0 0 0 0 0 0 0 0 0 0 0 0 0 0 0 0 0 0 0 0 0 0 0 
0 0 1 0 0 0 
466 -468 466 -468 463 -361 460 -302 457 -217 457 -156 460 -89 463 -30 466 13 466 82 469 139 475 209 481 283 483 350 489 416 498 479 498 498 498 -446 479 -339 471 -288 466 -205 464 -137 468 -83 468 -17 473 26 475 98 477 155 486 231 486 293 483 363 490 444 477 498 0 0 0 0 0 0 0 0 0 0 0 0 0 0 0 0 0 0 0 0 0 0 0 0 0 0 0 0 0 0 0 0 0 0 0 0 0 0 0 0 0 0 0 0 0 0 0 0 0 0 0 0 0 0 0 0 0 0 0 0 0 0 0 0 0 0 0 0 0 0 0 0 0 0 0 0 0 0 0 0 0 0 0 0 0 0 
0 0 1 0 0 0 
498 -341 221 -354 226 -326 245 -223 247 -179 260 -98 268 45 268 89 274 183 279 271 276 400 276 446 281 498 473 -343 481 -298 495 -190 495 -172 500 -125 500 51 497 101 497 192 500 276 493 395 491 444 475 498 0 0 0 0 0 0 0 0 0 0 0 0 0 0 0 0 0 0 0 0 0 0 0 0 0 0 0 0 0 0 0 0 0 0 0 0 0 0 0 0 0 0 0 0 0 0 0 0 0 0 0 0 0 0 0 0 0 0 0 0 0 0 0 0 0 0 0 0 0 0 0 0 0 0 0 0 0 0 0 0 0 0 0 0 0 0 0 0 0 0 0 0 0 0 0 0 0 0 0 0 
0 0 1 0 0 0 
192 -377 192 -377 202 -303 204 -265 206 -198 210 -131 217 -19 221 73 225 144 229 198 244 284 250 338 265 443 265 459 271 491 498 500 498 500 445 -366 449 -346 455 -288 462 -250 464 -189 466 -133 468 -12 474 77 482 148 488 200 494 286 498 342 496 446 494 461 482 500 0 0 0 0 0 0 0 0 0 0 0 0 0 0 0 0 0 0 0 0 0 0 0 0 0 0 0 0 0 0 0 0 0 0 0 0 0 0 0 0 0 0 0 0 0 0 0 0 0 0 0 0 0 0 0 0 0 0 0 0 0 0 0 0 0 0 0 0 0 0 0 0 0 0 0 0 0 0 0 0 0 0 0 0 0 0 
0 0 1 0 0 0 
445 -445 445 -445 441 -385 443 -269 443 -219 449 -141 458 -70 464 -13 471 61 483 182 486 271 494 369 500 479 498 500 367 -467 382 -383 392 -286 402 -221 414 -159 427 -90 434 -22 441 50 454 168 464 257 488 365 498 498 0 0 0 0 0 0 0 0 0 0 0 0 0 0 0 0 0 0 0 0 0 0 0 0 0 0 0 0 0 0 0 0 0 0 0 0 0 0 0 0 0 0 0 0 0 0 0 0 0 0 0 0 0 0 0 0 0 0 0 0 0 0 0 0 0 0 0 0 0 0 0 0 0 0 0 0 0 0 0 0 0 0 0 0 0 0 0 0 0 0 0 0 0 0 0 0 0 0 
0 0 1 0 0 0 
500 -459 286 -471 286 -439 286 -385 279 -282 273 -209 271 -140 270 -62 264 2 259 66 246 137 235 226 218 329 208 428 200 478 167 500 500 -455 500 -455 500 -405 492 -280 481 -207 474 -129 470 -56 467 2 459 80 452 165 439 290 434 382 428 459 419 500 0 0 0 0 0 0 0 0 0 0 0 0 0 0 0 0 0 0 0 0 0 0 0 0 0 0 0 0 0 0 0 0 0 0 0 0 0 0 0 0 0 0 0 0 0 0 0 0 0 0 0 0 0 0 0 0 0 0 0 0 0 0 0 0 0 0 0 0 0 0 0 0 0 0 0 0 0 0 0 0 0 0 0 0 0 0 0 0 0 0 
0 0 1 0 0 0 
441 -454 197 -443 199 -415 203 -370 205 -292 207 -231 210 -153 214 -88 220 -15 239 112 245 192 254 270 256 316 258 374 250 469 237 500 500 435 500 435 438 -450 438 -450 446 -390 450 -294 452 -240 454 -156 459 -102 471 9 484 126 488 214 492 285 496 345 496 399 498 474 496 500 0 0 0 0 0 0 0 0 0 0 0 0 0 0 0 0 0 0 0 0 0 0 0 0 0 0 0 0 0 0 0 0 0 0 0 0 0 0 0 0 0 0 0 0 0 0 0 0 0 0 0 0 0 0 0 0 0 0 0 0 0 0 0 0 0 0 0 0 0 0 0 0 0 0 0 0 0 0 0 0 0 0 0 0 
0 0 1 0 0 0 
214 -294 222 -271 240 -200 253 -130 261 -83 271 12 281 132 289 271 293 378 293 459 500 500 500 500 477 -286 479 -261 481 -193 485 -127 489 -70 495 29 499 161 499 288 497 395 487 500 0 0 0 0 0 0 0 0 0 0 0 0 0 0 0 0 0 0 0 0 0 0 0 0 0 0 0 0 0 0 0 0 0 0 0 0 0 0 0 0 0 0 0 0 0 0 0 0 0 0 0 0 0 0 0 0 0 0 0 0 0 0 0 0 0 0 0 0 0 0 0 0 0 0 0 0 0 0 0 0 0 0 0 0 0 0 0 0 0 0 0 0 0 0 0 0 0 0 0 0 0 0 0 0 0 0 
0 0 1 0 0 0 
200 -364 200 -364 214 -221 225 -120 235 -38 244 42 252 109 267 154 275 246 284 324 288 371 294 446 315 482 498 478 486 499 456 -362 456 -342 466 -213 471 -117 475 -31 477 53 485 122 489 168 491 248 497 342 499 400 497 451 489 500 0 0 0 0 0 0 0 0 0 0 0 0 0 0 0 0 0 0 0 0 0 0 0 0 0 0 0 0 0 0 0 0 0 0 0 0 0 0 0 0 0 0 0 0 0 0 0 0 0 0 0 0 0 0 0 0 0 0 0 0 0 0 0 0 0 0 0 0 0 0 0 0 0 0 0 0 0 0 0 0 0 0 0 0 0 0 0 0 0 0 0 0 0 0 
0 0 1 0 0 0 
209 -456 218 -430 224 -413 234 -383 249 -339 268 -251 280 -138 288 -12 293 112 295 225 295 285 293 383 299 474 498 500 498 500 468 -445 470 -425 472 -416 474 -398 480 -342 488 -247 492 -144 498 -18 500 112 500 229 494 288 486 385 474 500 0 0 0 0 0 0 0 0 0 0 0 0 0 0 0 0 0 0 0 0 0 0 0 0 0 0 0 0 0 0 0 0 0 0 0 0 0 0 0 0 0 0 0 0 0 0 0 0 0 0 0 0 0 0 0 0 0 0 0 0 0 0 0 0 0 0 0 0 0 0 0 0 0 0 0 0 0 0 0 0 0 0 0 0 0 0 0 0 0 0 0 0 0 0 
0 0 1 0 0 0 
499 -481 499 -481 499 -397 497 -345 493 -300 481 -218 474 -142 467 -58 458 34 440 153 433 213 426 278 421 354 417 438 410 483 400 498 500 -435 498 -409 494 -349 483 -277 469 -199 455 -115 446 -23 439 74 432 178 430 243 428 335 428 409 426 472 426 500 0 0 0 0 0 0 0 0 0 0 0 0 0 0 0 0 0 0 0 0 0 0 0 0 0 0 0 0 0 0 0 0 0 0 0 0 0 0 0 0 0 0 0 0 0 0 0 0 0 0 0 0 0 0 0 0 0 0 0 0 0 0 0 0 0 0 0 0 0 0 0 0 0 0 0 0 0 0 0 0 0 0 0 0 0 0 0 0 0 0 
0 0 1 0 0 0 
417 -454 230 -461 231 -430 231 -411 233 -305 235 -258 241 -169 245 -70 249 23 255 120 259 178 265 237 309 343 298 369 304 423 302 487 298 498 499 447 499 447 417 -451 417 -451 417 -426 411 -325 413 -243 421 -148 430 -52 440 42 454 136 460 198 479 277 487 344 491 382 497 434 499 478 499 498 0 0 0 0 0 0 0 0 0 0 0 0 0 0 0 0 0 0 0 0 0 0 0 0 0 0 0 0 0 0 0 0 0 0 0 0 0 0 0 0 0 0 0 0 0 0 0 0 0 0 0 0 0 0 0 0 0 0 0 0 0 0 0 0 0 0 0 0 0 0 0 0 0 0 0 0 0 0 0 0 
0 0 1 0 0 0 
265 -468 265 -446 263 -391 257 -318 253 -283 248 -224 244 -147 242 -85 242 -8 244 83 248 169 251 235 259 345 265 424 271 498 500 441 500 441 488 -459 488 -459 488 -410 480 -344 467 -284 451 -214 443 -153 439 -83 437 -23 443 72 451 160 467 244 482 358 490 433 500 498 0 0 0 0 0 0 0 0 0 0 0 0 0 0 0 0 0 0 0 0 0 0 0 0 0 0 0 0 0 0 0 0 0 0 0 0 0 0 0 0 0 0 0 0 0 0 0 0 0 0 0 0 0 0 0 0 0 0 0 0 0 0 0 0 0 0 0 0 0 0 0 0 0 0 0 0 0 0 0 0 0 0 0 0 0 0 
0 0 1 0 0 0 
498 -482 498 -482 500 -455 500 -368 494 -297 488 -237 480 -123 477 -36 473 54 471 169 467 306 469 340 461 416 461 469 463 498 500 -482 497 -451 492 -355 481 -283 467 -216 438 -98 431 -19 424 85 422 172 420 299 417 340 413 441 408 500 0 0 0 0 0 0 0 0 0 0 0 0 0 0 0 0 0 0 0 0 0 0 0 0 0 0 0 0 0 0 0 0 0 0 0 0 0 0 0 0 0 0 0 0 0 0 0 0 0 0 0 0 0 0 0 0 0 0 0 0 0 0 0 0 0 0 0 0 0 0 0 0 0 0 0 0 0 0 0 0 0 0 0 0 0 0 0 0 0 0 0 0 0 0 
0 0 1 0 0 0 
500 459 262 500 260 476 250 369 245 284 237 189 231 101 229 59 231 -80 231 -120 215 -258 198 -393 190 -452 449 -466 449 -466 500 498 500 498 472 353 466 313 450 182 449 138 445 12 445 -29 443 -133 435 -266 431 -367 441 -441 0 0 0 0 0 0 0 0 0 0 0 0 0 0 0 0 0 0 0 0 0 0 0 0 0 0 0 0 0 0 0 0 0 0 0 0 0 0 0 0 0 0 0 0 0 0 0 0 0 0 0 0 0 0 0 0 0 0 0 0 0 0 0 0 0 0 0 0 0 0 0 0 0 0 0 0 0 0 0 0 0 0 0 0 0 0 0 0 0 0 0 0 0 0 0 0 
0 0 0 1 0 0 
497 499 497 499 499 421 499 368 493 282 488 196 488 138 483 40 481 -53 480 -154 475 -252 469 -325 473 -434 476 -452 500 500 496 403 493 367 487 280 487 193 490 136 490 37 493 -58 493 -155 490 -245 484 -318 459 -448 0 0 0 0 0 0 0 0 0 0 0 0 0 0 0 0 0 0 0 0 0 0 0 0 0 0 0 0 0 0 0 0 0 0 0 0 0 0 0 0 0 0 0 0 0 0 0 0 0 0 0 0 0 0 0 0 0 0 0 0 0 0 0 0 0 0 0 0 0 0 0 0 0 0 0 0 0 0 0 0 0 0 0 0 0 0 0 0 0 0 0 0 0 0 0 0 0 0 
0 0 0 1 0 0 
498 498 270 492 270 467 276 391 285 268 289 213 295 97 295 61 297 -10 301 -82 301 -169 301 -226 301 -293 268 -336 241 -380 224 -418 457 -372 457 -372 489 498 491 475 497 399 500 272 500 219 497 126 495 71 493 2 491 -69 489 -154 485 -200 473 -279 464 -300 456 -336 448 -365 0 0 0 0 0 0 0 0 0 0 0 0 0 0 0 0 0 0 0 0 0 0 0 0 0 0 0 0 0 0 0 0 0 0 0 0 0 0 0 0 0 0 0 0 0 0 0 0 0 0 0 0 0 0 0 0 0 0 0 0 0 0 0 0 0 0 0 0 0 0 0 0 0 0 0 0 0 0 0 0 0 0 0 0 
0 0 0 1 0 0 
464 500 469 475 469 389 475 274 486 206 489 189 500 96 497 38 486 -48 478 -137 469 -211 464 -290 458 -355 453 -459 498 500 498 500 494 374 492 279 494 205 494 182 494 71 492 0 484 -123 480 -202 475 -261 471 -346 465 -382 0 0 0 0 0 0 0 0 0 0 0 0 0 0 0 0 0 0 0 0 0 0 0 0 0 0 0 0 0 0 0 0 0 0 0 0 0 0 0 0 0 0 0 0 0 0 0 0 0 0 0 0 0 0 0 0 0 0 0 0 0 0 0 0 0 0 0 0 0 0 0 0 0 0 0 0 0 0 0 0 0 0 0 0 0 0 0 0 0 0 0 0 0 0 0 0 
0 0 0 1 0 0 
417 500 417 500 442 437 463 397 470 354 483 254 493 137 500 43 497 -81 495 -181 493 -224 476 -351 461 -410 453 -445 453 -445 451 500 451 500 440 438 451 369 459 303 486 176 498 79 498 -43 490 -132 490 -181 494 -288 494 -423 490 -446 0 0 0 0 0 0 0 0 0 0 0 0 0 0 0 0 0 0 0 0 0 0 0 0 0 0 0 0 0 0 0 0 0 0 0 0 0 0 0 0 0 0 0 0 0 0 0 0 0 0 0 0 0 0 0 0 0 0 0 0 0 0 0 0 0 0 0 0 0 0 0 0 0 0 0 0 0 0 0 0 0 0 0 0 0 0 0 0 0 0 0 0 0 0 
0 0 0 1 0 0 
490 429 230 498 234 472 240 413 253 305 264 214 279 100 294 -66 294 -161 294 -214 283 -310 275 -387 498 -421 498 -421 473 498 477 452 479 404 488 270 492 170 496 62 498 -96 498 -185 492 -293 486 -373 482 -415 0 0 0 0 0 0 0 0 0 0 0 0 0 0 0 0 0 0 0 0 0 0 0 0 0 0 0 0 0 0 0 0 0 0 0 0 0 0 0 0 0 0 0 0 0 0 0 0 0 0 0 0 0 0 0 0 0 0 0 0 0 0 0 0 0 0 0 0 0 0 0 0 0 0 0 0 0 0 0 0 0 0 0 0 0 0 0 0 0 0 0 0 0 0 0 0 0 0 0 0 
0 0 0 1 0 0 
322 500 322 474 328 400 330 353 332 287 335 215 335 82 333 0 330 -76 328 -169 326 -248 322 -302 316 -389 314 -438 499 -446 499 -446 483 498 483 474 486 406 492 319 494 265 500 170 500 46 496 -35 488 -111 481 -208 477 -260 472 -330 466 -398 460 -444 0 0 0 0 0 0 0 0 0 0 0 0 0 0 0 0 0 0 0 0 0 0 0 0 0 0 0 0 0 0 0 0 0 0 0 0 0 0 0 0 0 0 0 0 0 0 0 0 0 0 0 0 0 0 0 0 0 0 0 0 0 0 0 0 0 0 0 0 0 0 0 0 0 0 0 0 0 0 0 0 0 0 0 0 0 0 0 0 0 0 
0 0 0 1 0 0 
287 500 285 473 280 417 276 368 273 268 274 189 280 89 283 34 289 -63 289 -131 291 -189 292 -281 294 -331 300 -427 499 -438 499 -438 497 498 491 475 482 439 466 372 455 270 459 192 475 73 481 26 491 -83 495 -144 497 -211 497 -306 499 -344 495 -425 0 0 0 0 0 0 0 0 0 0 0 0 0 0 0 0 0 0 0 0 0 0 0 0 0 0 0 0 0 0 0 0 0 0 0 0 0 0 0 0 0 0 0 0 0 0 0 0 0 0 0 0 0 0 0 0 0 0 0 0 0 0 0 0 0 0 0 0 0 0 0 0 0 0 0 0 0 0 0 0 0 0 0 0 0 0 0 0 0 0 
0 0 0 1 0 0 
473 500 475 476 479 431 481 372 479 243 479 202 475 112 477 73 479 -12 479 -79 487 -159 487 -245 491 -338 500 -409 208 500 210 478 212 429 222 348 232 227 240 148 242 95 246 38 254 -40 256 -104 258 -210 258 -263 256 -361 252 -451 494 -438 500 -448 0 0 0 0 0 0 0 0 0 0 0 0 0 0 0 0 0 0 0 0 0 0 0 0 0 0 0 0 0 0 0 0 0 0 0 0 0 0 0 0 0 0 0 0 0 0 0 0 0 0 0 0 0 0 0 0 0 0 0 0 0 0 0 0 0 0 0 0 0 0 0 0 0 0 0 0 0 0 0 0 0 0 0 0 0 0 0 0 0 0 
0 0 0 1 0 0 
331 500 327 474 324 404 319 296 313 198 312 142 312 44 308 -56 308 -126 303 -257 300 -364 495 -439 499 -450 500 500 493 473 485 409 472 293 465 215 462 158 457 63 454 -33 450 -99 439 -248 437 -324 0 0 0 0 0 0 0 0 0 0 0 0 0 0 0 0 0 0 0 0 0 0 0 0 0 0 0 0 0 0 0 0 0 0 0 0 0 0 0 0 0 0 0 0 0 0 0 0 0 0 0 0 0 0 0 0 0 0 0 0 0 0 0 0 0 0 0 0 0 0 0 0 0 0 0 0 0 0 0 0 0 0 0 0 0 0 0 0 0 0 0 0 0 0 0 0 0 0 0 0 0 0 
0 0 0 1 0 0 
236 500 236 500 234 414 234 286 233 193 234 108 238 15 240 -2 261 -128 268 -173 276 -231 278 -310 263 -430 500 -418 500 -425 483 498 477 417 471 296 471 231 467 123 471 56 471 8 483 -96 486 -150 494 -206 498 -285 500 -373 0 0 0 0 0 0 0 0 0 0 0 0 0 0 0 0 0 0 0 0 0 0 0 0 0 0 0 0 0 0 0 0 0 0 0 0 0 0 0 0 0 0 0 0 0 0 0 0 0 0 0 0 0 0 0 0 0 0 0 0 0 0 0 0 0 0 0 0 0 0 0 0 0 0 0 0 0 0 0 0 0 0 0 0 0 0 0 0 0 0 0 0 0 0 0 0 
0 0 0 1 0 0 
458 500 476 325 485 178 491 61 494 12 497 -93 500 -213 500 -321 497 -428 497 -458 453 498 453 498 464 324 468 184 475 50 477 33 479 -77 481 -210 483 -305 488 -370 498 -445 498 -445 0 0 0 0 0 0 0 0 0 0 0 0 0 0 0 0 0 0 0 0 0 0 0 0 0 0 0 0 0 0 0 0 0 0 0 0 0 0 0 0 0 0 0 0 0 0 0 0 0 0 0 0 0 0 0 0 0 0 0 0 0 0 0 0 0 0 0 0 0 0 0 0 0 0 0 0 0 0 0 0 0 0 0 0 0 0 0 0 0 0 0 0 0 0 0 0 0 0 0 0 0 0 0 0 0 0 
0 0 0 1 0 0 
500 474 324 498 324 476 322 376 318 246 312 159 294 62 281 -13 272 -113 268 -177 262 -261 258 -343 249 -427 428 -450 429 -454 500 500 500 500 492 379 485 243 476 154 464 61 454 -38 447 -111 442 -163 432 -245 426 -334 426 -415 0 0 0 0 0 0 0 0 0 0 0 0 0 0 0 0 0 0 0 0 0 0 0 0 0 0 0 0 0 0 0 0 0 0 0 0 0 0 0 0 0 0 0 0 0 0 0 0 0 0 0 0 0 0 0 0 0 0 0 0 0 0 0 0 0 0 0 0 0 0 0 0 0 0 0 0 0 0 0 0 0 0 0 0 0 0 0 0 0 0 0 0 0 0 0 0 
0 0 0 1 0 0 
498 500 496 404 496 363 493 272 490 212 488 144 485 87 485 27 483 -31 480 -95 475 -208 470 -265 467 -321 457 -359 444 -448 426 -470 497 500 497 500 499 413 499 368 493 292 489 230 489 177 479 105 477 50 473 -4 469 -65 463 -169 461 -230 457 -283 457 -330 455 -381 465 -451 465 -451 0 0 0 0 0 0 0 0 0 0 0 0 0 0 0 0 0 0 0 0 0 0 0 0 0 0 0 0 0 0 0 0 0 0 0 0 0 0 0 0 0 0 0 0 0 0 0 0 0 0 0 0 0 0 0 0 0 0 0 0 0 0 0 0 0 0 0 0 0 0 0 0 0 0 0 0 0 0 0 0 0 0 
0 0 0 1 0 0 
499 498 499 498 483 370 478 268 491 128 493 90 493 40 499 -54 497 -161 495 -270 487 -337 474 -429 452 500 444 358 444 257 471 139 480 107 492 54 500 -45 500 -152 485 -283 480 -340 0 0 0 0 0 0 0 0 0 0 0 0 0 0 0 0 0 0 0 0 0 0 0 0 0 0 0 0 0 0 0 0 0 0 0 0 0 0 0 0 0 0 0 0 0 0 0 0 0 0 0 0 0 0 0 0 0 0 0 0 0 0 0 0 0 0 0 0 0 0 0 0 0 0 0 0 0 0 0 0 0 0 0 0 0 0 0 0 0 0 0 0 0 0 0 0 0 0 0 0 0 0 0 0 0 0 
0 0 0 1 0 0 
-114 498 -119 442 -128 371 -134 260 -138 206 -141 117 -136 41 -238 -140 -238 -140 -238 -140 -239 -162 -228 -233 -173 -157 -95 -98 -93 -88 -34 -19 -15 41 46 120 128 189 126 223 239 356 344 459 344 466 379 476 396 484 500 368 487 144 487 95 485 -51 484 -95 484 -213 484 -289 484 -336 -321 500 -321 500 -299 418 -313 346 -320 234 -320 188 -320 124 -317 26 -162 -66 -162 -66 -159 -110 -156 -143 -152 -188 -128 -229 -91 -188 -49 -141 -31 -114 12 -55 47 -7 98 64 165 160 173 174 242 291 303 366 350 411 380 435 413 444 425 440 481 342 491 114 492 71 497 -62 498 -124 498 -215 498 -291 500 -339 500 -342 0 0 0 0 0 0 0 0 0 0 
0 0 0 0 1 0 
-148 463 -289 500 -285 470 -279 393 -278 284 -274 152 -274 36 -274 -72 -274 -202 -272 -295 -271 -343 -224 -309 -151 -211 -111 -168 -98 -138 -16 -2 -12 25 182 125 206 165 216 177 228 200 244 222 351 388 364 411 394 450 432 481 463 481 490 429 497 370 500 261 497 193 492 81 490 2 484 -88 480 -190 480 -275 481 -343 484 -379 -97 451 -98 429 -98 348 -98 208 -95 105 -90 -4 -89 -110 -87 -233 -79 -314 -77 -346 -27 -314 53 -217 87 -175 108 -148 196 -17 209 4 129 123 129 123 129 123 210 267 273 310 333 402 361 449 411 469 445 498 478 485 492 422 497 357 499 265 497 168 497 44 494 -20 494 -107 495 -240 494 -278 491 -348 491 -397 
0 0 0 0 1 0 
-146 498 -148 444 -151 367 -154 255 -157 180 -157 97 -153 -36 -143 -203 -140 -286 -139 -338 -118 -356 -45 -284 -28 -261 34 -173 49 -144 113 -36 173 56 188 79 203 103 256 185 274 209 338 306 374 349 401 379 460 266 469 178 472 76 480 -60 489 -158 487 -203 491 -293 495 -386 500 -417 -301 498 -301 498 -298 440 -296 366 -296 257 -293 189 -291 87 -294 -30 -290 -200 -289 -300 -289 -346 -271 -372 -171 -287 -169 -278 -98 -152 -92 -139 -30 -41 21 39 83 87 85 104 120 174 135 200 214 302 252 331 270 359 328 267 335 174 338 71 342 -67 342 -167 342 -211 343 -302 342 -409 341 -444 499 -424 499 -424 0 0 0 0 0 0 0 0 0 0 0 0 
0 0 0 0 1 0 
-146 500 -140 436 -144 352 -153 237 -167 81 -168 5 -170 -89 -171 -216 -174 -278 -175 -367 -178 -410 -175 -431 -97 -441 -53 -403 -29 -380 34 -285 87 -204 97 -181 147 -86 177 -40 283 147 289 155 346 252 377 308 409 359 455 415 465 426 499 456 496 142 -293 500 -293 500 -287 441 -287 351 -287 263 -316 95 -323 26 -323 -60 -326 -185 -326 -268 -326 -348 -304 -429 -296 -453 -243 -456 -152 -365 -151 -343 -92 -219 -9 -158 -23 -119 35 -34 39 -2 195 36 253 102 140 165 140 165 231 302 232 321 285 370 331 434 345 453 352 478 483 429 490 439 500 329 490 275 471 185 353 134 442 -119 435 -156 431 -241 431 -275 433 -356 0 0 0 0 0 0 0 0 
0 0 0 0 1 0 
-272 500 -256 465 -247 435 -232 334 -228 243 -227 130 -223 4 -221 -64 -216 -177 -214 -197 -68 -288 -64 -330 -62 -359 -60 -381 -36 -406 46 -290 51 -280 92 -209 138 -113 202 -12 266 83 289 128 322 184 342 216 393 288 421 332 455 384 484 418 499 391 491 268 486 209 458 54 453 17 442 -49 434 -120 429 -179 418 -283 389 -408 372 -453 265 -460 265 -460 -69 464 -69 464 -66 417 -60 286 -48 153 -37 74 -30 -74 -27 -133 -21 -217 -9 -288 -121 -330 -121 -330 -121 -330 -70 -370 15 -229 18 -214 84 -101 150 -12 187 54 236 162 264 182 354 293 356 311 437 392 436 412 487 471 494 498 496 439 496 313 499 237 446 86 442 56 436 14 428 -96 
0 0 0 0 1 0 
-189 485 -189 485 -170 338 -137 171 -132 132 -125 4 -115 -99 -107 -219 -107 -239 -100 -342 -85 -427 -82 -454 -45 -442 76 -352 110 -311 126 -280 131 -243 95 -111 284 65 250 147 250 147 306 314 312 323 340 379 384 446 500 495 500 495 500 495 471 500 478 376 476 260 476 178 475 159 465 55 456 -45 456 -62 454 -173 456 -210 -78 500 23 -369 -14 -288 -14 -288 158 -41 114 24 114 24 114 24 330 490 331 495 499 4 499 4 497 -19 497 -189 0 0 0 0 0 0 0 0 0 0 0 0 0 0 0 0 0 0 0 0 0 0 0 0 0 0 0 0 0 0 0 0 0 0 0 0 0 0 0 0 0 0 0 0 0 0 
0 0 0 0 1 0 
499 497 -4 500 -10 397 -14 268 -13 224 -16 85 -85 48 -85 48 -85 48 -73 -70 -66 -207 -64 -243 47 -107 57 -90 131 21 157 70 204 173 266 270 307 324 319 341 328 368 379 417 388 431 499 409 474 187 471 -124 -163 500 -163 500 -156 405 -152 266 -152 266 -144 160 -48 66 -9 -56 -5 -70 -2 -101 1 -209 9 -257 115 -129 115 -129 160 -61 204 18 259 106 319 212 350 266 367 292 386 320 430 372 442 386 444 389 497 353 499 141 496 -99 408 -155 423 -261 425 -273 423 -384 420 -412 0 0 0 0 0 0 0 0 0 0 0 0 0 0 0 0 0 0 0 0 0 0 0 0 0 0 0 0 0 0 0 0 0 0 
0 0 0 0 1 0 
497 500 -93 478 -93 478 -83 373 -43 191 -161 204 -161 204 -161 179 -164 69 -164 -67 -162 -119 -156 -173 365 316 357 352 433 498 433 498 433 498 433 498 499 42 499 42 499 22 499 -89 499 -141 499 -260 499 -319 495 -391 -289 446 -283 427 -273 357 -265 302 -97 155 -96 142 -92 97 -86 21 -82 -55 -73 -125 -62 -195 -60 -212 -55 -293 18 -253 55 -208 99 -136 116 -110 153 -42 208 46 253 125 276 189 343 285 343 285 343 285 317 489 428 485 428 491 428 491 442 500 448 500 452 493 459 327 459 238 466 117 475 65 486 -8 486 -46 487 -85 487 -134 487 -248 489 -323 496 -387 499 -400 0 0 0 0 0 0 0 0 0 0 0 0 
0 0 0 0 1 0 
150 105 500 500 -135 424 -177 309 -180 255 -178 134 -177 59 -174 -38 -175 -130 -174 -200 -171 -266 -167 -268 -77 -185 -70 -172 18 -10 -107 -12 -107 -12 18 4 -23 168 -23 168 130 168 146 198 157 226 212 300 103 304 103 304 183 477 265 498 479 255 483 221 489 76 489 34 489 14 493 -138 493 -219 494 -324 494 -379 499 -428 -302 453 -302 453 -313 329 -314 272 -314 143 -311 61 -308 -25 -308 -122 -307 -191 -264 -274 -259 -278 -187 -183 -185 -168 -172 -113 16 -14 16 0 16 0 -38 101 -38 101 -21 103 -7 122 -7 122 12 166 23 206 210 293 216 305 216 305 173 396 339 483 339 483 351 495 380 500 440 468 443 424 466 280 384 253 384 253 
0 0 0 0 1 0 
500 497 -165 -11 -165 -11 -165 -11 -165 -37 -167 -201 -167 -259 -165 -339 -167 -421 -107 -388 -91 -358 -14 -274 40 -177 51 -145 130 -39 162 -14 181 30 194 70 194 70 276 185 297 213 326 266 425 377 425 377 497 498 497 498 497 498 497 -203 497 -203 497 -203 497 -229 499 -419 497 -449 497 -454 -88 405 -95 383 -105 317 -119 213 -118 117 -106 -20 -101 -58 -101 -92 -101 -117 -101 -213 -102 -269 -104 -349 -106 -421 -50 -387 -36 -362 28 -290 75 -199 90 -165 90 -165 61 -4 223 43 223 43 233 79 233 79 353 240 353 240 358 276 421 376 421 376 479 464 481 469 482 473 499 498 499 492 482 317 478 247 471 115 469 31 466 -61 468 -120 485 -204 
0 0 0 0 1 0 
500 500 -49 500 -45 378 -45 299 -41 168 -37 128 -24 21 -7 -175 -5 -226 -1 -305 4 -361 8 -412 17 -405 59 -288 102 -175 -15 -196 -15 -196 -11 -155 1 -87 48 4 52 49 175 68 121 250 121 250 182 337 182 337 216 401 255 491 493 -4 496 -25 499 -168 497 -264 -215 495 -215 495 -212 370 -209 288 -189 161 -182 118 -167 8 -156 -186 -151 -237 -147 -294 -142 -375 -139 -419 -6 -413 -4 -413 -96 -415 -80 -313 -80 -313 84 -177 88 -158 92 -127 99 -97 104 -63 136 2 154 63 95 186 95 186 110 192 270 336 277 362 296 411 331 483 334 485 383 500 399 349 393 283 435 175 406 122 441 67 354 25 354 25 361 -139 370 -279 500 -385 
0 0 0 0 1 0 
499 500 -92 443 -98 373 -103 266 -101 176 -103 72 -105 -27 -107 -127 -106 -200 -105 -260 -94 -287 10 -183 10 -179 49 -113 61 -87 125 17 192 115 84 113 84 113 106 144 106 144 152 238 210 253 208 268 212 294 278 409 303 430 339 490 377 498 500 -452 -216 489 -216 489 -212 414 -206 306 -208 225 -210 123 -213 21 -214 -82 -214 -165 -213 -236 -197 -282 -136 -234 -119 -206 -41 -110 -38 -97 16 23 16 23 189 114 197 144 214 157 232 176 242 197 267 223 267 223 310 282 366 380 366 380 422 455 455 491 455 491 497 500 499 404 492 312 485 174 485 48 484 34 475 -127 479 -161 475 -251 469 -334 468 -402 387 -463 0 0 0 0 0 0 
0 0 0 0 1 0 
-231 411 -231 411 -205 363 -195 282 -188 163 -185 50 -185 -25 -184 -91 -184 -163 -181 -218 -133 -195 -70 -108 -36 -14 26 87 27 101 76 171 161 288 216 363 227 388 288 456 299 471 368 494 494 498 499 498 450 496 450 496 457 337 459 222 459 123 459 2 460 -129 462 -146 460 -231 457 -288 451 -352 -106 403 -102 371 -93 250 -89 149 -86 68 -85 -57 -85 -121 -82 -188 -83 -228 -44 -211 14 -106 42 -23 106 83 107 96 150 168 214 271 276 358 289 382 336 440 348 461 400 497 463 500 471 493 495 335 492 183 494 123 494 12 495 -130 495 -149 497 -235 498 -290 500 -354 0 0 0 0 0 0 0 0 0 0 0 0 0 0 0 0 
0 0 0 0 1 0 
-23 -94 500 498 -36 487 -36 487 -63 398 -74 341 -106 203 -125 100 -132 -30 -133 -49 -136 -145 -138 -245 -138 -297 -136 -341 -117 -360 -97 -348 -97 -348 -97 -348 -113 -285 -113 -285 -116 -241 -94 -206 -81 -170 -10 -84 -7 -67 47 9 127 105 127 105 127 105 257 231 296 292 312 316 382 400 424 426 447 466 485 494 500 498 486 416 468 332 460 264 454 220 414 107 396 35 389 -32 386 -98 350 -196 341 -234 337 -262 334 -278 331 -297 331 -297 -225 498 -233 423 -235 378 -275 177 -276 132 -284 -27 -284 -43 -287 -134 -287 -227 -287 -280 -285 -316 -258 -346 -250 -339 -177 -266 -162 -264 -162 -264 -109 -246 -109 -246 -6 -198 -6 -198 38 -120 53 -95 61 88 175 75 
0 0 0 0 1 0 
-252 498 -242 463 -233 408 -227 368 -215 336 -208 223 -205 147 -199 48 -192 -73 -185 -149 -165 -214 -143 -309 -140 -341 -140 -355 -85 -267 -64 -176 -19 -98 2 -8 55 86 64 115 118 189 127 218 182 277 193 311 248 357 281 370 318 353 478 227 472 185 474 75 475 -50 484 -113 491 -218 493 -311 400 -383 499 -330 499 -330 -93 498 -93 473 -91 443 -86 384 -85 344 -73 224 -64 116 -63 59 -52 -69 -45 -152 -36 -209 -32 -291 -27 -315 -24 -338 36 -253 64 -169 101 -86 124 -23 183 88 193 116 237 192 252 219 298 281 315 306 370 357 387 365 443 340 499 -329 0 0 0 0 0 0 0 0 0 0 0 0 0 0 0 0 0 0 0 0 
0 0 0 0 1 0 
498 498 491 498 423 494 337 486 277 477 165 472 86 474 9 472 -84 477 -97 474 -165 463 -186 448 -158 369 -145 346 -70 255 -49 226 52 116 52 116 55 107 128 57 188 -31 218 -54 314 -152 317 -159 453 -276 446 -286 494 -350 497 -357 499 -369 439 -429 423 -429 211 -391 67 -353 36 -353 -41 -346 -110 -336 -116 -338 -182 -317 499 500 499 500 438 495 361 487 292 478 216 473 125 475 60 475 -31 471 -40 471 -84 461 -110 449 -107 388 -86 350 38 171 38 171 46 144 83 115 83 115 100 86 204 -31 220 -53 310 -144 330 -178 416 -280 416 -280 456 -335 472 -355 482 -374 484 -379 405 -417 387 -417 237 -393 136 -371 69 -357 19 -352 -36 -350 
0 0 0 0 0 1 
469 499 469 499 373 493 341 493 248 499 165 495 138 495 85 493 14 490 -50 488 -96 483 -132 474 -158 460 -129 400 -73 336 -12 283 -5 271 91 182 171 87 265 2 273 -9 366 -108 380 -122 433 -172 455 -205 492 -251 500 -271 470 -294 425 -299 361 -290 314 -281 232 -262 200 -258 133 -253 -3 -230 -33 -228 -88 -218 -138 -218 -171 -218 -183 -221 -300 -225 -311 -225 434 498 348 489 273 491 168 496 85 491 76 491 7 487 -92 487 -136 485 -185 480 -228 473 -249 466 -137 350 -107 311 -107 311 -11 235 58 169 154 75 249 -13 253 -20 377 -135 378 -139 428 -189 472 -233 495 -263 499 -281 465 -306 411 -308 340 -297 295 -288 174 -263 160 -263 82 -256 
0 0 0 0 0 1 
376 487 376 487 283 500 220 497 116 487 106 489 44 479 -14 474 -113 454 -142 449 -196 436 -88 444 -88 441 -156 416 -74 380 -56 365 28 307 72 253 251 162 255 154 276 131 293 104 337 40 371 -20 371 -20 337 -91 421 -144 479 -197 497 -271 499 -314 405 -317 407 -319 210 -332 118 -329 54 -324 -24 -337 -136 -337 -198 -355 -201 -355 -106 -350 -114 -355 500 484 486 489 386 500 324 497 227 492 216 489 154 487 91 479 -7 461 -42 456 -86 448 -77 438 27 382 47 369 110 316 188 247 151 188 151 188 167 163 187 114 272 12 271 -10 347 -71 336 -137 398 -191 392 -260 400 -313 336 -326 203 -321 140 -323 78 -323 -39 -326 -89 -336 -98 -341 
0 0 0 0 0 1 
366 413 366 413 230 416 202 418 118 436 12 464 -100 489 -155 494 -243 498 -134 457 -165 455 -181 452 -94 356 -21 301 -7 287 66 218 101 181 140 151 179 112 215 78 233 59 311 0 338 -27 400 -80 436 -112 499 -160 499 -160 499 -160 494 -232 464 -250 395 -257 320 -257 271 -259 199 -259 177 -259 104 -264 92 -266 82 -268 9 -280 -12 -282 -12 -282 -89 -287 -158 -280 -185 -268 -192 -262 499 402 484 402 354 417 324 422 225 450 127 474 36 491 -23 498 -91 498 382 -117 378 -127 -80 -256 -80 -256 -80 -256 -102 -263 -152 -263 -254 -266 -289 -254 -321 -237 0 0 0 0 0 0 0 0 0 0 0 0 0 0 0 0 0 0 0 0 0 0 
0 0 0 0 0 1 
499 500 487 494 463 483 391 486 353 486 263 486 218 472 140 459 130 459 43 442 12 434 -39 415 -85 398 -126 379 -137 371 -177 333 -200 300 -147 232 -106 207 -60 188 9 155 61 120 121 79 178 30 188 19 245 -32 289 -92 323 -133 364 -207 386 -254 392 -275 405 -341 383 -401 332 -401 260 -393 195 -385 132 -366 110 -357 50 -338 -9 -327 -21 -325 -98 -316 -163 -316 -203 -316 0 0 0 0 0 0 0 0 0 0 0 0 0 0 0 0 0 0 0 0 0 0 0 0 0 0 0 0 0 0 0 0 0 0 0 0 0 0 0 0 0 0 0 0 0 0 0 0 0 0 0 0 0 0 0 0 0 0 0 0 0 0 
0 0 0 0 0 1 
497 498 499 472 483 460 377 449 232 472 226 474 144 488 116 493 41 500 8 500 -49 497 -96 493 -132 469 -124 449 -206 418 -206 418 -187 386 76 180 134 101 201 16 320 -113 348 -157 366 -178 344 -277 344 -277 408 -303 264 -310 222 -307 162 -305 100 -307 42 -310 -71 -326 -89 -326 -340 -296 -340 -296 499 430 371 487 354 472 291 443 142 461 80 465 -1 494 -9 492 -69 496 -131 496 -182 498 -238 494 -261 467 -261 465 -124 407 -116 392 -44 286 -34 277 -88 217 29 70 95 4 212 -135 281 -197 276 -206 409 -254 409 -254 424 -279 426 -286 276 -328 198 -323 88 -317 49 -314 -12 -317 -72 -317 -193 -321 -169 -337 -169 -337 -186 -332 -186 -330 -186 -328 
0 0 0 0 0 1 
498 500 499 480 479 486 409 500 353 500 282 500 213 500 98 497 63 494 -39 456 -212 412 -212 412 -92 259 -92 259 -92 259 14 106 40 71 37 -65 135 -95 139 -109 195 -204 251 -311 255 -322 288 -387 292 -401 296 -415 499 459 383 491 364 494 297 500 240 500 172 497 119 500 -6 497 -8 497 -125 454 -119 446 -115 425 -109 379 -104 358 -104 358 -123 304 -137 270 -80 149 -83 128 -30 24 37 -74 37 -74 98 -179 247 -302 157 -304 157 -304 223 -414 223 -414 223 -414 308 -454 312 -462 317 -473 244 -483 195 -475 137 -459 94 -435 40 -409 -22 -390 -32 -387 -87 -360 -145 -342 -191 -331 -235 -320 -275 -315 -310 -312 0 0 0 0 0 0 0 0 
0 0 0 0 0 1 
500 500 500 500 474 473 458 466 412 446 348 440 212 444 25 451 12 451 -51 446 -108 426 -148 400 -115 324 -103 300 -19 228 130 86 269 -44 273 -55 410 -171 412 -175 471 -237 487 -268 405 -328 373 -335 292 -342 285 -344 151 -346 99 -348 44 -351 -71 -351 -130 -346 -182 -340 -209 -335 -62 -317 -62 -317 499 500 487 492 480 490 464 485 403 471 347 467 236 474 91 485 67 483 30 481 -33 460 -63 434 -57 392 -39 352 20 278 164 100 246 14 285 -37 360 -109 379 -133 449 -217 460 -238 393 -310 367 -317 313 -320 300 -320 184 -331 135 -334 80 -338 2 -341 -34 -338 -96 -324 -131 -308 0 0 0 0 0 0 0 0 0 0 0 0 0 0 
0 0 0 0 0 1 
500 500 500 498 486 492 473 487 458 485 388 471 360 466 246 460 182 457 152 457 65 453 -30 439 -75 423 317 -102 388 -186 272 -173 272 -173 289 -193 310 -227 310 -227 324 -250 329 -257 -193 -277 -195 -275 400 500 400 500 387 493 366 478 366 478 305 450 248 436 149 432 86 430 64 428 -34 432 -126 421 -193 404 -79 373 -86 367 -100 352 -32 228 4 193 19 178 83 119 170 34 213 -6 252 -43 277 -60 213 -91 213 -91 443 -215 454 -223 454 -223 460 -230 468 -241 468 -241 474 -250 479 -260 499 -308 439 -339 375 -343 288 -332 266 -330 158 -317 76 -310 52 -310 -26 -306 -76 -304 -139 -300 -341 -278 -341 -278 -193 -269 0 0 0 0 0 0 
0 0 0 0 0 1 
499 460 499 460 486 468 468 473 422 481 252 483 252 483 235 498 226 493 26 481 26 481 -150 453 -194 440 -205 380 -91 319 -63 254 -148 211 -148 211 56 42 70 30 76 20 137 -57 149 -78 205 -151 242 -211 259 -234 287 -284 324 -352 340 -387 278 -420 230 -415 157 -405 108 -397 21 -385 -33 -370 -79 -360 -127 -352 -185 -350 -233 -357 -394 -390 -394 -390 -274 -385 -274 -385 500 498 500 498 431 496 388 488 388 488 277 466 234 463 60 448 -12 433 -25 376 41 216 105 134 -204 -366 -209 -369 0 0 0 0 0 0 0 0 0 0 0 0 0 0 0 0 0 0 0 0 0 0 0 0 0 0 0 0 0 0 0 0 0 0 0 0 
0 0 0 0 0 1 
473 500 473 500 399 458 360 434 245 419 69 415 69 415 -32 417 -93 415 -141 408 -181 382 -196 356 -182 300 -112 208 -41 136 55 47 107 -13 158 -50 167 -63 285 -169 296 -184 367 -250 428 -310 439 -326 499 -373 463 -400 414 -404 294 -400 256 -397 190 -391 130 -384 44 -378 -27 -371 -53 -367 -99 -354 41 -347 41 -347 499 498 434 477 386 470 271 459 160 452 130 450 55 450 10 445 -52 436 -80 417 -88 406 -55 310 9 204 78 113 174 2 174 2 209 -46 235 -67 349 -190 360 -201 407 -262 438 -301 458 -327 479 -357 464 -380 393 -394 310 -389 300 -389 234 -385 168 -378 95 -373 61 -366 25 -361 4 -354 0 0 0 0 0 0 0 0 
0 0 0 0 0 1 
418 500 405 500 331 500 203 492 158 484 135 484 80 476 34 471 -72 458 -99 455 -111 455 -112 455 -65 424 -11 377 36 348 82 317 142 265 203 213 231 190 237 182 301 106 317 91 361 46 426 -23 433 -39 453 -57 461 -70 499 -177 496 -255 486 -268 425 -294 355 -304 302 -309 251 -309 185 -304 103 -315 87 -309 12 -317 -23 -322 -178 -328 -178 -328 499 494 487 497 403 500 240 481 228 479 214 476 116 466 116 466 32 458 -20 453 -40 448 342 -82 102 -304 6 -309 -36 -311 -122 -314 -167 -324 0 0 0 0 0 0 0 0 0 0 0 0 0 0 0 0 0 0 0 0 0 0 0 0 0 0 0 0 0 0 0 0 0 0 
0 0 0 0 0 1 
500 487 500 487 345 462 316 465 316 465 140 483 9 494 -72 498 -103 494 -159 496 -207 483 -198 442 -107 325 33 208 31 195 103 130 250 20 240 6 306 -71 375 -143 424 -188 434 -215 446 -251 468 -292 468 -292 368 -307 295 -310 225 -310 203 -312 90 -319 90 -319 6 -325 -18 -328 -72 -337 -115 -339 -210 -346 -206 -346 500 494 485 489 364 480 335 480 302 482 158 494 41 498 -14 498 -37 498 -83 494 -121 485 -119 446 1 286 78 189 94 178 184 70 239 4 289 -43 350 -114 377 -153 403 -189 408 -199 417 -244 414 -263 -50 -320 -81 -322 -125 -324 -204 -334 -210 -336 -260 -338 -264 -343 0 0 0 0 0 0 0 0 0 0 0 0 0 0 
0 0 0 0 0 1 
500 499 500 499 416 467 387 457 355 447 309 437 228 417 161 400 87 390 -3 370 -60 368 -128 355 -144 355 -1 236 -8 226 42 159 131 64 208 22 267 -39 348 -129 421 -211 491 -308 496 -320 421 -388 394 -395 148 -407 146 -405 19 -395 -58 -395 -128 -395 -187 -398 -265 -427 -286 -440 -299 -452 500 498 486 493 410 471 385 468 335 448 303 441 240 421 185 406 123 390 66 383 -9 373 -50 368 -73 365 -13 263 5 240 91 145 160 70 203 27 264 -45 339 -130 402 -210 448 -303 456 -325 415 -380 384 -388 207 -398 182 -401 71 -395 -2 -393 -62 -390 -112 -393 -188 -411 -196 -416 -217 -436 0 0 0 0 0 0 0 0 0 0 0 0 0 0 
0 0 0 0 0 1 
490 498 490 498 411 483 370 468 226 471 121 483 40 486 9 481 -132 471 -139 466 -207 432 -171 336 -72 265 -79 256 -9 197 140 70 144 57 357 -109 359 -122 430 -175 491 -231 500 -246 414 -269 394 -271 139 -263 105 -261 -29 -256 -98 -250 -135 -246 -211 -226 -71 -220 -71 -220 500 500 477 487 412 465 376 458 261 458 168 465 108 471 65 471 -44 463 -44 463 -98 432 -90 352 -54 300 -33 279 44 203 159 84 193 49 349 -95 364 -123 404 -153 452 -201 468 -218 379 -259 368 -259 164 -257 141 -259 8 -255 -47 -248 -63 -242 -117 -225 0 0 0 0 0 0 0 0 0 0 0 0 0 0 0 0 0 0 0 0 0 0 0 0 0 0 
0 0 0 0 0 1 
