498 498 491 498 423 494 337 486 277 477 165 472 86 474 9 472 -84 477 -97 474 -165 463 -186 448 -158 369 -145 346 -70 255 -49 226 52 116 52 116 55 107 128 57 188 -31 218 -54 314 -152 317 -159 453 -276 446 -286 494 -350 497 -357 499 -369 439 -429 423 -429 211 -391 67 -353 36 -353 -41 -346 -110 -336 -116 -338 -182 -317 499 500 499 500 438 495 361 487 292 478 216 473 125 475 60 475 -31 471 -40 471 -84 461 -110 449 -107 388 -86 350 38 171 38 171 46 144 83 115 83 115 100 86 204 -31 220 -53 310 -144 330 -178 416 -280 416 -280 456 -335 472 -355 482 -374 484 -379 405 -417 387 -417 237 -393 136 -371 69 -357 19 -352 -36 -350 
0 0 0 0 0 1 
469 499 469 499 373 493 341 493 248 499 165 495 138 495 85 493 14 490 -50 488 -96 483 -132 474 -158 460 -129 400 -73 336 -12 283 -5 271 91 182 171 87 265 2 273 -9 366 -108 380 -122 433 -172 455 -205 492 -251 500 -271 470 -294 425 -299 361 -290 314 -281 232 -262 200 -258 133 -253 -3 -230 -33 -228 -88 -218 -138 -218 -171 -218 -183 -221 -300 -225 -311 -225 434 498 348 489 273 491 168 496 85 491 76 491 7 487 -92 487 -136 485 -185 480 -228 473 -249 466 -137 350 -107 311 -107 311 -11 235 58 169 154 75 249 -13 253 -20 377 -135 378 -139 428 -189 472 -233 495 -263 499 -281 465 -306 411 -308 340 -297 295 -288 174 -263 160 -263 82 -256 
0 0 0 0 0 1 
376 487 376 487 283 500 220 497 116 487 106 489 44 479 -14 474 -113 454 -142 449 -196 436 -88 444 -88 441 -156 416 -74 380 -56 365 28 307 72 253 251 162 255 154 276 131 293 104 337 40 371 -20 371 -20 337 -91 421 -144 479 -197 497 -271 499 -314 405 -317 407 -319 210 -332 118 -329 54 -324 -24 -337 -136 -337 -198 -355 -201 -355 -106 -350 -114 -355 500 484 486 489 386 500 324 497 227 492 216 489 154 487 91 479 -7 461 -42 456 -86 448 -77 438 27 382 47 369 110 316 188 247 151 188 151 188 167 163 187 114 272 12 271 -10 347 -71 336 -137 398 -191 392 -260 400 -313 336 -326 203 -321 140 -323 78 -323 -39 -326 -89 -336 -98 -341 
0 0 0 0 0 1 
366 413 366 413 230 416 202 418 118 436 12 464 -100 489 -155 494 -243 498 -134 457 -165 455 -181 452 -94 356 -21 301 -7 287 66 218 101 181 140 151 179 112 215 78 233 59 311 0 338 -27 400 -80 436 -112 499 -160 499 -160 499 -160 494 -232 464 -250 395 -257 320 -257 271 -259 199 -259 177 -259 104 -264 92 -266 82 -268 9 -280 -12 -282 -12 -282 -89 -287 -158 -280 -185 -268 -192 -262 499 402 484 402 354 417 324 422 225 450 127 474 36 491 -23 498 -91 498 382 -117 378 -127 -80 -256 -80 -256 -80 -256 -102 -263 -152 -263 -254 -266 -289 -254 -321 -237 0 0 0 0 0 0 0 0 0 0 0 0 0 0 0 0 0 0 0 0 0 0 
0 0 0 0 0 1 
499 500 487 494 463 483 391 486 353 486 263 486 218 472 140 459 130 459 43 442 12 434 -39 415 -85 398 -126 379 -137 371 -177 333 -200 300 -147 232 -106 207 -60 188 9 155 61 120 121 79 178 30 188 19 245 -32 289 -92 323 -133 364 -207 386 -254 392 -275 405 -341 383 -401 332 -401 260 -393 195 -385 132 -366 110 -357 50 -338 -9 -327 -21 -325 -98 -316 -163 -316 -203 -316 0 0 0 0 0 0 0 0 0 0 0 0 0 0 0 0 0 0 0 0 0 0 0 0 0 0 0 0 0 0 0 0 0 0 0 0 0 0 0 0 0 0 0 0 0 0 0 0 0 0 0 0 0 0 0 0 0 0 0 0 0 0 
0 0 0 0 0 1 
497 498 499 472 483 460 377 449 232 472 226 474 144 488 116 493 41 500 8 500 -49 497 -96 493 -132 469 -124 449 -206 418 -206 418 -187 386 76 180 134 101 201 16 320 -113 348 -157 366 -178 344 -277 344 -277 408 -303 264 -310 222 -307 162 -305 100 -307 42 -310 -71 -326 -89 -326 -340 -296 -340 -296 499 430 371 487 354 472 291 443 142 461 80 465 -1 494 -9 492 -69 496 -131 496 -182 498 -238 494 -261 467 -261 465 -124 407 -116 392 -44 286 -34 277 -88 217 29 70 95 4 212 -135 281 -197 276 -206 409 -254 409 -254 424 -279 426 -286 276 -328 198 -323 88 -317 49 -314 -12 -317 -72 -317 -193 -321 -169 -337 -169 -337 -186 -332 -186 -330 -186 -328 
0 0 0 0 0 1 
498 500 499 480 479 486 409 500 353 500 282 500 213 500 98 497 63 494 -39 456 -212 412 -212 412 -92 259 -92 259 -92 259 14 106 40 71 37 -65 135 -95 139 -109 195 -204 251 -311 255 -322 288 -387 292 -401 296 -415 499 459 383 491 364 494 297 500 240 500 172 497 119 500 -6 497 -8 497 -125 454 -119 446 -115 425 -109 379 -104 358 -104 358 -123 304 -137 270 -80 149 -83 128 -30 24 37 -74 37 -74 98 -179 247 -302 157 -304 157 -304 223 -414 223 -414 223 -414 308 -454 312 -462 317 -473 244 -483 195 -475 137 -459 94 -435 40 -409 -22 -390 -32 -387 -87 -360 -145 -342 -191 -331 -235 -320 -275 -315 -310 -312 0 0 0 0 0 0 0 0 
0 0 0 0 0 1 
500 500 500 500 474 473 458 466 412 446 348 440 212 444 25 451 12 451 -51 446 -108 426 -148 400 -115 324 -103 300 -19 228 130 86 269 -44 273 -55 410 -171 412 -175 471 -237 487 -268 405 -328 373 -335 292 -342 285 -344 151 -346 99 -348 44 -351 -71 -351 -130 -346 -182 -340 -209 -335 -62 -317 -62 -317 499 500 487 492 480 490 464 485 403 471 347 467 236 474 91 485 67 483 30 481 -33 460 -63 434 -57 392 -39 352 20 278 164 100 246 14 285 -37 360 -109 379 -133 449 -217 460 -238 393 -310 367 -317 313 -320 300 -320 184 -331 135 -334 80 -338 2 -341 -34 -338 -96 -324 -131 -308 0 0 0 0 0 0 0 0 0 0 0 0 0 0 
0 0 0 0 0 1 
500 500 500 498 486 492 473 487 458 485 388 471 360 466 246 460 182 457 152 457 65 453 -30 439 -75 423 317 -102 388 -186 272 -173 272 -173 289 -193 310 -227 310 -227 324 -250 329 -257 -193 -277 -195 -275 400 500 400 500 387 493 366 478 366 478 305 450 248 436 149 432 86 430 64 428 -34 432 -126 421 -193 404 -79 373 -86 367 -100 352 -32 228 4 193 19 178 83 119 170 34 213 -6 252 -43 277 -60 213 -91 213 -91 443 -215 454 -223 454 -223 460 -230 468 -241 468 -241 474 -250 479 -260 499 -308 439 -339 375 -343 288 -332 266 -330 158 -317 76 -310 52 -310 -26 -306 -76 -304 -139 -300 -341 -278 -341 -278 -193 -269 0 0 0 0 0 0 
0 0 0 0 0 1 
499 460 499 460 486 468 468 473 422 481 252 483 252 483 235 498 226 493 26 481 26 481 -150 453 -194 440 -205 380 -91 319 -63 254 -148 211 -148 211 56 42 70 30 76 20 137 -57 149 -78 205 -151 242 -211 259 -234 287 -284 324 -352 340 -387 278 -420 230 -415 157 -405 108 -397 21 -385 -33 -370 -79 -360 -127 -352 -185 -350 -233 -357 -394 -390 -394 -390 -274 -385 -274 -385 500 498 500 498 431 496 388 488 388 488 277 466 234 463 60 448 -12 433 -25 376 41 216 105 134 -204 -366 -209 -369 0 0 0 0 0 0 0 0 0 0 0 0 0 0 0 0 0 0 0 0 0 0 0 0 0 0 0 0 0 0 0 0 0 0 0 0 
0 0 0 0 0 1 
473 500 473 500 399 458 360 434 245 419 69 415 69 415 -32 417 -93 415 -141 408 -181 382 -196 356 -182 300 -112 208 -41 136 55 47 107 -13 158 -50 167 -63 285 -169 296 -184 367 -250 428 -310 439 -326 499 -373 463 -400 414 -404 294 -400 256 -397 190 -391 130 -384 44 -378 -27 -371 -53 -367 -99 -354 41 -347 41 -347 499 498 434 477 386 470 271 459 160 452 130 450 55 450 10 445 -52 436 -80 417 -88 406 -55 310 9 204 78 113 174 2 174 2 209 -46 235 -67 349 -190 360 -201 407 -262 438 -301 458 -327 479 -357 464 -380 393 -394 310 -389 300 -389 234 -385 168 -378 95 -373 61 -366 25 -361 4 -354 0 0 0 0 0 0 0 0 
0 0 0 0 0 1 
418 500 405 500 331 500 203 492 158 484 135 484 80 476 34 471 -72 458 -99 455 -111 455 -112 455 -65 424 -11 377 36 348 82 317 142 265 203 213 231 190 237 182 301 106 317 91 361 46 426 -23 433 -39 453 -57 461 -70 499 -177 496 -255 486 -268 425 -294 355 -304 302 -309 251 -309 185 -304 103 -315 87 -309 12 -317 -23 -322 -178 -328 -178 -328 499 494 487 497 403 500 240 481 228 479 214 476 116 466 116 466 32 458 -20 453 -40 448 342 -82 102 -304 6 -309 -36 -311 -122 -314 -167 -324 0 0 0 0 0 0 0 0 0 0 0 0 0 0 0 0 0 0 0 0 0 0 0 0 0 0 0 0 0 0 0 0 0 0 
0 0 0 0 0 1 
500 487 500 487 345 462 316 465 316 465 140 483 9 494 -72 498 -103 494 -159 496 -207 483 -198 442 -107 325 33 208 31 195 103 130 250 20 240 6 306 -71 375 -143 424 -188 434 -215 446 -251 468 -292 468 -292 368 -307 295 -310 225 -310 203 -312 90 -319 90 -319 6 -325 -18 -328 -72 -337 -115 -339 -210 -346 -206 -346 500 494 485 489 364 480 335 480 302 482 158 494 41 498 -14 498 -37 498 -83 494 -121 485 -119 446 1 286 78 189 94 178 184 70 239 4 289 -43 350 -114 377 -153 403 -189 408 -199 417 -244 414 -263 -50 -320 -81 -322 -125 -324 -204 -334 -210 -336 -260 -338 -264 -343 0 0 0 0 0 0 0 0 0 0 0 0 0 0 
0 0 0 0 0 1 
500 499 500 499 416 467 387 457 355 447 309 437 228 417 161 400 87 390 -3 370 -60 368 -128 355 -144 355 -1 236 -8 226 42 159 131 64 208 22 267 -39 348 -129 421 -211 491 -308 496 -320 421 -388 394 -395 148 -407 146 -405 19 -395 -58 -395 -128 -395 -187 -398 -265 -427 -286 -440 -299 -452 500 498 486 493 410 471 385 468 335 448 303 441 240 421 185 406 123 390 66 383 -9 373 -50 368 -73 365 -13 263 5 240 91 145 160 70 203 27 264 -45 339 -130 402 -210 448 -303 456 -325 415 -380 384 -388 207 -398 182 -401 71 -395 -2 -393 -62 -390 -112 -393 -188 -411 -196 -416 -217 -436 0 0 0 0 0 0 0 0 0 0 0 0 0 0 
0 0 0 0 0 1 
490 498 490 498 411 483 370 468 226 471 121 483 40 486 9 481 -132 471 -139 466 -207 432 -171 336 -72 265 -79 256 -9 197 140 70 144 57 357 -109 359 -122 430 -175 491 -231 500 -246 414 -269 394 -271 139 -263 105 -261 -29 -256 -98 -250 -135 -246 -211 -226 -71 -220 -71 -220 500 500 477 487 412 465 376 458 261 458 168 465 108 471 65 471 -44 463 -44 463 -98 432 -90 352 -54 300 -33 279 44 203 159 84 193 49 349 -95 364 -123 404 -153 452 -201 468 -218 379 -259 368 -259 164 -257 141 -259 8 -255 -47 -248 -63 -242 -117 -225 0 0 0 0 0 0 0 0 0 0 0 0 0 0 0 0 0 0 0 0 0 0 0 0 0 0 
0 0 0 0 0 1 
