500 459 262 500 260 476 250 369 245 284 237 189 231 101 229 59 231 -80 231 -120 215 -258 198 -393 190 -452 449 -466 449 -466 500 498 500 498 472 353 466 313 450 182 449 138 445 12 445 -29 443 -133 435 -266 431 -367 441 -441 0 0 0 0 0 0 0 0 0 0 0 0 0 0 0 0 0 0 0 0 0 0 0 0 0 0 0 0 0 0 0 0 0 0 0 0 0 0 0 0 0 0 0 0 0 0 0 0 0 0 0 0 0 0 0 0 0 0 0 0 0 0 0 0 0 0 0 0 0 0 0 0 0 0 0 0 0 0 0 0 0 0 0 0 0 0 0 0 0 0 0 0 0 0 0 0 
0 0 0 1 0 0 
497 499 497 499 499 421 499 368 493 282 488 196 488 138 483 40 481 -53 480 -154 475 -252 469 -325 473 -434 476 -452 500 500 496 403 493 367 487 280 487 193 490 136 490 37 493 -58 493 -155 490 -245 484 -318 459 -448 0 0 0 0 0 0 0 0 0 0 0 0 0 0 0 0 0 0 0 0 0 0 0 0 0 0 0 0 0 0 0 0 0 0 0 0 0 0 0 0 0 0 0 0 0 0 0 0 0 0 0 0 0 0 0 0 0 0 0 0 0 0 0 0 0 0 0 0 0 0 0 0 0 0 0 0 0 0 0 0 0 0 0 0 0 0 0 0 0 0 0 0 0 0 0 0 0 0 
0 0 0 1 0 0 
498 498 270 492 270 467 276 391 285 268 289 213 295 97 295 61 297 -10 301 -82 301 -169 301 -226 301 -293 268 -336 241 -380 224 -418 457 -372 457 -372 489 498 491 475 497 399 500 272 500 219 497 126 495 71 493 2 491 -69 489 -154 485 -200 473 -279 464 -300 456 -336 448 -365 0 0 0 0 0 0 0 0 0 0 0 0 0 0 0 0 0 0 0 0 0 0 0 0 0 0 0 0 0 0 0 0 0 0 0 0 0 0 0 0 0 0 0 0 0 0 0 0 0 0 0 0 0 0 0 0 0 0 0 0 0 0 0 0 0 0 0 0 0 0 0 0 0 0 0 0 0 0 0 0 0 0 0 0 
0 0 0 1 0 0 
464 500 469 475 469 389 475 274 486 206 489 189 500 96 497 38 486 -48 478 -137 469 -211 464 -290 458 -355 453 -459 498 500 498 500 494 374 492 279 494 205 494 182 494 71 492 0 484 -123 480 -202 475 -261 471 -346 465 -382 0 0 0 0 0 0 0 0 0 0 0 0 0 0 0 0 0 0 0 0 0 0 0 0 0 0 0 0 0 0 0 0 0 0 0 0 0 0 0 0 0 0 0 0 0 0 0 0 0 0 0 0 0 0 0 0 0 0 0 0 0 0 0 0 0 0 0 0 0 0 0 0 0 0 0 0 0 0 0 0 0 0 0 0 0 0 0 0 0 0 0 0 0 0 0 0 
0 0 0 1 0 0 
417 500 417 500 442 437 463 397 470 354 483 254 493 137 500 43 497 -81 495 -181 493 -224 476 -351 461 -410 453 -445 453 -445 451 500 451 500 440 438 451 369 459 303 486 176 498 79 498 -43 490 -132 490 -181 494 -288 494 -423 490 -446 0 0 0 0 0 0 0 0 0 0 0 0 0 0 0 0 0 0 0 0 0 0 0 0 0 0 0 0 0 0 0 0 0 0 0 0 0 0 0 0 0 0 0 0 0 0 0 0 0 0 0 0 0 0 0 0 0 0 0 0 0 0 0 0 0 0 0 0 0 0 0 0 0 0 0 0 0 0 0 0 0 0 0 0 0 0 0 0 0 0 0 0 0 0 
0 0 0 1 0 0 
490 429 230 498 234 472 240 413 253 305 264 214 279 100 294 -66 294 -161 294 -214 283 -310 275 -387 498 -421 498 -421 473 498 477 452 479 404 488 270 492 170 496 62 498 -96 498 -185 492 -293 486 -373 482 -415 0 0 0 0 0 0 0 0 0 0 0 0 0 0 0 0 0 0 0 0 0 0 0 0 0 0 0 0 0 0 0 0 0 0 0 0 0 0 0 0 0 0 0 0 0 0 0 0 0 0 0 0 0 0 0 0 0 0 0 0 0 0 0 0 0 0 0 0 0 0 0 0 0 0 0 0 0 0 0 0 0 0 0 0 0 0 0 0 0 0 0 0 0 0 0 0 0 0 0 0 
0 0 0 1 0 0 
322 500 322 474 328 400 330 353 332 287 335 215 335 82 333 0 330 -76 328 -169 326 -248 322 -302 316 -389 314 -438 499 -446 499 -446 483 498 483 474 486 406 492 319 494 265 500 170 500 46 496 -35 488 -111 481 -208 477 -260 472 -330 466 -398 460 -444 0 0 0 0 0 0 0 0 0 0 0 0 0 0 0 0 0 0 0 0 0 0 0 0 0 0 0 0 0 0 0 0 0 0 0 0 0 0 0 0 0 0 0 0 0 0 0 0 0 0 0 0 0 0 0 0 0 0 0 0 0 0 0 0 0 0 0 0 0 0 0 0 0 0 0 0 0 0 0 0 0 0 0 0 0 0 0 0 0 0 
0 0 0 1 0 0 
287 500 285 473 280 417 276 368 273 268 274 189 280 89 283 34 289 -63 289 -131 291 -189 292 -281 294 -331 300 -427 499 -438 499 -438 497 498 491 475 482 439 466 372 455 270 459 192 475 73 481 26 491 -83 495 -144 497 -211 497 -306 499 -344 495 -425 0 0 0 0 0 0 0 0 0 0 0 0 0 0 0 0 0 0 0 0 0 0 0 0 0 0 0 0 0 0 0 0 0 0 0 0 0 0 0 0 0 0 0 0 0 0 0 0 0 0 0 0 0 0 0 0 0 0 0 0 0 0 0 0 0 0 0 0 0 0 0 0 0 0 0 0 0 0 0 0 0 0 0 0 0 0 0 0 0 0 
0 0 0 1 0 0 
473 500 475 476 479 431 481 372 479 243 479 202 475 112 477 73 479 -12 479 -79 487 -159 487 -245 491 -338 500 -409 208 500 210 478 212 429 222 348 232 227 240 148 242 95 246 38 254 -40 256 -104 258 -210 258 -263 256 -361 252 -451 494 -438 500 -448 0 0 0 0 0 0 0 0 0 0 0 0 0 0 0 0 0 0 0 0 0 0 0 0 0 0 0 0 0 0 0 0 0 0 0 0 0 0 0 0 0 0 0 0 0 0 0 0 0 0 0 0 0 0 0 0 0 0 0 0 0 0 0 0 0 0 0 0 0 0 0 0 0 0 0 0 0 0 0 0 0 0 0 0 0 0 0 0 0 0 
0 0 0 1 0 0 
331 500 327 474 324 404 319 296 313 198 312 142 312 44 308 -56 308 -126 303 -257 300 -364 495 -439 499 -450 500 500 493 473 485 409 472 293 465 215 462 158 457 63 454 -33 450 -99 439 -248 437 -324 0 0 0 0 0 0 0 0 0 0 0 0 0 0 0 0 0 0 0 0 0 0 0 0 0 0 0 0 0 0 0 0 0 0 0 0 0 0 0 0 0 0 0 0 0 0 0 0 0 0 0 0 0 0 0 0 0 0 0 0 0 0 0 0 0 0 0 0 0 0 0 0 0 0 0 0 0 0 0 0 0 0 0 0 0 0 0 0 0 0 0 0 0 0 0 0 0 0 0 0 0 0 
0 0 0 1 0 0 
236 500 236 500 234 414 234 286 233 193 234 108 238 15 240 -2 261 -128 268 -173 276 -231 278 -310 263 -430 500 -418 500 -425 483 498 477 417 471 296 471 231 467 123 471 56 471 8 483 -96 486 -150 494 -206 498 -285 500 -373 0 0 0 0 0 0 0 0 0 0 0 0 0 0 0 0 0 0 0 0 0 0 0 0 0 0 0 0 0 0 0 0 0 0 0 0 0 0 0 0 0 0 0 0 0 0 0 0 0 0 0 0 0 0 0 0 0 0 0 0 0 0 0 0 0 0 0 0 0 0 0 0 0 0 0 0 0 0 0 0 0 0 0 0 0 0 0 0 0 0 0 0 0 0 0 0 
0 0 0 1 0 0 
458 500 476 325 485 178 491 61 494 12 497 -93 500 -213 500 -321 497 -428 497 -458 453 498 453 498 464 324 468 184 475 50 477 33 479 -77 481 -210 483 -305 488 -370 498 -445 498 -445 0 0 0 0 0 0 0 0 0 0 0 0 0 0 0 0 0 0 0 0 0 0 0 0 0 0 0 0 0 0 0 0 0 0 0 0 0 0 0 0 0 0 0 0 0 0 0 0 0 0 0 0 0 0 0 0 0 0 0 0 0 0 0 0 0 0 0 0 0 0 0 0 0 0 0 0 0 0 0 0 0 0 0 0 0 0 0 0 0 0 0 0 0 0 0 0 0 0 0 0 0 0 0 0 0 0 
0 0 0 1 0 0 
500 474 324 498 324 476 322 376 318 246 312 159 294 62 281 -13 272 -113 268 -177 262 -261 258 -343 249 -427 428 -450 429 -454 500 500 500 500 492 379 485 243 476 154 464 61 454 -38 447 -111 442 -163 432 -245 426 -334 426 -415 0 0 0 0 0 0 0 0 0 0 0 0 0 0 0 0 0 0 0 0 0 0 0 0 0 0 0 0 0 0 0 0 0 0 0 0 0 0 0 0 0 0 0 0 0 0 0 0 0 0 0 0 0 0 0 0 0 0 0 0 0 0 0 0 0 0 0 0 0 0 0 0 0 0 0 0 0 0 0 0 0 0 0 0 0 0 0 0 0 0 0 0 0 0 0 0 
0 0 0 1 0 0 
498 500 496 404 496 363 493 272 490 212 488 144 485 87 485 27 483 -31 480 -95 475 -208 470 -265 467 -321 457 -359 444 -448 426 -470 497 500 497 500 499 413 499 368 493 292 489 230 489 177 479 105 477 50 473 -4 469 -65 463 -169 461 -230 457 -283 457 -330 455 -381 465 -451 465 -451 0 0 0 0 0 0 0 0 0 0 0 0 0 0 0 0 0 0 0 0 0 0 0 0 0 0 0 0 0 0 0 0 0 0 0 0 0 0 0 0 0 0 0 0 0 0 0 0 0 0 0 0 0 0 0 0 0 0 0 0 0 0 0 0 0 0 0 0 0 0 0 0 0 0 0 0 0 0 0 0 0 0 
0 0 0 1 0 0 
499 498 499 498 483 370 478 268 491 128 493 90 493 40 499 -54 497 -161 495 -270 487 -337 474 -429 452 500 444 358 444 257 471 139 480 107 492 54 500 -45 500 -152 485 -283 480 -340 0 0 0 0 0 0 0 0 0 0 0 0 0 0 0 0 0 0 0 0 0 0 0 0 0 0 0 0 0 0 0 0 0 0 0 0 0 0 0 0 0 0 0 0 0 0 0 0 0 0 0 0 0 0 0 0 0 0 0 0 0 0 0 0 0 0 0 0 0 0 0 0 0 0 0 0 0 0 0 0 0 0 0 0 0 0 0 0 0 0 0 0 0 0 0 0 0 0 0 0 0 0 0 0 0 0 
0 0 0 1 0 0 
