499 -475 179 -479 177 -460 173 -358 169 -259 165 -157 163 -30 161 53 159 138 157 244 159 373 161 490 404 498 404 498 499 -475 499 -475 463 -352 455 -254 447 -155 439 -51 431 77 431 161 426 246 422 367 404 498 0 0 0 0 0 0 0 0 0 0 0 0 0 0 0 0 0 0 0 0 0 0 0 0 0 0 0 0 0 0 0 0 0 0 0 0 0 0 0 0 0 0 0 0 0 0 0 0 0 0 0 0 0 0 0 0 0 0 0 0 0 0 0 0 0 0 0 0 0 0 0 0 0 0 0 0 0 0 0 0 0 0 0 0 0 0 0 0 0 0 0 0 0 0 0 0 0 0 0 0 
0 0 1 0 0 0 
365 -360 373 -258 386 -178 400 -78 410 2 436 132 471 263 478 363 489 460 500 500 453 -367 453 -367 451 -253 459 -166 465 -88 469 -8 485 123 497 266 500 357 497 450 491 500 0 0 0 0 0 0 0 0 0 0 0 0 0 0 0 0 0 0 0 0 0 0 0 0 0 0 0 0 0 0 0 0 0 0 0 0 0 0 0 0 0 0 0 0 0 0 0 0 0 0 0 0 0 0 0 0 0 0 0 0 0 0 0 0 0 0 0 0 0 0 0 0 0 0 0 0 0 0 0 0 0 0 0 0 0 0 0 0 0 0 0 0 0 0 0 0 0 0 0 0 0 0 0 0 0 0 0 0 
0 0 1 0 0 0 
466 -468 466 -468 463 -361 460 -302 457 -217 457 -156 460 -89 463 -30 466 13 466 82 469 139 475 209 481 283 483 350 489 416 498 479 498 498 498 -446 479 -339 471 -288 466 -205 464 -137 468 -83 468 -17 473 26 475 98 477 155 486 231 486 293 483 363 490 444 477 498 0 0 0 0 0 0 0 0 0 0 0 0 0 0 0 0 0 0 0 0 0 0 0 0 0 0 0 0 0 0 0 0 0 0 0 0 0 0 0 0 0 0 0 0 0 0 0 0 0 0 0 0 0 0 0 0 0 0 0 0 0 0 0 0 0 0 0 0 0 0 0 0 0 0 0 0 0 0 0 0 0 0 0 0 0 0 
0 0 1 0 0 0 
498 -341 221 -354 226 -326 245 -223 247 -179 260 -98 268 45 268 89 274 183 279 271 276 400 276 446 281 498 473 -343 481 -298 495 -190 495 -172 500 -125 500 51 497 101 497 192 500 276 493 395 491 444 475 498 0 0 0 0 0 0 0 0 0 0 0 0 0 0 0 0 0 0 0 0 0 0 0 0 0 0 0 0 0 0 0 0 0 0 0 0 0 0 0 0 0 0 0 0 0 0 0 0 0 0 0 0 0 0 0 0 0 0 0 0 0 0 0 0 0 0 0 0 0 0 0 0 0 0 0 0 0 0 0 0 0 0 0 0 0 0 0 0 0 0 0 0 0 0 0 0 0 0 0 0 
0 0 1 0 0 0 
192 -377 192 -377 202 -303 204 -265 206 -198 210 -131 217 -19 221 73 225 144 229 198 244 284 250 338 265 443 265 459 271 491 498 500 498 500 445 -366 449 -346 455 -288 462 -250 464 -189 466 -133 468 -12 474 77 482 148 488 200 494 286 498 342 496 446 494 461 482 500 0 0 0 0 0 0 0 0 0 0 0 0 0 0 0 0 0 0 0 0 0 0 0 0 0 0 0 0 0 0 0 0 0 0 0 0 0 0 0 0 0 0 0 0 0 0 0 0 0 0 0 0 0 0 0 0 0 0 0 0 0 0 0 0 0 0 0 0 0 0 0 0 0 0 0 0 0 0 0 0 0 0 0 0 0 0 
0 0 1 0 0 0 
445 -445 445 -445 441 -385 443 -269 443 -219 449 -141 458 -70 464 -13 471 61 483 182 486 271 494 369 500 479 498 500 367 -467 382 -383 392 -286 402 -221 414 -159 427 -90 434 -22 441 50 454 168 464 257 488 365 498 498 0 0 0 0 0 0 0 0 0 0 0 0 0 0 0 0 0 0 0 0 0 0 0 0 0 0 0 0 0 0 0 0 0 0 0 0 0 0 0 0 0 0 0 0 0 0 0 0 0 0 0 0 0 0 0 0 0 0 0 0 0 0 0 0 0 0 0 0 0 0 0 0 0 0 0 0 0 0 0 0 0 0 0 0 0 0 0 0 0 0 0 0 0 0 0 0 0 0 
0 0 1 0 0 0 
500 -459 286 -471 286 -439 286 -385 279 -282 273 -209 271 -140 270 -62 264 2 259 66 246 137 235 226 218 329 208 428 200 478 167 500 500 -455 500 -455 500 -405 492 -280 481 -207 474 -129 470 -56 467 2 459 80 452 165 439 290 434 382 428 459 419 500 0 0 0 0 0 0 0 0 0 0 0 0 0 0 0 0 0 0 0 0 0 0 0 0 0 0 0 0 0 0 0 0 0 0 0 0 0 0 0 0 0 0 0 0 0 0 0 0 0 0 0 0 0 0 0 0 0 0 0 0 0 0 0 0 0 0 0 0 0 0 0 0 0 0 0 0 0 0 0 0 0 0 0 0 0 0 0 0 0 0 
0 0 1 0 0 0 
441 -454 197 -443 199 -415 203 -370 205 -292 207 -231 210 -153 214 -88 220 -15 239 112 245 192 254 270 256 316 258 374 250 469 237 500 500 435 500 435 438 -450 438 -450 446 -390 450 -294 452 -240 454 -156 459 -102 471 9 484 126 488 214 492 285 496 345 496 399 498 474 496 500 0 0 0 0 0 0 0 0 0 0 0 0 0 0 0 0 0 0 0 0 0 0 0 0 0 0 0 0 0 0 0 0 0 0 0 0 0 0 0 0 0 0 0 0 0 0 0 0 0 0 0 0 0 0 0 0 0 0 0 0 0 0 0 0 0 0 0 0 0 0 0 0 0 0 0 0 0 0 0 0 0 0 0 0 
0 0 1 0 0 0 
214 -294 222 -271 240 -200 253 -130 261 -83 271 12 281 132 289 271 293 378 293 459 500 500 500 500 477 -286 479 -261 481 -193 485 -127 489 -70 495 29 499 161 499 288 497 395 487 500 0 0 0 0 0 0 0 0 0 0 0 0 0 0 0 0 0 0 0 0 0 0 0 0 0 0 0 0 0 0 0 0 0 0 0 0 0 0 0 0 0 0 0 0 0 0 0 0 0 0 0 0 0 0 0 0 0 0 0 0 0 0 0 0 0 0 0 0 0 0 0 0 0 0 0 0 0 0 0 0 0 0 0 0 0 0 0 0 0 0 0 0 0 0 0 0 0 0 0 0 0 0 0 0 0 0 
0 0 1 0 0 0 
200 -364 200 -364 214 -221 225 -120 235 -38 244 42 252 109 267 154 275 246 284 324 288 371 294 446 315 482 498 478 486 499 456 -362 456 -342 466 -213 471 -117 475 -31 477 53 485 122 489 168 491 248 497 342 499 400 497 451 489 500 0 0 0 0 0 0 0 0 0 0 0 0 0 0 0 0 0 0 0 0 0 0 0 0 0 0 0 0 0 0 0 0 0 0 0 0 0 0 0 0 0 0 0 0 0 0 0 0 0 0 0 0 0 0 0 0 0 0 0 0 0 0 0 0 0 0 0 0 0 0 0 0 0 0 0 0 0 0 0 0 0 0 0 0 0 0 0 0 0 0 0 0 0 0 
0 0 1 0 0 0 
209 -456 218 -430 224 -413 234 -383 249 -339 268 -251 280 -138 288 -12 293 112 295 225 295 285 293 383 299 474 498 500 498 500 468 -445 470 -425 472 -416 474 -398 480 -342 488 -247 492 -144 498 -18 500 112 500 229 494 288 486 385 474 500 0 0 0 0 0 0 0 0 0 0 0 0 0 0 0 0 0 0 0 0 0 0 0 0 0 0 0 0 0 0 0 0 0 0 0 0 0 0 0 0 0 0 0 0 0 0 0 0 0 0 0 0 0 0 0 0 0 0 0 0 0 0 0 0 0 0 0 0 0 0 0 0 0 0 0 0 0 0 0 0 0 0 0 0 0 0 0 0 0 0 0 0 0 0 
0 0 1 0 0 0 
499 -481 499 -481 499 -397 497 -345 493 -300 481 -218 474 -142 467 -58 458 34 440 153 433 213 426 278 421 354 417 438 410 483 400 498 500 -435 498 -409 494 -349 483 -277 469 -199 455 -115 446 -23 439 74 432 178 430 243 428 335 428 409 426 472 426 500 0 0 0 0 0 0 0 0 0 0 0 0 0 0 0 0 0 0 0 0 0 0 0 0 0 0 0 0 0 0 0 0 0 0 0 0 0 0 0 0 0 0 0 0 0 0 0 0 0 0 0 0 0 0 0 0 0 0 0 0 0 0 0 0 0 0 0 0 0 0 0 0 0 0 0 0 0 0 0 0 0 0 0 0 0 0 0 0 0 0 
0 0 1 0 0 0 
417 -454 230 -461 231 -430 231 -411 233 -305 235 -258 241 -169 245 -70 249 23 255 120 259 178 265 237 309 343 298 369 304 423 302 487 298 498 499 447 499 447 417 -451 417 -451 417 -426 411 -325 413 -243 421 -148 430 -52 440 42 454 136 460 198 479 277 487 344 491 382 497 434 499 478 499 498 0 0 0 0 0 0 0 0 0 0 0 0 0 0 0 0 0 0 0 0 0 0 0 0 0 0 0 0 0 0 0 0 0 0 0 0 0 0 0 0 0 0 0 0 0 0 0 0 0 0 0 0 0 0 0 0 0 0 0 0 0 0 0 0 0 0 0 0 0 0 0 0 0 0 0 0 0 0 0 0 
0 0 1 0 0 0 
265 -468 265 -446 263 -391 257 -318 253 -283 248 -224 244 -147 242 -85 242 -8 244 83 248 169 251 235 259 345 265 424 271 498 500 441 500 441 488 -459 488 -459 488 -410 480 -344 467 -284 451 -214 443 -153 439 -83 437 -23 443 72 451 160 467 244 482 358 490 433 500 498 0 0 0 0 0 0 0 0 0 0 0 0 0 0 0 0 0 0 0 0 0 0 0 0 0 0 0 0 0 0 0 0 0 0 0 0 0 0 0 0 0 0 0 0 0 0 0 0 0 0 0 0 0 0 0 0 0 0 0 0 0 0 0 0 0 0 0 0 0 0 0 0 0 0 0 0 0 0 0 0 0 0 0 0 0 0 
0 0 1 0 0 0 
498 -482 498 -482 500 -455 500 -368 494 -297 488 -237 480 -123 477 -36 473 54 471 169 467 306 469 340 461 416 461 469 463 498 500 -482 497 -451 492 -355 481 -283 467 -216 438 -98 431 -19 424 85 422 172 420 299 417 340 413 441 408 500 0 0 0 0 0 0 0 0 0 0 0 0 0 0 0 0 0 0 0 0 0 0 0 0 0 0 0 0 0 0 0 0 0 0 0 0 0 0 0 0 0 0 0 0 0 0 0 0 0 0 0 0 0 0 0 0 0 0 0 0 0 0 0 0 0 0 0 0 0 0 0 0 0 0 0 0 0 0 0 0 0 0 0 0 0 0 0 0 0 0 0 0 0 0 
0 0 1 0 0 0 
