500 419 500 419 448 436 407 436 340 410 291 397 259 393 182 397 59 445 51 449 -24 458 -72 462 -149 480 -199 489 -239 489 -281 484 -305 497 499 490 436 481 392 477 318 405 263 382 243 379 -327 496 -341 500 0 0 0 0 0 0 0 0 0 0 0 0 0 0 0 0 0 0 0 0 0 0 0 0 0 0 0 0 0 0 0 0 0 0 0 0 0 0 0 0 0 0 0 0 0 0 0 0 0 0 0 0 0 0 0 0 0 0 0 0 0 0 0 0 0 0 0 0 0 0 0 0 0 0 0 0 0 0 0 0 0 0 0 0 0 0 0 0 0 0 0 0 0 0 0 0 0 0 0 0 
1 0 0 0 0 0 
500 111 445 478 427 467 402 464 346 467 302 467 243 464 183 467 126 464 66 467 10 464 -15 467 -61 471 -107 474 -166 474 -228 474 -292 489 -336 496 -367 500 -323 219 -323 219 500 350 473 355 437 360 386 385 342 395 283 400 221 405 165 410 105 415 47 420 23 420 -22 430 -67 440 -126 450 -185 455 -251 470 -288 480 -320 500 0 0 0 0 0 0 0 0 0 0 0 0 0 0 0 0 0 0 0 0 0 0 0 0 0 0 0 0 0 0 0 0 0 0 0 0 0 0 0 0 0 0 0 0 0 0 0 0 0 0 0 0 0 0 0 0 0 0 0 0 0 0 0 0 0 0 0 0 0 0 0 0 
1 0 0 0 0 0 
499 498 486 490 434 454 410 450 359 432 312 450 266 457 210 465 139 468 87 468 11 465 -13 465 -112 461 -123 461 -207 461 -247 465 -207 153 -207 153 499 461 486 456 433 445 406 445 361 440 323 456 263 478 240 478 157 489 117 489 42 500 30 500 -58 489 -86 489 -158 478 -198 478 0 0 0 0 0 0 0 0 0 0 0 0 0 0 0 0 0 0 0 0 0 0 0 0 0 0 0 0 0 0 0 0 0 0 0 0 0 0 0 0 0 0 0 0 0 0 0 0 0 0 0 0 0 0 0 0 0 0 0 0 0 0 0 0 0 0 0 0 0 0 0 0 0 0 0 0 0 0 0 0 0 0 
1 0 0 0 0 0 
500 500 488 492 446 485 374 482 332 489 265 496 172 496 148 492 73 492 9 482 -36 478 -79 485 -156 335 -156 335 -187 300 -229 303 -229 303 500 100 500 100 452 100 370 110 334 116 275 126 176 132 153 135 80 139 31 142 -29 152 -67 158 -101 165 -294 498 -294 498 0 0 0 0 0 0 0 0 0 0 0 0 0 0 0 0 0 0 0 0 0 0 0 0 0 0 0 0 0 0 0 0 0 0 0 0 0 0 0 0 0 0 0 0 0 0 0 0 0 0 0 0 0 0 0 0 0 0 0 0 0 0 0 0 0 0 0 0 0 0 0 0 0 0 0 0 0 0 0 0 0 0 0 0 0 0 
1 0 0 0 0 0 
350 217 350 217 402 318 500 442 485 449 419 477 373 487 283 494 251 494 162 494 76 494 -2 494 -45 498 -93 498 -106 498 -175 494 -223 494 -343 384 -260 498 -260 498 500 442 500 442 -251 498 0 0 0 0 0 0 0 0 0 0 0 0 0 0 0 0 0 0 0 0 0 0 0 0 0 0 0 0 0 0 0 0 0 0 0 0 0 0 0 0 0 0 0 0 0 0 0 0 0 0 0 0 0 0 0 0 0 0 0 0 0 0 0 0 0 0 0 0 0 0 0 0 0 0 0 0 0 0 0 0 0 0 0 0 0 0 0 0 0 0 0 0 0 0 0 0 0 0 0 0 0 0 0 0 
1 0 0 0 0 0 
500 222 488 229 410 318 412 333 412 333 364 370 295 377 228 381 219 381 154 381 125 396 118 400 91 418 65 429 -2 462 -60 485 -106 500 -115 496 499 497 499 497 425 493 425 493 -23 357 -35 357 -57 353 -150 357 -198 365 -234 353 0 0 0 0 0 0 0 0 0 0 0 0 0 0 0 0 0 0 0 0 0 0 0 0 0 0 0 0 0 0 0 0 0 0 0 0 0 0 0 0 0 0 0 0 0 0 0 0 0 0 0 0 0 0 0 0 0 0 0 0 0 0 0 0 0 0 0 0 0 0 0 0 0 0 0 0 0 0 0 0 0 0 0 0 0 0 0 0 0 0 0 0 0 0 
1 0 0 0 0 0 
500 497 425 149 425 149 367 162 312 171 287 180 256 185 205 194 166 199 82 208 45 212 15 217 -11 221 -35 226 -67 226 -104 230 -147 230 -192 235 -290 239 -319 244 -353 248 500 414 486 414 415 439 378 452 341 460 312 468 256 477 217 481 134 489 93 489 66 489 55 489 8 493 -15 489 -56 493 -81 493 -133 493 -224 497 -258 493 -293 497 0 0 0 0 0 0 0 0 0 0 0 0 0 0 0 0 0 0 0 0 0 0 0 0 0 0 0 0 0 0 0 0 0 0 0 0 0 0 0 0 0 0 0 0 0 0 0 0 0 0 0 0 0 0 0 0 0 0 0 0 0 0 0 0 0 0 0 0 
1 0 0 0 0 0 
498 432 498 432 498 432 480 436 480 436 395 468 277 477 162 450 84 445 -37 445 -130 500 -170 477 500 185 484 213 478 216 445 240 419 264 355 312 323 333 263 384 247 422 227 443 213 474 202 470 187 470 106 474 30 474 -45 474 -123 477 -177 498 -206 494 -234 481 0 0 0 0 0 0 0 0 0 0 0 0 0 0 0 0 0 0 0 0 0 0 0 0 0 0 0 0 0 0 0 0 0 0 0 0 0 0 0 0 0 0 0 0 0 0 0 0 0 0 0 0 0 0 0 0 0 0 0 0 0 0 0 0 0 0 0 0 0 0 0 0 0 0 0 0 0 0 0 0 0 0 0 0 0 0 
1 0 0 0 0 0 
500 255 483 265 -127 497 -127 497 -140 497 -159 497 -245 493 -274 469 499 314 499 314 471 332 425 349 334 359 326 363 265 394 197 397 139 401 70 401 1 429 -9 432 -59 446 -98 467 -108 474 -145 487 -155 487 -214 498 -246 491 -288 221 -288 221 0 0 0 0 0 0 0 0 0 0 0 0 0 0 0 0 0 0 0 0 0 0 0 0 0 0 0 0 0 0 0 0 0 0 0 0 0 0 0 0 0 0 0 0 0 0 0 0 0 0 0 0 0 0 0 0 0 0 0 0 0 0 0 0 0 0 0 0 0 0 0 0 0 0 0 0 0 0 0 0 0 0 0 0 0 0 0 0 0 0 0 0 
1 0 0 0 0 0 
499 490 487 480 418 471 392 461 316 496 277 500 200 500 107 496 22 496 -44 500 -118 500 -175 496 -219 493 -275 490 -294 490 -243 159 -243 159 499 421 499 421 396 440 375 454 320 473 266 483 197 492 89 492 42 497 -30 492 -101 497 -149 492 -195 488 -244 478 -256 478 0 0 0 0 0 0 0 0 0 0 0 0 0 0 0 0 0 0 0 0 0 0 0 0 0 0 0 0 0 0 0 0 0 0 0 0 0 0 0 0 0 0 0 0 0 0 0 0 0 0 0 0 0 0 0 0 0 0 0 0 0 0 0 0 0 0 0 0 0 0 0 0 0 0 0 0 0 0 0 0 0 0 0 0 0 0 
1 0 0 0 0 0 
499 500 499 500 440 451 382 444 321 433 267 426 210 419 150 374 119 384 78 353 22 342 -54 363 -91 269 -88 234 -141 206 -197 213 500 497 488 492 442 483 392 474 330 464 284 460 233 446 181 422 152 422 121 408 64 394 -8 403 -47 394 0 0 0 0 0 0 0 0 0 0 0 0 0 0 0 0 0 0 0 0 0 0 0 0 0 0 0 0 0 0 0 0 0 0 0 0 0 0 0 0 0 0 0 0 0 0 0 0 0 0 0 0 0 0 0 0 0 0 0 0 0 0 0 0 0 0 0 0 0 0 0 0 0 0 0 0 0 0 0 0 0 0 0 0 0 0 0 0 0 0 0 0 
1 0 0 0 0 0 
499 346 405 142 386 138 328 127 263 131 321 317 295 332 255 346 245 357 189 386 128 401 94 423 41 430 -16 459 -55 485 -89 492 -147 500 -204 492 -263 478 499 500 461 469 374 439 321 465 0 0 0 0 0 0 0 0 0 0 0 0 0 0 0 0 0 0 0 0 0 0 0 0 0 0 0 0 0 0 0 0 0 0 0 0 0 0 0 0 0 0 0 0 0 0 0 0 0 0 0 0 0 0 0 0 0 0 0 0 0 0 0 0 0 0 0 0 0 0 0 0 0 0 0 0 0 0 0 0 0 0 0 0 0 0 0 0 0 0 0 0 0 0 0 0 0 0 0 0 0 0 0 0 
1 0 0 0 0 0 
500 455 500 455 436 371 422 365 380 346 338 339 300 339 252 346 195 358 135 371 71 403 13 435 -47 474 -107 500 -178 500 -243 493 -280 493 -315 487 -352 493 -359 493 500 452 438 422 425 419 377 410 330 407 302 410 252 416 197 425 135 440 65 458 10 476 -47 491 -105 500 -176 497 -244 494 -285 488 -320 485 -355 476 0 0 0 0 0 0 0 0 0 0 0 0 0 0 0 0 0 0 0 0 0 0 0 0 0 0 0 0 0 0 0 0 0 0 0 0 0 0 0 0 0 0 0 0 0 0 0 0 0 0 0 0 0 0 0 0 0 0 0 0 0 0 0 0 0 0 0 0 0 0 0 0 0 0 
1 0 0 0 0 0 
499 370 483 370 414 370 370 376 312 395 274 395 202 407 118 432 61 450 19 462 -81 481 -94 475 -153 481 -201 487 -234 500 -247 493 436 64 499 453 499 453 423 457 357 481 336 489 285 497 230 497 133 497 87 489 59 489 -39 489 -52 485 -109 485 -157 485 -199 481 -215 473 -264 144 -264 144 0 0 0 0 0 0 0 0 0 0 0 0 0 0 0 0 0 0 0 0 0 0 0 0 0 0 0 0 0 0 0 0 0 0 0 0 0 0 0 0 0 0 0 0 0 0 0 0 0 0 0 0 0 0 0 0 0 0 0 0 0 0 0 0 0 0 0 0 0 0 0 0 0 0 0 0 0 0 0 0 
1 0 0 0 0 0 
499 500 486 487 424 472 397 469 332 466 258 475 190 469 135 475 66 481 12 490 -62 481 -110 484 -195 469 -250 472 -294 478 -224 245 -224 245 500 490 487 478 432 454 419 454 347 458 271 466 218 470 169 478 107 482 58 490 -26 498 -62 494 -134 486 -177 470 -220 466 0 0 0 0 0 0 0 0 0 0 0 0 0 0 0 0 0 0 0 0 0 0 0 0 0 0 0 0 0 0 0 0 0 0 0 0 0 0 0 0 0 0 0 0 0 0 0 0 0 0 0 0 0 0 0 0 0 0 0 0 0 0 0 0 0 0 0 0 0 0 0 0 0 0 0 0 0 0 0 0 0 0 0 0 0 0 
1 0 0 0 0 0 
