-114 498 -119 442 -128 371 -134 260 -138 206 -141 117 -136 41 -238 -140 -238 -140 -238 -140 -239 -162 -228 -233 -173 -157 -95 -98 -93 -88 -34 -19 -15 41 46 120 128 189 126 223 239 356 344 459 344 466 379 476 396 484 500 368 487 144 487 95 485 -51 484 -95 484 -213 484 -289 484 -336 -321 500 -321 500 -299 418 -313 346 -320 234 -320 188 -320 124 -317 26 -162 -66 -162 -66 -159 -110 -156 -143 -152 -188 -128 -229 -91 -188 -49 -141 -31 -114 12 -55 47 -7 98 64 165 160 173 174 242 291 303 366 350 411 380 435 413 444 425 440 481 342 491 114 492 71 497 -62 498 -124 498 -215 498 -291 500 -339 500 -342 0 0 0 0 0 0 0 0 0 0 
0 0 0 0 1 0 
-148 463 -289 500 -285 470 -279 393 -278 284 -274 152 -274 36 -274 -72 -274 -202 -272 -295 -271 -343 -224 -309 -151 -211 -111 -168 -98 -138 -16 -2 -12 25 182 125 206 165 216 177 228 200 244 222 351 388 364 411 394 450 432 481 463 481 490 429 497 370 500 261 497 193 492 81 490 2 484 -88 480 -190 480 -275 481 -343 484 -379 -97 451 -98 429 -98 348 -98 208 -95 105 -90 -4 -89 -110 -87 -233 -79 -314 -77 -346 -27 -314 53 -217 87 -175 108 -148 196 -17 209 4 129 123 129 123 129 123 210 267 273 310 333 402 361 449 411 469 445 498 478 485 492 422 497 357 499 265 497 168 497 44 494 -20 494 -107 495 -240 494 -278 491 -348 491 -397 
0 0 0 0 1 0 
-146 498 -148 444 -151 367 -154 255 -157 180 -157 97 -153 -36 -143 -203 -140 -286 -139 -338 -118 -356 -45 -284 -28 -261 34 -173 49 -144 113 -36 173 56 188 79 203 103 256 185 274 209 338 306 374 349 401 379 460 266 469 178 472 76 480 -60 489 -158 487 -203 491 -293 495 -386 500 -417 -301 498 -301 498 -298 440 -296 366 -296 257 -293 189 -291 87 -294 -30 -290 -200 -289 -300 -289 -346 -271 -372 -171 -287 -169 -278 -98 -152 -92 -139 -30 -41 21 39 83 87 85 104 120 174 135 200 214 302 252 331 270 359 328 267 335 174 338 71 342 -67 342 -167 342 -211 343 -302 342 -409 341 -444 499 -424 499 -424 0 0 0 0 0 0 0 0 0 0 0 0 
0 0 0 0 1 0 
-146 500 -140 436 -144 352 -153 237 -167 81 -168 5 -170 -89 -171 -216 -174 -278 -175 -367 -178 -410 -175 -431 -97 -441 -53 -403 -29 -380 34 -285 87 -204 97 -181 147 -86 177 -40 283 147 289 155 346 252 377 308 409 359 455 415 465 426 499 456 496 142 -293 500 -293 500 -287 441 -287 351 -287 263 -316 95 -323 26 -323 -60 -326 -185 -326 -268 -326 -348 -304 -429 -296 -453 -243 -456 -152 -365 -151 -343 -92 -219 -9 -158 -23 -119 35 -34 39 -2 195 36 253 102 140 165 140 165 231 302 232 321 285 370 331 434 345 453 352 478 483 429 490 439 500 329 490 275 471 185 353 134 442 -119 435 -156 431 -241 431 -275 433 -356 0 0 0 0 0 0 0 0 
0 0 0 0 1 0 
-272 500 -256 465 -247 435 -232 334 -228 243 -227 130 -223 4 -221 -64 -216 -177 -214 -197 -68 -288 -64 -330 -62 -359 -60 -381 -36 -406 46 -290 51 -280 92 -209 138 -113 202 -12 266 83 289 128 322 184 342 216 393 288 421 332 455 384 484 418 499 391 491 268 486 209 458 54 453 17 442 -49 434 -120 429 -179 418 -283 389 -408 372 -453 265 -460 265 -460 -69 464 -69 464 -66 417 -60 286 -48 153 -37 74 -30 -74 -27 -133 -21 -217 -9 -288 -121 -330 -121 -330 -121 -330 -70 -370 15 -229 18 -214 84 -101 150 -12 187 54 236 162 264 182 354 293 356 311 437 392 436 412 487 471 494 498 496 439 496 313 499 237 446 86 442 56 436 14 428 -96 
0 0 0 0 1 0 
-189 485 -189 485 -170 338 -137 171 -132 132 -125 4 -115 -99 -107 -219 -107 -239 -100 -342 -85 -427 -82 -454 -45 -442 76 -352 110 -311 126 -280 131 -243 95 -111 284 65 250 147 250 147 306 314 312 323 340 379 384 446 500 495 500 495 500 495 471 500 478 376 476 260 476 178 475 159 465 55 456 -45 456 -62 454 -173 456 -210 -78 500 23 -369 -14 -288 -14 -288 158 -41 114 24 114 24 114 24 330 490 331 495 499 4 499 4 497 -19 497 -189 0 0 0 0 0 0 0 0 0 0 0 0 0 0 0 0 0 0 0 0 0 0 0 0 0 0 0 0 0 0 0 0 0 0 0 0 0 0 0 0 0 0 0 0 0 0 
0 0 0 0 1 0 
499 497 -4 500 -10 397 -14 268 -13 224 -16 85 -85 48 -85 48 -85 48 -73 -70 -66 -207 -64 -243 47 -107 57 -90 131 21 157 70 204 173 266 270 307 324 319 341 328 368 379 417 388 431 499 409 474 187 471 -124 -163 500 -163 500 -156 405 -152 266 -152 266 -144 160 -48 66 -9 -56 -5 -70 -2 -101 1 -209 9 -257 115 -129 115 -129 160 -61 204 18 259 106 319 212 350 266 367 292 386 320 430 372 442 386 444 389 497 353 499 141 496 -99 408 -155 423 -261 425 -273 423 -384 420 -412 0 0 0 0 0 0 0 0 0 0 0 0 0 0 0 0 0 0 0 0 0 0 0 0 0 0 0 0 0 0 0 0 0 0 
0 0 0 0 1 0 
497 500 -93 478 -93 478 -83 373 -43 191 -161 204 -161 204 -161 179 -164 69 -164 -67 -162 -119 -156 -173 365 316 357 352 433 498 433 498 433 498 433 498 499 42 499 42 499 22 499 -89 499 -141 499 -260 499 -319 495 -391 -289 446 -283 427 -273 357 -265 302 -97 155 -96 142 -92 97 -86 21 -82 -55 -73 -125 -62 -195 -60 -212 -55 -293 18 -253 55 -208 99 -136 116 -110 153 -42 208 46 253 125 276 189 343 285 343 285 343 285 317 489 428 485 428 491 428 491 442 500 448 500 452 493 459 327 459 238 466 117 475 65 486 -8 486 -46 487 -85 487 -134 487 -248 489 -323 496 -387 499 -400 0 0 0 0 0 0 0 0 0 0 0 0 
0 0 0 0 1 0 
150 105 500 500 -135 424 -177 309 -180 255 -178 134 -177 59 -174 -38 -175 -130 -174 -200 -171 -266 -167 -268 -77 -185 -70 -172 18 -10 -107 -12 -107 -12 18 4 -23 168 -23 168 130 168 146 198 157 226 212 300 103 304 103 304 183 477 265 498 479 255 483 221 489 76 489 34 489 14 493 -138 493 -219 494 -324 494 -379 499 -428 -302 453 -302 453 -313 329 -314 272 -314 143 -311 61 -308 -25 -308 -122 -307 -191 -264 -274 -259 -278 -187 -183 -185 -168 -172 -113 16 -14 16 0 16 0 -38 101 -38 101 -21 103 -7 122 -7 122 12 166 23 206 210 293 216 305 216 305 173 396 339 483 339 483 351 495 380 500 440 468 443 424 466 280 384 253 384 253 
0 0 0 0 1 0 
500 497 -165 -11 -165 -11 -165 -11 -165 -37 -167 -201 -167 -259 -165 -339 -167 -421 -107 -388 -91 -358 -14 -274 40 -177 51 -145 130 -39 162 -14 181 30 194 70 194 70 276 185 297 213 326 266 425 377 425 377 497 498 497 498 497 498 497 -203 497 -203 497 -203 497 -229 499 -419 497 -449 497 -454 -88 405 -95 383 -105 317 -119 213 -118 117 -106 -20 -101 -58 -101 -92 -101 -117 -101 -213 -102 -269 -104 -349 -106 -421 -50 -387 -36 -362 28 -290 75 -199 90 -165 90 -165 61 -4 223 43 223 43 233 79 233 79 353 240 353 240 358 276 421 376 421 376 479 464 481 469 482 473 499 498 499 492 482 317 478 247 471 115 469 31 466 -61 468 -120 485 -204 
0 0 0 0 1 0 
500 500 -49 500 -45 378 -45 299 -41 168 -37 128 -24 21 -7 -175 -5 -226 -1 -305 4 -361 8 -412 17 -405 59 -288 102 -175 -15 -196 -15 -196 -11 -155 1 -87 48 4 52 49 175 68 121 250 121 250 182 337 182 337 216 401 255 491 493 -4 496 -25 499 -168 497 -264 -215 495 -215 495 -212 370 -209 288 -189 161 -182 118 -167 8 -156 -186 -151 -237 -147 -294 -142 -375 -139 -419 -6 -413 -4 -413 -96 -415 -80 -313 -80 -313 84 -177 88 -158 92 -127 99 -97 104 -63 136 2 154 63 95 186 95 186 110 192 270 336 277 362 296 411 331 483 334 485 383 500 399 349 393 283 435 175 406 122 441 67 354 25 354 25 361 -139 370 -279 500 -385 
0 0 0 0 1 0 
499 500 -92 443 -98 373 -103 266 -101 176 -103 72 -105 -27 -107 -127 -106 -200 -105 -260 -94 -287 10 -183 10 -179 49 -113 61 -87 125 17 192 115 84 113 84 113 106 144 106 144 152 238 210 253 208 268 212 294 278 409 303 430 339 490 377 498 500 -452 -216 489 -216 489 -212 414 -206 306 -208 225 -210 123 -213 21 -214 -82 -214 -165 -213 -236 -197 -282 -136 -234 -119 -206 -41 -110 -38 -97 16 23 16 23 189 114 197 144 214 157 232 176 242 197 267 223 267 223 310 282 366 380 366 380 422 455 455 491 455 491 497 500 499 404 492 312 485 174 485 48 484 34 475 -127 479 -161 475 -251 469 -334 468 -402 387 -463 0 0 0 0 0 0 
0 0 0 0 1 0 
-231 411 -231 411 -205 363 -195 282 -188 163 -185 50 -185 -25 -184 -91 -184 -163 -181 -218 -133 -195 -70 -108 -36 -14 26 87 27 101 76 171 161 288 216 363 227 388 288 456 299 471 368 494 494 498 499 498 450 496 450 496 457 337 459 222 459 123 459 2 460 -129 462 -146 460 -231 457 -288 451 -352 -106 403 -102 371 -93 250 -89 149 -86 68 -85 -57 -85 -121 -82 -188 -83 -228 -44 -211 14 -106 42 -23 106 83 107 96 150 168 214 271 276 358 289 382 336 440 348 461 400 497 463 500 471 493 495 335 492 183 494 123 494 12 495 -130 495 -149 497 -235 498 -290 500 -354 0 0 0 0 0 0 0 0 0 0 0 0 0 0 0 0 
0 0 0 0 1 0 
-23 -94 500 498 -36 487 -36 487 -63 398 -74 341 -106 203 -125 100 -132 -30 -133 -49 -136 -145 -138 -245 -138 -297 -136 -341 -117 -360 -97 -348 -97 -348 -97 -348 -113 -285 -113 -285 -116 -241 -94 -206 -81 -170 -10 -84 -7 -67 47 9 127 105 127 105 127 105 257 231 296 292 312 316 382 400 424 426 447 466 485 494 500 498 486 416 468 332 460 264 454 220 414 107 396 35 389 -32 386 -98 350 -196 341 -234 337 -262 334 -278 331 -297 331 -297 -225 498 -233 423 -235 378 -275 177 -276 132 -284 -27 -284 -43 -287 -134 -287 -227 -287 -280 -285 -316 -258 -346 -250 -339 -177 -266 -162 -264 -162 -264 -109 -246 -109 -246 -6 -198 -6 -198 38 -120 53 -95 61 88 175 75 
0 0 0 0 1 0 
-252 498 -242 463 -233 408 -227 368 -215 336 -208 223 -205 147 -199 48 -192 -73 -185 -149 -165 -214 -143 -309 -140 -341 -140 -355 -85 -267 -64 -176 -19 -98 2 -8 55 86 64 115 118 189 127 218 182 277 193 311 248 357 281 370 318 353 478 227 472 185 474 75 475 -50 484 -113 491 -218 493 -311 400 -383 499 -330 499 -330 -93 498 -93 473 -91 443 -86 384 -85 344 -73 224 -64 116 -63 59 -52 -69 -45 -152 -36 -209 -32 -291 -27 -315 -24 -338 36 -253 64 -169 101 -86 124 -23 183 88 193 116 237 192 252 219 298 281 315 306 370 357 387 365 443 340 499 -329 0 0 0 0 0 0 0 0 0 0 0 0 0 0 0 0 0 0 0 0 
0 0 0 0 1 0 
