40 150 4
487 500 494 500 498 500 491 500 491 500 484 204 484 500 491 500 491 363 500 487 500 487 428 494 366 498 245 491 156 491 65 484 25 484 -53 491 -93 491 0 0 0 0 0 0 0 0 0 0 0 0 0 0 0 0 0 0 0 0 0 0 0 0 0 0 0 0 0 0 0 0 0 0 0 0 0 0 0 0 0 0 0 0 0 0 0 0 0 0 0 0 0 0 0 0 0 0 0 0 0 0 0 0 0 0 0 0 0 0 0 0 0 0 0 0 0 0 0 0 0 0 0 0 0 0 0 0 0 0 0 0 0 0 0 0 0 0 0 0 0 0 0 0 0 0 0 0 0 0 0 0 
1 0 0 0 
481 363 484 363 497 363 500 363 494 363 492 363 492 500 492 363 486 363 484 363 486 363 489 363 492 363 499 481 483 484 407 497 368 500 288 494 226 492 182 492 119 492 56 486 9 484 -66 486 -124 489 -177 492 -157 -143 -157 -143 0 0 0 0 0 0 0 0 0 0 0 0 0 0 0 0 0 0 0 0 0 0 0 0 0 0 0 0 0 0 0 0 0 0 0 0 0 0 0 0 0 0 0 0 0 0 0 0 0 0 0 0 0 0 0 0 0 0 0 0 0 0 0 0 0 0 0 0 0 0 0 0 0 0 0 0 0 0 0 0 0 0 0 0 0 0 0 0 0 0 0 0 0 0 
1 0 0 0 
467 500 469 363 483 500 487 363 494 363 498 363 496 363 496 500 496 500 496 363 492 363 487 363 481 363 474 204 499 467 482 469 414 483 372 487 311 494 246 498 183 496 119 496 54 496 -8 496 -67 492 -140 487 -200 481 -237 474 -237 474 0 0 0 0 0 0 0 0 0 0 0 0 0 0 0 0 0 0 0 0 0 0 0 0 0 0 0 0 0 0 0 0 0 0 0 0 0 0 0 0 0 0 0 0 0 0 0 0 0 0 0 0 0 0 0 0 0 0 0 0 0 0 0 0 0 0 0 0 0 0 0 0 0 0 0 0 0 0 0 0 0 0 0 0 0 0 0 0 0 0 0 0 
1 0 0 0 
453 499 463 499 469 499 474 315 477 315 485 315 490 315 495 499 495 499 493 315 495 315 498 499 500 453 500 453 448 463 392 469 332 474 269 477 191 485 115 490 70 495 -12 495 -57 493 -118 495 -174 498 -169 -134 -169 -134 0 0 0 0 0 0 0 0 0 0 0 0 0 0 0 0 0 0 0 0 0 0 0 0 0 0 0 0 0 0 0 0 0 0 0 0 0 0 0 0 0 0 0 0 0 0 0 0 0 0 0 0 0 0 0 0 0 0 0 0 0 0 0 0 0 0 0 0 0 0 0 0 0 0 0 0 0 0 0 0 0 0 0 0 0 0 0 0 0 0 0 0 0 0 0 0 
1 0 0 0 
500 363 496 363 490 500 484 204 478 363 478 204 475 204 478 204 478 204 478 204 481 204 481 204 499 500 482 496 408 490 370 484 293 478 231 478 156 475 92 478 16 478 -46 478 -119 481 -182 481 0 0 0 0 0 0 0 0 0 0 0 0 0 0 0 0 0 0 0 0 0 0 0 0 0 0 0 0 0 0 0 0 0 0 0 0 0 0 0 0 0 0 0 0 0 0 0 0 0 0 0 0 0 0 0 0 0 0 0 0 0 0 0 0 0 0 0 0 0 0 0 0 0 0 0 0 0 0 0 0 0 0 0 0 0 0 0 0 0 0 0 0 0 0 0 0 0 0 0 0 0 0 
1 0 0 0 
478 363 481 363 486 363 489 500 498 500 498 363 495 500 492 500 495 500 495 500 492 363 492 363 492 204 500 478 484 481 402 486 360 489 287 498 202 498 147 495 69 492 -7 495 -71 495 -109 492 -164 492 -204 492 -162 -156 -167 -156 0 0 0 0 0 0 0 0 0 0 0 0 0 0 0 0 0 0 0 0 0 0 0 0 0 0 0 0 0 0 0 0 0 0 0 0 0 0 0 0 0 0 0 0 0 0 0 0 0 0 0 0 0 0 0 0 0 0 0 0 0 0 0 0 0 0 0 0 0 0 0 0 0 0 0 0 0 0 0 0 0 0 0 0 0 0 0 0 0 0 0 0 0 0 
1 0 0 0 
497 499 469 499 464 499 471 315 481 499 492 499 497 499 497 315 500 499 495 499 492 499 490 78 499 497 499 497 402 469 363 464 286 471 247 481 171 492 110 497 68 497 4 500 -57 495 -129 492 -166 490 -116 -259 -116 -259 0 0 0 0 0 0 0 0 0 0 0 0 0 0 0 0 0 0 0 0 0 0 0 0 0 0 0 0 0 0 0 0 0 0 0 0 0 0 0 0 0 0 0 0 0 0 0 0 0 0 0 0 0 0 0 0 0 0 0 0 0 0 0 0 0 0 0 0 0 0 0 0 0 0 0 0 0 0 0 0 0 0 0 0 0 0 0 0 0 0 0 0 0 0 0 0 
1 0 0 0 
464 204 467 363 477 363 488 363 491 204 491 204 494 500 498 363 498 363 498 363 494 204 488 204 481 204 499 464 483 467 431 477 339 488 264 491 264 491 159 494 113 498 61 498 -27 498 -87 494 -159 488 -206 481 -232 477 -232 477 0 0 0 0 0 0 0 0 0 0 0 0 0 0 0 0 0 0 0 0 0 0 0 0 0 0 0 0 0 0 0 0 0 0 0 0 0 0 0 0 0 0 0 0 0 0 0 0 0 0 0 0 0 0 0 0 0 0 0 0 0 0 0 0 0 0 0 0 0 0 0 0 0 0 0 0 0 0 0 0 0 0 0 0 0 0 0 0 0 0 0 0 0 0 
1 0 0 0 
500 499 500 499 486 315 480 499 483 315 486 499 483 499 480 499 483 499 486 315 491 315 499 -112 476 500 476 500 360 486 317 480 220 483 173 486 95 483 16 480 -43 483 -98 486 -148 491 -157 494 0 0 0 0 0 0 0 0 0 0 0 0 0 0 0 0 0 0 0 0 0 0 0 0 0 0 0 0 0 0 0 0 0 0 0 0 0 0 0 0 0 0 0 0 0 0 0 0 0 0 0 0 0 0 0 0 0 0 0 0 0 0 0 0 0 0 0 0 0 0 0 0 0 0 0 0 0 0 0 0 0 0 0 0 0 0 0 0 0 0 0 0 0 0 0 0 0 0 0 0 0 0 
1 0 0 0 
436 265 472 489 472 387 465 122 462 265 465 265 476 265 498 387 500 436 500 436 410 472 341 472 255 465 183 462 124 465 51 476 -18 498 0 0 0 0 0 0 0 0 0 0 0 0 0 0 0 0 0 0 0 0 0 0 0 0 0 0 0 0 0 0 0 0 0 0 0 0 0 0 0 0 0 0 0 0 0 0 0 0 0 0 0 0 0 0 0 0 0 0 0 0 0 0 0 0 0 0 0 0 0 0 0 0 0 0 0 0 0 0 0 0 0 0 0 0 0 0 0 0 0 0 0 0 0 0 0 0 0 0 0 0 0 0 0 0 0 0 0 0 0 0 0 0 0 0 0 0 
1 0 0 0 
492 265 476 387 468 387 468 265 460 265 468 489 476 387 484 387 500 387 492 387 484 387 484 387 500 265 500 265 -228 492 -228 492 -164 476 -65 468 -7 468 63 460 134 468 178 476 232 484 300 500 373 492 407 484 465 484 499 500 499 500 499 500 499 500 0 0 0 0 0 0 0 0 0 0 0 0 0 0 0 0 0 0 0 0 0 0 0 0 0 0 0 0 0 0 0 0 0 0 0 0 0 0 0 0 0 0 0 0 0 0 0 0 0 0 0 0 0 0 0 0 0 0 0 0 0 0 0 0 0 0 0 0 0 0 0 0 0 0 0 0 0 0 0 0 0 0 0 0 0 0 0 0 
0 1 0 0 
497 315 500 315 494 499 488 315 479 315 473 315 467 315 461 78 458 315 455 315 458 315 470 315 479 315 -181 -130 -202 497 -187 500 -112 494 -73 488 -1 479 38 473 113 467 171 461 243 458 290 455 330 458 396 470 438 479 500 -82 500 -82 0 0 0 0 0 0 0 0 0 0 0 0 0 0 0 0 0 0 0 0 0 0 0 0 0 0 0 0 0 0 0 0 0 0 0 0 0 0 0 0 0 0 0 0 0 0 0 0 0 0 0 0 0 0 0 0 0 0 0 0 0 0 0 0 0 0 0 0 0 0 0 0 0 0 0 0 0 0 0 0 0 0 0 0 0 0 0 0 0 0 0 0 
0 1 0 0 
445 203 497 500 497 407 486 407 481 407 476 500 465 407 455 407 455 407 455 407 465 500 471 314 481 -92 -215 445 -215 445 -129 497 -73 497 33 486 84 481 162 476 212 465 290 455 302 455 368 455 418 465 466 471 500 481 500 481 0 0 0 0 0 0 0 0 0 0 0 0 0 0 0 0 0 0 0 0 0 0 0 0 0 0 0 0 0 0 0 0 0 0 0 0 0 0 0 0 0 0 0 0 0 0 0 0 0 0 0 0 0 0 0 0 0 0 0 0 0 0 0 0 0 0 0 0 0 0 0 0 0 0 0 0 0 0 0 0 0 0 0 0 0 0 0 0 0 0 0 0 0 0 
0 1 0 0 
424 265 415 387 413 387 418 387 420 387 427 265 434 387 450 489 457 265 475 387 482 265 489 265 496 387 498 387 -265 424 -265 424 -202 415 -146 413 -90 418 -34 420 21 427 74 434 153 450 188 457 251 475 283 482 329 489 385 496 432 498 498 -251 499 -249 0 0 0 0 0 0 0 0 0 0 0 0 0 0 0 0 0 0 0 0 0 0 0 0 0 0 0 0 0 0 0 0 0 0 0 0 0 0 0 0 0 0 0 0 0 0 0 0 0 0 0 0 0 0 0 0 0 0 0 0 0 0 0 0 0 0 0 0 0 0 0 0 0 0 0 0 0 0 0 0 0 0 0 0 0 0 0 0 
0 1 0 0 
264 74 247 407 256 314 290 407 333 407 350 407 393 500 418 407 435 500 461 500 487 407 495 314 -205 262 -205 262 -122 245 -46 254 42 288 98 330 137 347 205 389 263 415 321 432 392 457 441 483 485 491 499 500 0 0 0 0 0 0 0 0 0 0 0 0 0 0 0 0 0 0 0 0 0 0 0 0 0 0 0 0 0 0 0 0 0 0 0 0 0 0 0 0 0 0 0 0 0 0 0 0 0 0 0 0 0 0 0 0 0 0 0 0 0 0 0 0 0 0 0 0 0 0 0 0 0 0 0 0 0 0 0 0 0 0 0 0 0 0 0 0 0 0 0 0 0 0 0 0 0 0 
0 1 0 0 
496 314 385 314 366 500 333 314 326 407 333 500 339 500 346 314 352 314 366 314 372 407 385 407 398 314 398 314 424 314 -198 496 -198 496 -134 385 -111 366 -65 333 37 326 76 333 136 339 195 346 233 352 305 366 339 372 401 385 447 398 456 398 498 424 500 424 0 0 0 0 0 0 0 0 0 0 0 0 0 0 0 0 0 0 0 0 0 0 0 0 0 0 0 0 0 0 0 0 0 0 0 0 0 0 0 0 0 0 0 0 0 0 0 0 0 0 0 0 0 0 0 0 0 0 0 0 0 0 0 0 0 0 0 0 0 0 0 0 0 0 0 0 0 0 0 0 0 0 0 0 0 0 
0 1 0 0 
499 314 440 314 424 407 403 500 403 407 392 314 392 314 403 407 408 314 424 314 440 314 451 500 462 203 -182 499 -182 499 -95 440 -56 424 6 403 19 403 100 392 166 392 226 403 274 408 334 424 392 440 442 451 499 462 499 462 0 0 0 0 0 0 0 0 0 0 0 0 0 0 0 0 0 0 0 0 0 0 0 0 0 0 0 0 0 0 0 0 0 0 0 0 0 0 0 0 0 0 0 0 0 0 0 0 0 0 0 0 0 0 0 0 0 0 0 0 0 0 0 0 0 0 0 0 0 0 0 0 0 0 0 0 0 0 0 0 0 0 0 0 0 0 0 0 0 0 0 0 0 0 
0 1 0 0 
500 204 473 500 460 500 458 500 458 204 460 500 463 500 468 500 473 500 475 500 477 363 480 500 487 204 -240 500 -240 500 -181 473 -120 460 -77 458 3 458 46 460 112 463 173 468 230 473 294 475 351 477 400 480 457 487 499 -286 499 -286 0 0 0 0 0 0 0 0 0 0 0 0 0 0 0 0 0 0 0 0 0 0 0 0 0 0 0 0 0 0 0 0 0 0 0 0 0 0 0 0 0 0 0 0 0 0 0 0 0 0 0 0 0 0 0 0 0 0 0 0 0 0 0 0 0 0 0 0 0 0 0 0 0 0 0 0 0 0 0 0 0 0 0 0 0 0 0 0 0 0 0 0 
0 1 0 0 
341 122 317 489 310 387 317 387 325 387 341 489 379 489 403 387 426 387 449 387 472 387 496 489 -215 338 -215 338 -126 315 -65 307 -1 315 73 323 113 338 186 376 227 400 285 423 359 446 412 469 460 492 500 500 0 0 0 0 0 0 0 0 0 0 0 0 0 0 0 0 0 0 0 0 0 0 0 0 0 0 0 0 0 0 0 0 0 0 0 0 0 0 0 0 0 0 0 0 0 0 0 0 0 0 0 0 0 0 0 0 0 0 0 0 0 0 0 0 0 0 0 0 0 0 0 0 0 0 0 0 0 0 0 0 0 0 0 0 0 0 0 0 0 0 0 0 0 0 0 0 0 0 
0 1 0 0 
498 500 491 500 458 363 419 363 415 204 432 204 435 363 442 363 445 363 -129 112 -138 498 -124 491 -39 458 81 419 161 415 287 432 320 435 403 442 462 445 500 448 500 448 0 0 0 0 0 0 0 0 0 0 0 0 0 0 0 0 0 0 0 0 0 0 0 0 0 0 0 0 0 0 0 0 0 0 0 0 0 0 0 0 0 0 0 0 0 0 0 0 0 0 0 0 0 0 0 0 0 0 0 0 0 0 0 0 0 0 0 0 0 0 0 0 0 0 0 0 0 0 0 0 0 0 0 0 0 0 0 0 0 0 0 0 0 0 0 0 0 0 0 0 0 0 0 0 0 0 0 0 
0 1 0 0 
-352 -61 -323 489 -262 265 -165 387 -73 387 -2 387 117 387 239 265 339 387 415 265 500 122 498 -371 276 -353 276 -325 278 -264 284 -167 288 -76 292 -5 294 114 292 236 290 335 290 412 284 496 282 498 0 0 0 0 0 0 0 0 0 0 0 0 0 0 0 0 0 0 0 0 0 0 0 0 0 0 0 0 0 0 0 0 0 0 0 0 0 0 0 0 0 0 0 0 0 0 0 0 0 0 0 0 0 0 0 0 0 0 0 0 0 0 0 0 0 0 0 0 0 0 0 0 0 0 0 0 0 0 0 0 0 0 0 0 0 0 0 0 0 0 0 0 0 0 0 0 0 0 0 0 0 0 
0 0 1 0 
-395 204 -373 500 -287 363 -214 500 -138 363 -58 204 22 204 126 204 199 204 273 204 357 204 427 204 500 0 499 -334 -42 -395 -34 -373 -9 -287 3 -214 12 -138 20 -58 22 22 23 126 29 199 33 273 38 357 34 427 25 500 465 459 465 459 0 0 0 0 0 0 0 0 0 0 0 0 0 0 0 0 0 0 0 0 0 0 0 0 0 0 0 0 0 0 0 0 0 0 0 0 0 0 0 0 0 0 0 0 0 0 0 0 0 0 0 0 0 0 0 0 0 0 0 0 0 0 0 0 0 0 0 0 0 0 0 0 0 0 0 0 0 0 0 0 0 0 0 0 0 0 0 0 0 0 0 0 
0 0 1 0 
-315 203 -232 500 -128 407 -76 500 -19 500 85 407 149 500 206 500 270 407 368 407 448 407 498 314 500 -321 500 -321 484 -240 465 -139 456 -89 448 -34 436 66 430 128 425 183 422 245 414 339 409 417 403 465 397 500 0 0 0 0 0 0 0 0 0 0 0 0 0 0 0 0 0 0 0 0 0 0 0 0 0 0 0 0 0 0 0 0 0 0 0 0 0 0 0 0 0 0 0 0 0 0 0 0 0 0 0 0 0 0 0 0 0 0 0 0 0 0 0 0 0 0 0 0 0 0 0 0 0 0 0 0 0 0 0 0 0 0 0 0 0 0 0 0 0 0 0 0 0 0 0 0 0 0 
0 0 1 0 
-354 363 -248 500 -150 500 -36 500 81 500 192 500 258 500 347 363 411 363 500 204 460 -358 460 -358 453 -254 456 -157 465 -46 471 70 480 179 483 244 489 331 492 394 498 481 500 498 0 0 0 0 0 0 0 0 0 0 0 0 0 0 0 0 0 0 0 0 0 0 0 0 0 0 0 0 0 0 0 0 0 0 0 0 0 0 0 0 0 0 0 0 0 0 0 0 0 0 0 0 0 0 0 0 0 0 0 0 0 0 0 0 0 0 0 0 0 0 0 0 0 0 0 0 0 0 0 0 0 0 0 0 0 0 0 0 0 0 0 0 0 0 0 0 0 0 0 0 0 0 0 0 0 0 
0 0 1 0 
-394 500 -374 314 -299 203 -192 203 -137 407 26 314 110 203 210 314 268 203 352 314 445 203 498 -92 221 -405 438 -394 445 -374 457 -299 465 -192 469 -137 482 26 486 110 494 210 498 268 496 352 490 445 484 498 0 0 0 0 0 0 0 0 0 0 0 0 0 0 0 0 0 0 0 0 0 0 0 0 0 0 0 0 0 0 0 0 0 0 0 0 0 0 0 0 0 0 0 0 0 0 0 0 0 0 0 0 0 0 0 0 0 0 0 0 0 0 0 0 0 0 0 0 0 0 0 0 0 0 0 0 0 0 0 0 0 0 0 0 0 0 0 0 0 0 0 0 0 0 0 0 0 0 0 0 
0 0 1 0 
-395 500 -293 363 -208 363 -145 363 -123 363 -60 500 20 500 100 500 203 500 279 500 360 204 434 500 498 0 474 -395 474 -395 465 -293 464 -208 465 -145 467 -123 471 -60 476 20 482 100 488 203 494 279 499 360 499 434 491 498 491 498 0 0 0 0 0 0 0 0 0 0 0 0 0 0 0 0 0 0 0 0 0 0 0 0 0 0 0 0 0 0 0 0 0 0 0 0 0 0 0 0 0 0 0 0 0 0 0 0 0 0 0 0 0 0 0 0 0 0 0 0 0 0 0 0 0 0 0 0 0 0 0 0 0 0 0 0 0 0 0 0 0 0 0 0 0 0 0 0 0 0 0 0 0 0 
0 0 1 0 
-350 363 -199 363 -137 500 -50 500 17 500 105 500 216 500 275 363 382 204 455 204 498 0 496 -350 496 -350 496 -201 498 -140 496 -54 496 12 496 99 496 209 496 268 490 374 478 445 467 489 91 500 91 500 0 0 0 0 0 0 0 0 0 0 0 0 0 0 0 0 0 0 0 0 0 0 0 0 0 0 0 0 0 0 0 0 0 0 0 0 0 0 0 0 0 0 0 0 0 0 0 0 0 0 0 0 0 0 0 0 0 0 0 0 0 0 0 0 0 0 0 0 0 0 0 0 0 0 0 0 0 0 0 0 0 0 0 0 0 0 0 0 0 0 0 0 0 0 0 0 0 0 0 0 
0 0 1 0 
-336 265 -315 387 -179 265 -96 265 6 265 111 387 185 489 247 265 387 387 498 122 202 -336 204 -315 213 -179 217 -96 226 6 234 111 247 185 253 247 266 387 262 498 498 481 498 481 0 0 0 0 0 0 0 0 0 0 0 0 0 0 0 0 0 0 0 0 0 0 0 0 0 0 0 0 0 0 0 0 0 0 0 0 0 0 0 0 0 0 0 0 0 0 0 0 0 0 0 0 0 0 0 0 0 0 0 0 0 0 0 0 0 0 0 0 0 0 0 0 0 0 0 0 0 0 0 0 0 0 0 0 0 0 0 0 0 0 0 0 0 0 0 0 0 0 0 0 0 0 0 0 0 0 
0 0 1 0 
344 -368 347 -347 367 -238 380 -180 393 -97 409 39 422 127 439 185 455 268 478 365 485 409 495 460 498 500 498 500 -368 363 -347 500 -238 500 -180 500 -97 500 39 500 127 363 185 500 268 363 365 500 409 500 460 500 500 0 0 0 0 0 0 0 0 0 0 0 0 0 0 0 0 0 0 0 0 0 0 0 0 0 0 0 0 0 0 0 0 0 0 0 0 0 0 0 0 0 0 0 0 0 0 0 0 0 0 0 0 0 0 0 0 0 0 0 0 0 0 0 0 0 0 0 0 0 0 0 0 0 0 0 0 0 0 0 0 0 0 0 0 0 0 0 0 0 0 0 0 0 0 0 0 0 
0 0 1 0 
-380 204 -360 363 -259 500 -226 363 -156 500 -136 363 -76 500 -2 204 76 204 153 363 254 363 347 363 424 363 498 204 458 -371 -61 -380 -59 -360 -42 -259 -36 -226 -24 -156 -21 -136 -14 -76 0 -2 8 76 15 153 24 254 26 347 22 424 24 498 497 472 499 485 0 0 0 0 0 0 0 0 0 0 0 0 0 0 0 0 0 0 0 0 0 0 0 0 0 0 0 0 0 0 0 0 0 0 0 0 0 0 0 0 0 0 0 0 0 0 0 0 0 0 0 0 0 0 0 0 0 0 0 0 0 0 0 0 0 0 0 0 0 0 0 0 0 0 0 0 0 0 0 0 0 0 0 0 0 0 0 0 
0 0 1 0 
498 498 491 469 476 369 468 316 458 233 448 151 438 44 433 -15 423 -120 395 -202 378 -271 363 -354 355 -394 498 499 469 499 369 78 316 315 233 315 151 315 44 499 -15 499 -120 315 -202 499 -271 499 -354 315 0 0 0 0 0 0 0 0 0 0 0 0 0 0 0 0 0 0 0 0 0 0 0 0 0 0 0 0 0 0 0 0 0 0 0 0 0 0 0 0 0 0 0 0 0 0 0 0 0 0 0 0 0 0 0 0 0 0 0 0 0 0 0 0 0 0 0 0 0 0 0 0 0 0 0 0 0 0 0 0 0 0 0 0 0 0 0 0 0 0 0 0 0 0 0 0 0 0 0 0 
0 0 0 1 
500 363 500 363 395 500 301 204 180 204 115 500 -18 500 -83 500 -212 500 -272 204 -356 363 500 439 33 500 33 500 22 395 15 301 5 180 3 115 1 -18 1 -83 -3 -212 -5 -272 -11 -356 -11 -366 0 0 0 0 0 0 0 0 0 0 0 0 0 0 0 0 0 0 0 0 0 0 0 0 0 0 0 0 0 0 0 0 0 0 0 0 0 0 0 0 0 0 0 0 0 0 0 0 0 0 0 0 0 0 0 0 0 0 0 0 0 0 0 0 0 0 0 0 0 0 0 0 0 0 0 0 0 0 0 0 0 0 0 0 0 0 0 0 0 0 0 0 0 0 0 0 0 0 0 0 0 0 
0 0 0 1 
499 314 384 407 301 500 188 500 76 500 16 500 -92 407 -193 500 -269 407 500 499 500 499 494 384 488 301 484 188 481 76 478 16 472 -92 472 -193 469 -269 471 -320 0 0 0 0 0 0 0 0 0 0 0 0 0 0 0 0 0 0 0 0 0 0 0 0 0 0 0 0 0 0 0 0 0 0 0 0 0 0 0 0 0 0 0 0 0 0 0 0 0 0 0 0 0 0 0 0 0 0 0 0 0 0 0 0 0 0 0 0 0 0 0 0 0 0 0 0 0 0 0 0 0 0 0 0 0 0 0 0 0 0 0 0 0 0 0 0 0 0 0 0 0 0 0 0 0 0 0 0 0 0 
0 0 0 1 
500 363 480 363 432 363 339 363 265 500 184 363 91 204 0 363 -71 363 -145 500 -223 363 -297 363 -367 500 499 441 -192 500 -195 480 -200 432 -204 339 -206 265 -206 184 -203 91 -196 0 -192 -71 -186 -145 -180 -223 -172 -297 -168 -367 -166 -378 -166 -378 0 0 0 0 0 0 0 0 0 0 0 0 0 0 0 0 0 0 0 0 0 0 0 0 0 0 0 0 0 0 0 0 0 0 0 0 0 0 0 0 0 0 0 0 0 0 0 0 0 0 0 0 0 0 0 0 0 0 0 0 0 0 0 0 0 0 0 0 0 0 0 0 0 0 0 0 0 0 0 0 0 0 0 0 0 0 0 0 0 0 0 0 
0 0 0 1 
498 204 464 500 365 363 273 363 147 204 55 204 -57 204 -170 363 -222 363 499 500 95 493 97 458 126 360 146 269 158 143 158 52 158 -59 154 -171 154 -223 427 -239 427 -239 0 0 0 0 0 0 0 0 0 0 0 0 0 0 0 0 0 0 0 0 0 0 0 0 0 0 0 0 0 0 0 0 0 0 0 0 0 0 0 0 0 0 0 0 0 0 0 0 0 0 0 0 0 0 0 0 0 0 0 0 0 0 0 0 0 0 0 0 0 0 0 0 0 0 0 0 0 0 0 0 0 0 0 0 0 0 0 0 0 0 0 0 0 0 0 0 0 0 0 0 0 0 0 0 0 0 0 0 
0 0 0 1 
485 500 485 500 479 415 479 354 485 263 487 169 490 91 495 -6 498 -82 495 -160 487 -252 479 -312 500 363 500 363 415 500 354 363 263 363 169 363 91 204 -6 204 -82 363 -160 363 -252 363 -312 204 0 0 0 0 0 0 0 0 0 0 0 0 0 0 0 0 0 0 0 0 0 0 0 0 0 0 0 0 0 0 0 0 0 0 0 0 0 0 0 0 0 0 0 0 0 0 0 0 0 0 0 0 0 0 0 0 0 0 0 0 0 0 0 0 0 0 0 0 0 0 0 0 0 0 0 0 0 0 0 0 0 0 0 0 0 0 0 0 0 0 0 0 0 0 0 0 0 0 0 0 0 0 
0 0 0 1 
499 500 489 479 464 414 443 337 429 253 407 142 393 70 379 0 361 -88 347 -158 336 -228 329 -298 329 -364 329 -364 500 363 479 363 414 500 337 500 253 500 142 363 70 204 0 204 -88 363 -158 500 -228 363 -298 204 -364 204 0 0 0 0 0 0 0 0 0 0 0 0 0 0 0 0 0 0 0 0 0 0 0 0 0 0 0 0 0 0 0 0 0 0 0 0 0 0 0 0 0 0 0 0 0 0 0 0 0 0 0 0 0 0 0 0 0 0 0 0 0 0 0 0 0 0 0 0 0 0 0 0 0 0 0 0 0 0 0 0 0 0 0 0 0 0 0 0 0 0 0 0 0 0 0 0 
0 0 0 1 
498 204 401 500 297 363 253 500 166 500 71 363 -17 204 -101 363 -186 363 -287 363 -372 204 491 498 491 498 487 401 488 297 490 253 497 166 499 71 497 -17 494 -101 494 -186 494 -287 493 -372 491 -401 491 -401 0 0 0 0 0 0 0 0 0 0 0 0 0 0 0 0 0 0 0 0 0 0 0 0 0 0 0 0 0 0 0 0 0 0 0 0 0 0 0 0 0 0 0 0 0 0 0 0 0 0 0 0 0 0 0 0 0 0 0 0 0 0 0 0 0 0 0 0 0 0 0 0 0 0 0 0 0 0 0 0 0 0 0 0 0 0 0 0 0 0 0 0 0 0 0 0 0 0 0 0 
0 0 0 1 
498 204 472 363 410 500 347 363 279 363 156 500 79 363 -2 363 -72 500 -156 500 -235 500 499 470 25 498 20 472 8 410 -8 347 -21 279 -40 156 -48 79 -53 -2 -60 -72 -62 -156 -60 -235 0 0 0 0 0 0 0 0 0 0 0 0 0 0 0 0 0 0 0 0 0 0 0 0 0 0 0 0 0 0 0 0 0 0 0 0 0 0 0 0 0 0 0 0 0 0 0 0 0 0 0 0 0 0 0 0 0 0 0 0 0 0 0 0 0 0 0 0 0 0 0 0 0 0 0 0 0 0 0 0 0 0 0 0 0 0 0 0 0 0 0 0 0 0 0 0 0 0 0 0 0 0 0 0 
0 0 0 1 
499 498 479 467 459 394 439 333 429 269 429 171 424 93 424 14 419 -61 409 -138 404 -203 409 -269 444 -322 444 -322 500 387 425 387 361 489 296 387 195 387 114 387 32 387 -46 387 -125 387 -192 387 -260 387 -315 -61 0 0 0 0 0 0 0 0 0 0 0 0 0 0 0 0 0 0 0 0 0 0 0 0 0 0 0 0 0 0 0 0 0 0 0 0 0 0 0 0 0 0 0 0 0 0 0 0 0 0 0 0 0 0 0 0 0 0 0 0 0 0 0 0 0 0 0 0 0 0 0 0 0 0 0 0 0 0 0 0 0 0 0 0 0 0 0 0 0 0 0 0 0 0 0 0 0 0 
0 0 0 1 
