492 265 476 387 468 387 468 265 460 265 468 489 476 387 484 387 500 387 492 387 484 387 484 387 500 265 500 265 -228 492 -228 492 -164 476 -65 468 -7 468 63 460 134 468 178 476 232 484 300 500 373 492 407 484 465 484 499 500 499 500 499 500 499 500 0 0 0 0 0 0 0 0 0 0 0 0 0 0 0 0 0 0 0 0 0 0 0 0 0 0 0 0 0 0 0 0 0 0 0 0 0 0 0 0 0 0 0 0 0 0 0 0 0 0 0 0 0 0 0 0 0 0 0 0 0 0 0 0 0 0 0 0 0 0 0 0 0 0 0 0 0 0 0 0 0 0 0 0 0 0 0 0 
0 1 0 0 
497 315 500 315 494 499 488 315 479 315 473 315 467 315 461 78 458 315 455 315 458 315 470 315 479 315 -181 -130 -202 497 -187 500 -112 494 -73 488 -1 479 38 473 113 467 171 461 243 458 290 455 330 458 396 470 438 479 500 -82 500 -82 0 0 0 0 0 0 0 0 0 0 0 0 0 0 0 0 0 0 0 0 0 0 0 0 0 0 0 0 0 0 0 0 0 0 0 0 0 0 0 0 0 0 0 0 0 0 0 0 0 0 0 0 0 0 0 0 0 0 0 0 0 0 0 0 0 0 0 0 0 0 0 0 0 0 0 0 0 0 0 0 0 0 0 0 0 0 0 0 0 0 0 0 
0 1 0 0 
445 203 497 500 497 407 486 407 481 407 476 500 465 407 455 407 455 407 455 407 465 500 471 314 481 -92 -215 445 -215 445 -129 497 -73 497 33 486 84 481 162 476 212 465 290 455 302 455 368 455 418 465 466 471 500 481 500 481 0 0 0 0 0 0 0 0 0 0 0 0 0 0 0 0 0 0 0 0 0 0 0 0 0 0 0 0 0 0 0 0 0 0 0 0 0 0 0 0 0 0 0 0 0 0 0 0 0 0 0 0 0 0 0 0 0 0 0 0 0 0 0 0 0 0 0 0 0 0 0 0 0 0 0 0 0 0 0 0 0 0 0 0 0 0 0 0 0 0 0 0 0 0 
0 1 0 0 
424 265 415 387 413 387 418 387 420 387 427 265 434 387 450 489 457 265 475 387 482 265 489 265 496 387 498 387 -265 424 -265 424 -202 415 -146 413 -90 418 -34 420 21 427 74 434 153 450 188 457 251 475 283 482 329 489 385 496 432 498 498 -251 499 -249 0 0 0 0 0 0 0 0 0 0 0 0 0 0 0 0 0 0 0 0 0 0 0 0 0 0 0 0 0 0 0 0 0 0 0 0 0 0 0 0 0 0 0 0 0 0 0 0 0 0 0 0 0 0 0 0 0 0 0 0 0 0 0 0 0 0 0 0 0 0 0 0 0 0 0 0 0 0 0 0 0 0 0 0 0 0 0 0 
0 1 0 0 
264 74 247 407 256 314 290 407 333 407 350 407 393 500 418 407 435 500 461 500 487 407 495 314 -205 262 -205 262 -122 245 -46 254 42 288 98 330 137 347 205 389 263 415 321 432 392 457 441 483 485 491 499 500 0 0 0 0 0 0 0 0 0 0 0 0 0 0 0 0 0 0 0 0 0 0 0 0 0 0 0 0 0 0 0 0 0 0 0 0 0 0 0 0 0 0 0 0 0 0 0 0 0 0 0 0 0 0 0 0 0 0 0 0 0 0 0 0 0 0 0 0 0 0 0 0 0 0 0 0 0 0 0 0 0 0 0 0 0 0 0 0 0 0 0 0 0 0 0 0 0 0 
0 1 0 0 
496 314 385 314 366 500 333 314 326 407 333 500 339 500 346 314 352 314 366 314 372 407 385 407 398 314 398 314 424 314 -198 496 -198 496 -134 385 -111 366 -65 333 37 326 76 333 136 339 195 346 233 352 305 366 339 372 401 385 447 398 456 398 498 424 500 424 0 0 0 0 0 0 0 0 0 0 0 0 0 0 0 0 0 0 0 0 0 0 0 0 0 0 0 0 0 0 0 0 0 0 0 0 0 0 0 0 0 0 0 0 0 0 0 0 0 0 0 0 0 0 0 0 0 0 0 0 0 0 0 0 0 0 0 0 0 0 0 0 0 0 0 0 0 0 0 0 0 0 0 0 0 0 
0 1 0 0 
499 314 440 314 424 407 403 500 403 407 392 314 392 314 403 407 408 314 424 314 440 314 451 500 462 203 -182 499 -182 499 -95 440 -56 424 6 403 19 403 100 392 166 392 226 403 274 408 334 424 392 440 442 451 499 462 499 462 0 0 0 0 0 0 0 0 0 0 0 0 0 0 0 0 0 0 0 0 0 0 0 0 0 0 0 0 0 0 0 0 0 0 0 0 0 0 0 0 0 0 0 0 0 0 0 0 0 0 0 0 0 0 0 0 0 0 0 0 0 0 0 0 0 0 0 0 0 0 0 0 0 0 0 0 0 0 0 0 0 0 0 0 0 0 0 0 0 0 0 0 0 0 
0 1 0 0 
500 204 473 500 460 500 458 500 458 204 460 500 463 500 468 500 473 500 475 500 477 363 480 500 487 204 -240 500 -240 500 -181 473 -120 460 -77 458 3 458 46 460 112 463 173 468 230 473 294 475 351 477 400 480 457 487 499 -286 499 -286 0 0 0 0 0 0 0 0 0 0 0 0 0 0 0 0 0 0 0 0 0 0 0 0 0 0 0 0 0 0 0 0 0 0 0 0 0 0 0 0 0 0 0 0 0 0 0 0 0 0 0 0 0 0 0 0 0 0 0 0 0 0 0 0 0 0 0 0 0 0 0 0 0 0 0 0 0 0 0 0 0 0 0 0 0 0 0 0 0 0 0 0 
0 1 0 0 
341 122 317 489 310 387 317 387 325 387 341 489 379 489 403 387 426 387 449 387 472 387 496 489 -215 338 -215 338 -126 315 -65 307 -1 315 73 323 113 338 186 376 227 400 285 423 359 446 412 469 460 492 500 500 0 0 0 0 0 0 0 0 0 0 0 0 0 0 0 0 0 0 0 0 0 0 0 0 0 0 0 0 0 0 0 0 0 0 0 0 0 0 0 0 0 0 0 0 0 0 0 0 0 0 0 0 0 0 0 0 0 0 0 0 0 0 0 0 0 0 0 0 0 0 0 0 0 0 0 0 0 0 0 0 0 0 0 0 0 0 0 0 0 0 0 0 0 0 0 0 0 0 
0 1 0 0 
498 500 491 500 458 363 419 363 415 204 432 204 435 363 442 363 445 363 -129 112 -138 498 -124 491 -39 458 81 419 161 415 287 432 320 435 403 442 462 445 500 448 500 448 0 0 0 0 0 0 0 0 0 0 0 0 0 0 0 0 0 0 0 0 0 0 0 0 0 0 0 0 0 0 0 0 0 0 0 0 0 0 0 0 0 0 0 0 0 0 0 0 0 0 0 0 0 0 0 0 0 0 0 0 0 0 0 0 0 0 0 0 0 0 0 0 0 0 0 0 0 0 0 0 0 0 0 0 0 0 0 0 0 0 0 0 0 0 0 0 0 0 0 0 0 0 0 0 0 0 0 0 
0 1 0 0 
