498 498 491 469 476 369 468 316 458 233 448 151 438 44 433 -15 423 -120 395 -202 378 -271 363 -354 355 -394 498 499 469 499 369 78 316 315 233 315 151 315 44 499 -15 499 -120 315 -202 499 -271 499 -354 315 0 0 0 0 0 0 0 0 0 0 0 0 0 0 0 0 0 0 0 0 0 0 0 0 0 0 0 0 0 0 0 0 0 0 0 0 0 0 0 0 0 0 0 0 0 0 0 0 0 0 0 0 0 0 0 0 0 0 0 0 0 0 0 0 0 0 0 0 0 0 0 0 0 0 0 0 0 0 0 0 0 0 0 0 0 0 0 0 0 0 0 0 0 0 0 0 0 0 0 0 
0 0 0 1 
500 363 500 363 395 500 301 204 180 204 115 500 -18 500 -83 500 -212 500 -272 204 -356 363 500 439 33 500 33 500 22 395 15 301 5 180 3 115 1 -18 1 -83 -3 -212 -5 -272 -11 -356 -11 -366 0 0 0 0 0 0 0 0 0 0 0 0 0 0 0 0 0 0 0 0 0 0 0 0 0 0 0 0 0 0 0 0 0 0 0 0 0 0 0 0 0 0 0 0 0 0 0 0 0 0 0 0 0 0 0 0 0 0 0 0 0 0 0 0 0 0 0 0 0 0 0 0 0 0 0 0 0 0 0 0 0 0 0 0 0 0 0 0 0 0 0 0 0 0 0 0 0 0 0 0 0 0 
0 0 0 1 
499 314 384 407 301 500 188 500 76 500 16 500 -92 407 -193 500 -269 407 500 499 500 499 494 384 488 301 484 188 481 76 478 16 472 -92 472 -193 469 -269 471 -320 0 0 0 0 0 0 0 0 0 0 0 0 0 0 0 0 0 0 0 0 0 0 0 0 0 0 0 0 0 0 0 0 0 0 0 0 0 0 0 0 0 0 0 0 0 0 0 0 0 0 0 0 0 0 0 0 0 0 0 0 0 0 0 0 0 0 0 0 0 0 0 0 0 0 0 0 0 0 0 0 0 0 0 0 0 0 0 0 0 0 0 0 0 0 0 0 0 0 0 0 0 0 0 0 0 0 0 0 0 0 
0 0 0 1 
500 363 480 363 432 363 339 363 265 500 184 363 91 204 0 363 -71 363 -145 500 -223 363 -297 363 -367 500 499 441 -192 500 -195 480 -200 432 -204 339 -206 265 -206 184 -203 91 -196 0 -192 -71 -186 -145 -180 -223 -172 -297 -168 -367 -166 -378 -166 -378 0 0 0 0 0 0 0 0 0 0 0 0 0 0 0 0 0 0 0 0 0 0 0 0 0 0 0 0 0 0 0 0 0 0 0 0 0 0 0 0 0 0 0 0 0 0 0 0 0 0 0 0 0 0 0 0 0 0 0 0 0 0 0 0 0 0 0 0 0 0 0 0 0 0 0 0 0 0 0 0 0 0 0 0 0 0 0 0 0 0 0 0 
0 0 0 1 
498 204 464 500 365 363 273 363 147 204 55 204 -57 204 -170 363 -222 363 499 500 95 493 97 458 126 360 146 269 158 143 158 52 158 -59 154 -171 154 -223 427 -239 427 -239 0 0 0 0 0 0 0 0 0 0 0 0 0 0 0 0 0 0 0 0 0 0 0 0 0 0 0 0 0 0 0 0 0 0 0 0 0 0 0 0 0 0 0 0 0 0 0 0 0 0 0 0 0 0 0 0 0 0 0 0 0 0 0 0 0 0 0 0 0 0 0 0 0 0 0 0 0 0 0 0 0 0 0 0 0 0 0 0 0 0 0 0 0 0 0 0 0 0 0 0 0 0 0 0 0 0 0 0 
0 0 0 1 
485 500 485 500 479 415 479 354 485 263 487 169 490 91 495 -6 498 -82 495 -160 487 -252 479 -312 500 363 500 363 415 500 354 363 263 363 169 363 91 204 -6 204 -82 363 -160 363 -252 363 -312 204 0 0 0 0 0 0 0 0 0 0 0 0 0 0 0 0 0 0 0 0 0 0 0 0 0 0 0 0 0 0 0 0 0 0 0 0 0 0 0 0 0 0 0 0 0 0 0 0 0 0 0 0 0 0 0 0 0 0 0 0 0 0 0 0 0 0 0 0 0 0 0 0 0 0 0 0 0 0 0 0 0 0 0 0 0 0 0 0 0 0 0 0 0 0 0 0 0 0 0 0 0 0 
0 0 0 1 
499 500 489 479 464 414 443 337 429 253 407 142 393 70 379 0 361 -88 347 -158 336 -228 329 -298 329 -364 329 -364 500 363 479 363 414 500 337 500 253 500 142 363 70 204 0 204 -88 363 -158 500 -228 363 -298 204 -364 204 0 0 0 0 0 0 0 0 0 0 0 0 0 0 0 0 0 0 0 0 0 0 0 0 0 0 0 0 0 0 0 0 0 0 0 0 0 0 0 0 0 0 0 0 0 0 0 0 0 0 0 0 0 0 0 0 0 0 0 0 0 0 0 0 0 0 0 0 0 0 0 0 0 0 0 0 0 0 0 0 0 0 0 0 0 0 0 0 0 0 0 0 0 0 0 0 
0 0 0 1 
498 204 401 500 297 363 253 500 166 500 71 363 -17 204 -101 363 -186 363 -287 363 -372 204 491 498 491 498 487 401 488 297 490 253 497 166 499 71 497 -17 494 -101 494 -186 494 -287 493 -372 491 -401 491 -401 0 0 0 0 0 0 0 0 0 0 0 0 0 0 0 0 0 0 0 0 0 0 0 0 0 0 0 0 0 0 0 0 0 0 0 0 0 0 0 0 0 0 0 0 0 0 0 0 0 0 0 0 0 0 0 0 0 0 0 0 0 0 0 0 0 0 0 0 0 0 0 0 0 0 0 0 0 0 0 0 0 0 0 0 0 0 0 0 0 0 0 0 0 0 0 0 0 0 0 0 
0 0 0 1 
498 204 472 363 410 500 347 363 279 363 156 500 79 363 -2 363 -72 500 -156 500 -235 500 499 470 25 498 20 472 8 410 -8 347 -21 279 -40 156 -48 79 -53 -2 -60 -72 -62 -156 -60 -235 0 0 0 0 0 0 0 0 0 0 0 0 0 0 0 0 0 0 0 0 0 0 0 0 0 0 0 0 0 0 0 0 0 0 0 0 0 0 0 0 0 0 0 0 0 0 0 0 0 0 0 0 0 0 0 0 0 0 0 0 0 0 0 0 0 0 0 0 0 0 0 0 0 0 0 0 0 0 0 0 0 0 0 0 0 0 0 0 0 0 0 0 0 0 0 0 0 0 0 0 0 0 0 0 
0 0 0 1 
499 498 479 467 459 394 439 333 429 269 429 171 424 93 424 14 419 -61 409 -138 404 -203 409 -269 444 -322 444 -322 500 387 425 387 361 489 296 387 195 387 114 387 32 387 -46 387 -125 387 -192 387 -260 387 -315 -61 0 0 0 0 0 0 0 0 0 0 0 0 0 0 0 0 0 0 0 0 0 0 0 0 0 0 0 0 0 0 0 0 0 0 0 0 0 0 0 0 0 0 0 0 0 0 0 0 0 0 0 0 0 0 0 0 0 0 0 0 0 0 0 0 0 0 0 0 0 0 0 0 0 0 0 0 0 0 0 0 0 0 0 0 0 0 0 0 0 0 0 0 0 0 0 0 0 0 
0 0 0 1 
