487 500 494 500 498 500 491 500 491 500 484 204 484 500 491 500 491 363 500 487 500 487 428 494 366 498 245 491 156 491 65 484 25 484 -53 491 -93 491 0 0 0 0 0 0 0 0 0 0 0 0 0 0 0 0 0 0 0 0 0 0 0 0 0 0 0 0 0 0 0 0 0 0 0 0 0 0 0 0 0 0 0 0 0 0 0 0 0 0 0 0 0 0 0 0 0 0 0 0 0 0 0 0 0 0 0 0 0 0 0 0 0 0 0 0 0 0 0 0 0 0 0 0 0 0 0 0 0 0 0 0 0 0 0 0 0 0 0 0 0 0 0 0 0 0 0 0 0 0 0 0 
1 0 0 0 
481 363 484 363 497 363 500 363 494 363 492 363 492 500 492 363 486 363 484 363 486 363 489 363 492 363 499 481 483 484 407 497 368 500 288 494 226 492 182 492 119 492 56 486 9 484 -66 486 -124 489 -177 492 -157 -143 -157 -143 0 0 0 0 0 0 0 0 0 0 0 0 0 0 0 0 0 0 0 0 0 0 0 0 0 0 0 0 0 0 0 0 0 0 0 0 0 0 0 0 0 0 0 0 0 0 0 0 0 0 0 0 0 0 0 0 0 0 0 0 0 0 0 0 0 0 0 0 0 0 0 0 0 0 0 0 0 0 0 0 0 0 0 0 0 0 0 0 0 0 0 0 0 0 
1 0 0 0 
467 500 469 363 483 500 487 363 494 363 498 363 496 363 496 500 496 500 496 363 492 363 487 363 481 363 474 204 499 467 482 469 414 483 372 487 311 494 246 498 183 496 119 496 54 496 -8 496 -67 492 -140 487 -200 481 -237 474 -237 474 0 0 0 0 0 0 0 0 0 0 0 0 0 0 0 0 0 0 0 0 0 0 0 0 0 0 0 0 0 0 0 0 0 0 0 0 0 0 0 0 0 0 0 0 0 0 0 0 0 0 0 0 0 0 0 0 0 0 0 0 0 0 0 0 0 0 0 0 0 0 0 0 0 0 0 0 0 0 0 0 0 0 0 0 0 0 0 0 0 0 0 0 
1 0 0 0 
453 499 463 499 469 499 474 315 477 315 485 315 490 315 495 499 495 499 493 315 495 315 498 499 500 453 500 453 448 463 392 469 332 474 269 477 191 485 115 490 70 495 -12 495 -57 493 -118 495 -174 498 -169 -134 -169 -134 0 0 0 0 0 0 0 0 0 0 0 0 0 0 0 0 0 0 0 0 0 0 0 0 0 0 0 0 0 0 0 0 0 0 0 0 0 0 0 0 0 0 0 0 0 0 0 0 0 0 0 0 0 0 0 0 0 0 0 0 0 0 0 0 0 0 0 0 0 0 0 0 0 0 0 0 0 0 0 0 0 0 0 0 0 0 0 0 0 0 0 0 0 0 0 0 
1 0 0 0 
500 363 496 363 490 500 484 204 478 363 478 204 475 204 478 204 478 204 478 204 481 204 481 204 499 500 482 496 408 490 370 484 293 478 231 478 156 475 92 478 16 478 -46 478 -119 481 -182 481 0 0 0 0 0 0 0 0 0 0 0 0 0 0 0 0 0 0 0 0 0 0 0 0 0 0 0 0 0 0 0 0 0 0 0 0 0 0 0 0 0 0 0 0 0 0 0 0 0 0 0 0 0 0 0 0 0 0 0 0 0 0 0 0 0 0 0 0 0 0 0 0 0 0 0 0 0 0 0 0 0 0 0 0 0 0 0 0 0 0 0 0 0 0 0 0 0 0 0 0 0 0 
1 0 0 0 
478 363 481 363 486 363 489 500 498 500 498 363 495 500 492 500 495 500 495 500 492 363 492 363 492 204 500 478 484 481 402 486 360 489 287 498 202 498 147 495 69 492 -7 495 -71 495 -109 492 -164 492 -204 492 -162 -156 -167 -156 0 0 0 0 0 0 0 0 0 0 0 0 0 0 0 0 0 0 0 0 0 0 0 0 0 0 0 0 0 0 0 0 0 0 0 0 0 0 0 0 0 0 0 0 0 0 0 0 0 0 0 0 0 0 0 0 0 0 0 0 0 0 0 0 0 0 0 0 0 0 0 0 0 0 0 0 0 0 0 0 0 0 0 0 0 0 0 0 0 0 0 0 0 0 
1 0 0 0 
497 499 469 499 464 499 471 315 481 499 492 499 497 499 497 315 500 499 495 499 492 499 490 78 499 497 499 497 402 469 363 464 286 471 247 481 171 492 110 497 68 497 4 500 -57 495 -129 492 -166 490 -116 -259 -116 -259 0 0 0 0 0 0 0 0 0 0 0 0 0 0 0 0 0 0 0 0 0 0 0 0 0 0 0 0 0 0 0 0 0 0 0 0 0 0 0 0 0 0 0 0 0 0 0 0 0 0 0 0 0 0 0 0 0 0 0 0 0 0 0 0 0 0 0 0 0 0 0 0 0 0 0 0 0 0 0 0 0 0 0 0 0 0 0 0 0 0 0 0 0 0 0 0 
1 0 0 0 
464 204 467 363 477 363 488 363 491 204 491 204 494 500 498 363 498 363 498 363 494 204 488 204 481 204 499 464 483 467 431 477 339 488 264 491 264 491 159 494 113 498 61 498 -27 498 -87 494 -159 488 -206 481 -232 477 -232 477 0 0 0 0 0 0 0 0 0 0 0 0 0 0 0 0 0 0 0 0 0 0 0 0 0 0 0 0 0 0 0 0 0 0 0 0 0 0 0 0 0 0 0 0 0 0 0 0 0 0 0 0 0 0 0 0 0 0 0 0 0 0 0 0 0 0 0 0 0 0 0 0 0 0 0 0 0 0 0 0 0 0 0 0 0 0 0 0 0 0 0 0 0 0 
1 0 0 0 
500 499 500 499 486 315 480 499 483 315 486 499 483 499 480 499 483 499 486 315 491 315 499 -112 476 500 476 500 360 486 317 480 220 483 173 486 95 483 16 480 -43 483 -98 486 -148 491 -157 494 0 0 0 0 0 0 0 0 0 0 0 0 0 0 0 0 0 0 0 0 0 0 0 0 0 0 0 0 0 0 0 0 0 0 0 0 0 0 0 0 0 0 0 0 0 0 0 0 0 0 0 0 0 0 0 0 0 0 0 0 0 0 0 0 0 0 0 0 0 0 0 0 0 0 0 0 0 0 0 0 0 0 0 0 0 0 0 0 0 0 0 0 0 0 0 0 0 0 0 0 0 0 
1 0 0 0 
436 265 472 489 472 387 465 122 462 265 465 265 476 265 498 387 500 436 500 436 410 472 341 472 255 465 183 462 124 465 51 476 -18 498 0 0 0 0 0 0 0 0 0 0 0 0 0 0 0 0 0 0 0 0 0 0 0 0 0 0 0 0 0 0 0 0 0 0 0 0 0 0 0 0 0 0 0 0 0 0 0 0 0 0 0 0 0 0 0 0 0 0 0 0 0 0 0 0 0 0 0 0 0 0 0 0 0 0 0 0 0 0 0 0 0 0 0 0 0 0 0 0 0 0 0 0 0 0 0 0 0 0 0 0 0 0 0 0 0 0 0 0 0 0 0 0 0 0 0 0 
1 0 0 0 
