-352 -61 -323 489 -262 265 -165 387 -73 387 -2 387 117 387 239 265 339 387 415 265 500 122 498 -371 276 -353 276 -325 278 -264 284 -167 288 -76 292 -5 294 114 292 236 290 335 290 412 284 496 282 498 0 0 0 0 0 0 0 0 0 0 0 0 0 0 0 0 0 0 0 0 0 0 0 0 0 0 0 0 0 0 0 0 0 0 0 0 0 0 0 0 0 0 0 0 0 0 0 0 0 0 0 0 0 0 0 0 0 0 0 0 0 0 0 0 0 0 0 0 0 0 0 0 0 0 0 0 0 0 0 0 0 0 0 0 0 0 0 0 0 0 0 0 0 0 0 0 0 0 0 0 0 0 
0 0 1 0 
-395 204 -373 500 -287 363 -214 500 -138 363 -58 204 22 204 126 204 199 204 273 204 357 204 427 204 500 0 499 -334 -42 -395 -34 -373 -9 -287 3 -214 12 -138 20 -58 22 22 23 126 29 199 33 273 38 357 34 427 25 500 465 459 465 459 0 0 0 0 0 0 0 0 0 0 0 0 0 0 0 0 0 0 0 0 0 0 0 0 0 0 0 0 0 0 0 0 0 0 0 0 0 0 0 0 0 0 0 0 0 0 0 0 0 0 0 0 0 0 0 0 0 0 0 0 0 0 0 0 0 0 0 0 0 0 0 0 0 0 0 0 0 0 0 0 0 0 0 0 0 0 0 0 0 0 0 0 
0 0 1 0 
-315 203 -232 500 -128 407 -76 500 -19 500 85 407 149 500 206 500 270 407 368 407 448 407 498 314 500 -321 500 -321 484 -240 465 -139 456 -89 448 -34 436 66 430 128 425 183 422 245 414 339 409 417 403 465 397 500 0 0 0 0 0 0 0 0 0 0 0 0 0 0 0 0 0 0 0 0 0 0 0 0 0 0 0 0 0 0 0 0 0 0 0 0 0 0 0 0 0 0 0 0 0 0 0 0 0 0 0 0 0 0 0 0 0 0 0 0 0 0 0 0 0 0 0 0 0 0 0 0 0 0 0 0 0 0 0 0 0 0 0 0 0 0 0 0 0 0 0 0 0 0 0 0 0 0 
0 0 1 0 
-354 363 -248 500 -150 500 -36 500 81 500 192 500 258 500 347 363 411 363 500 204 460 -358 460 -358 453 -254 456 -157 465 -46 471 70 480 179 483 244 489 331 492 394 498 481 500 498 0 0 0 0 0 0 0 0 0 0 0 0 0 0 0 0 0 0 0 0 0 0 0 0 0 0 0 0 0 0 0 0 0 0 0 0 0 0 0 0 0 0 0 0 0 0 0 0 0 0 0 0 0 0 0 0 0 0 0 0 0 0 0 0 0 0 0 0 0 0 0 0 0 0 0 0 0 0 0 0 0 0 0 0 0 0 0 0 0 0 0 0 0 0 0 0 0 0 0 0 0 0 0 0 0 0 
0 0 1 0 
-394 500 -374 314 -299 203 -192 203 -137 407 26 314 110 203 210 314 268 203 352 314 445 203 498 -92 221 -405 438 -394 445 -374 457 -299 465 -192 469 -137 482 26 486 110 494 210 498 268 496 352 490 445 484 498 0 0 0 0 0 0 0 0 0 0 0 0 0 0 0 0 0 0 0 0 0 0 0 0 0 0 0 0 0 0 0 0 0 0 0 0 0 0 0 0 0 0 0 0 0 0 0 0 0 0 0 0 0 0 0 0 0 0 0 0 0 0 0 0 0 0 0 0 0 0 0 0 0 0 0 0 0 0 0 0 0 0 0 0 0 0 0 0 0 0 0 0 0 0 0 0 0 0 0 0 
0 0 1 0 
-395 500 -293 363 -208 363 -145 363 -123 363 -60 500 20 500 100 500 203 500 279 500 360 204 434 500 498 0 474 -395 474 -395 465 -293 464 -208 465 -145 467 -123 471 -60 476 20 482 100 488 203 494 279 499 360 499 434 491 498 491 498 0 0 0 0 0 0 0 0 0 0 0 0 0 0 0 0 0 0 0 0 0 0 0 0 0 0 0 0 0 0 0 0 0 0 0 0 0 0 0 0 0 0 0 0 0 0 0 0 0 0 0 0 0 0 0 0 0 0 0 0 0 0 0 0 0 0 0 0 0 0 0 0 0 0 0 0 0 0 0 0 0 0 0 0 0 0 0 0 0 0 0 0 0 0 
0 0 1 0 
-350 363 -199 363 -137 500 -50 500 17 500 105 500 216 500 275 363 382 204 455 204 498 0 496 -350 496 -350 496 -201 498 -140 496 -54 496 12 496 99 496 209 496 268 490 374 478 445 467 489 91 500 91 500 0 0 0 0 0 0 0 0 0 0 0 0 0 0 0 0 0 0 0 0 0 0 0 0 0 0 0 0 0 0 0 0 0 0 0 0 0 0 0 0 0 0 0 0 0 0 0 0 0 0 0 0 0 0 0 0 0 0 0 0 0 0 0 0 0 0 0 0 0 0 0 0 0 0 0 0 0 0 0 0 0 0 0 0 0 0 0 0 0 0 0 0 0 0 0 0 0 0 0 0 
0 0 1 0 
-336 265 -315 387 -179 265 -96 265 6 265 111 387 185 489 247 265 387 387 498 122 202 -336 204 -315 213 -179 217 -96 226 6 234 111 247 185 253 247 266 387 262 498 498 481 498 481 0 0 0 0 0 0 0 0 0 0 0 0 0 0 0 0 0 0 0 0 0 0 0 0 0 0 0 0 0 0 0 0 0 0 0 0 0 0 0 0 0 0 0 0 0 0 0 0 0 0 0 0 0 0 0 0 0 0 0 0 0 0 0 0 0 0 0 0 0 0 0 0 0 0 0 0 0 0 0 0 0 0 0 0 0 0 0 0 0 0 0 0 0 0 0 0 0 0 0 0 0 0 0 0 0 0 
0 0 1 0 
344 -368 347 -347 367 -238 380 -180 393 -97 409 39 422 127 439 185 455 268 478 365 485 409 495 460 498 500 498 500 -368 363 -347 500 -238 500 -180 500 -97 500 39 500 127 363 185 500 268 363 365 500 409 500 460 500 500 0 0 0 0 0 0 0 0 0 0 0 0 0 0 0 0 0 0 0 0 0 0 0 0 0 0 0 0 0 0 0 0 0 0 0 0 0 0 0 0 0 0 0 0 0 0 0 0 0 0 0 0 0 0 0 0 0 0 0 0 0 0 0 0 0 0 0 0 0 0 0 0 0 0 0 0 0 0 0 0 0 0 0 0 0 0 0 0 0 0 0 0 0 0 0 0 0 
0 0 1 0 
-380 204 -360 363 -259 500 -226 363 -156 500 -136 363 -76 500 -2 204 76 204 153 363 254 363 347 363 424 363 498 204 458 -371 -61 -380 -59 -360 -42 -259 -36 -226 -24 -156 -21 -136 -14 -76 0 -2 8 76 15 153 24 254 26 347 22 424 24 498 497 472 499 485 0 0 0 0 0 0 0 0 0 0 0 0 0 0 0 0 0 0 0 0 0 0 0 0 0 0 0 0 0 0 0 0 0 0 0 0 0 0 0 0 0 0 0 0 0 0 0 0 0 0 0 0 0 0 0 0 0 0 0 0 0 0 0 0 0 0 0 0 0 0 0 0 0 0 0 0 0 0 0 0 0 0 0 0 0 0 0 0 
0 0 1 0 
