500 497 500 497 500 497 500 497 500 497 500 497 419 492 360 481 241 492 174 486 108 476 50 465 -35 471 -114 460 -140 455 -174 450 -203 465 -228 476 500 455 479 455 452 455 442 455 432 455 427 455 423 455 418 455 339 461 304 471 203 487 169 481 104 481 43 471 -7 481 -69 476 -86 471 -113 466 -134 471 -159 497 -288 466 -288 466 500 57 476 495 462 492 442 492 429 492 419 489 410 489 398 486 393 486 332 486 296 492 209 498 159 498 108 495 43 489 -5 492 -81 489 -101 489 -133 486 -157 489 -177 498 -159 81 -167 87 -167 87 0 0 0 0 0 0 0 0 0 0 0 0 0 0 0 0 0 0 0 0 0 0 
1 0 0 0 0 0 
500 497 388 458 342 438 285 413 250 403 123 374 102 364 47 359 35 354 -89 349 -89 349 -129 349 -195 354 -251 364 -300 384 499 500 487 494 395 460 353 446 318 432 271 421 167 410 134 407 95 401 84 401 -12 401 -12 401 -65 401 -119 404 -167 410 -205 418 -328 5 499 499 499 499 480 495 405 470 365 451 329 436 283 412 197 393 144 393 105 388 95 388 8 378 -3 378 -29 378 -91 388 -135 393 -173 402 -193 412 -206 417 0 0 0 0 0 0 0 0 0 0 0 0 0 0 0 0 0 0 0 0 0 0 0 0 0 0 0 0 0 0 0 0 0 0 0 0 0 0 0 0 0 0 0 0 0 0 0 0 
1 0 0 0 0 0 
499 483 467 478 404 464 366 464 327 459 257 445 187 421 101 393 37 374 -30 364 -97 360 -215 374 -267 393 -304 407 -164 488 -171 497 499 498 499 498 471 492 417 484 382 484 345 481 285 470 215 448 147 434 88 422 28 417 -47 411 -137 422 -183 436 -212 442 -338 42 -338 42 -211 89 -211 89 500 497 488 497 424 492 403 492 355 492 295 483 235 464 159 436 103 417 48 408 -25 399 -111 413 -157 431 -184 455 0 0 0 0 0 0 0 0 0 0 0 0 0 0 0 0 0 0 0 0 0 0 0 0 0 0 0 0 0 0 0 0 0 0 0 0 0 0 0 0 0 0 0 0 0 0 0 0 0 0 0 0 
1 0 0 0 0 0 
500 500 500 500 500 500 500 500 372 460 354 450 283 436 215 421 143 416 82 411 20 401 -73 392 -115 392 -166 392 -209 397 -276 406 -332 411 -361 416 499 498 499 498 457 482 432 474 369 458 347 453 337 450 337 450 327 445 236 416 208 405 162 394 113 386 49 378 14 378 -36 376 -82 376 -121 378 -167 376 -197 381 -232 381 -283 389 -302 392 -401 0 499 497 499 497 466 481 443 468 405 447 349 426 338 426 327 417 318 417 298 409 243 392 210 367 145 333 127 333 65 333 34 324 -14 320 -73 312 -95 312 -159 320 -186 320 -220 324 -252 333 -284 337 -287 341 -292 345 0 0 0 0 0 0 0 0 0 0 0 0 0 0 
1 0 0 0 0 0 
500 331 446 364 426 364 356 364 295 371 227 378 191 378 135 378 60 391 -5 398 -60 398 -140 398 -188 412 -251 452 -280 466 -336 500 -336 500 499 445 442 466 404 462 371 455 305 448 244 448 191 448 141 448 75 445 13 448 -63 448 -106 448 -158 448 -250 462 -295 477 -335 487 -386 494 -410 498 -410 498 499 485 499 485 462 500 413 495 381 490 313 476 254 468 197 466 160 464 100 459 22 459 -34 456 -98 456 -143 456 -217 461 -258 471 -299 483 -352 485 -389 492 -389 492 -397 492 0 0 0 0 0 0 0 0 0 0 0 0 0 0 0 0 0 0 0 0 0 0 0 0 0 0 0 0 0 0 0 0 0 0 0 0 
1 0 0 0 0 0 
499 403 499 403 423 403 368 403 331 403 294 397 256 391 174 391 130 397 74 410 39 423 -1 429 -64 423 -116 435 -187 474 -224 487 -266 500 -292 500 -292 500 500 460 419 457 358 457 317 457 271 453 230 450 140 443 92 446 39 453 -12 460 -73 460 -100 463 -175 467 -257 484 -298 494 -344 498 -201 463 500 437 420 441 369 441 333 441 296 437 273 434 179 427 150 427 88 437 62 437 2 441 -24 441 -76 448 -156 476 -190 487 -218 498 0 0 0 0 0 0 0 0 0 0 0 0 0 0 0 0 0 0 0 0 0 0 0 0 0 0 0 0 0 0 0 0 0 0 0 0 0 0 0 0 0 0 0 0 0 0 
1 0 0 0 0 0 
499 324 499 324 460 337 414 350 359 356 291 350 230 356 189 363 114 388 76 407 64 414 -10 433 -36 439 -91 439 -159 452 -195 458 -230 477 -276 496 -289 496 -335 490 -351 477 438 -57 499 414 499 414 462 411 419 414 368 411 301 408 243 408 205 414 134 421 87 435 78 438 8 455 -12 452 -59 455 -128 459 -168 472 -209 482 -238 493 -261 493 -295 499 -310 489 499 410 450 417 411 424 348 424 268 420 205 424 162 427 65 437 37 444 25 447 -67 461 -95 464 -160 468 -229 471 -266 478 -305 484 -357 494 -369 498 -439 494 0 0 0 0 0 0 0 0 0 0 0 0 0 0 0 0 0 0 0 0 0 0 0 0 0 0 
1 0 0 0 0 0 
499 434 499 434 485 423 480 423 469 413 456 413 445 402 380 402 343 402 285 402 212 445 158 467 110 478 12 500 -19 489 -54 489 -136 456 -149 456 -183 434 -239 402 -280 369 -310 358 -317 347 -325 336 500 470 487 457 487 457 475 453 462 449 446 445 395 445 345 441 285 445 189 478 150 491 81 500 -31 500 -31 500 -68 495 -159 474 -180 466 -217 453 -263 441 -308 428 -336 415 -339 415 499 464 499 464 499 464 499 464 499 464 453 466 402 466 338 466 263 483 222 488 135 491 41 494 41 494 -14 500 -103 486 -135 480 -168 472 -215 466 -252 458 -279 447 0 0 0 0 0 0 0 0 0 0 0 0 0 0 0 0 0 0 
1 0 0 0 0 0 
499 443 499 443 474 456 436 475 412 487 364 487 364 487 353 493 341 493 326 493 259 493 224 500 123 493 48 443 -21 418 -46 418 -126 418 -175 412 -212 406 -235 400 -283 400 -319 393 -323 393 -327 387 500 471 500 471 500 471 500 471 500 471 358 490 348 498 170 490 91 486 -44 464 -44 464 -170 471 -243 464 -302 456 -331 456 -386 456 -427 449 500 466 483 466 439 473 413 473 369 476 357 476 344 476 313 491 313 491 242 498 214 498 94 498 25 480 -51 469 -51 469 -136 473 -197 462 -222 459 -246 455 -288 466 -308 466 -308 466 0 0 0 0 0 0 0 0 0 0 0 0 0 0 0 0 0 0 0 0 0 0 0 0 
1 0 0 0 0 0 
499 80 499 80 452 107 407 130 342 147 273 174 236 192 191 224 131 251 64 282 31 295 -25 318 -108 390 -118 394 -166 426 -197 443 -251 457 -291 488 -315 497 -325 497 -325 497 500 212 455 224 413 240 350 255 289 270 249 276 198 310 130 340 80 358 58 358 2 379 -60 431 -78 434 -108 437 -153 455 -184 471 -230 492 -240 495 -249 498 -249 498 499 263 439 277 364 290 273 312 255 312 192 331 113 361 64 366 28 377 -33 394 -90 418 -131 440 -195 459 -233 467 -292 486 -327 494 -352 500 -363 500 0 0 0 0 0 0 0 0 0 0 0 0 0 0 0 0 0 0 0 0 0 0 0 0 0 0 0 0 0 0 0 0 
1 0 0 0 0 0 
500 306 500 306 453 295 422 295 372 301 337 306 276 329 220 363 154 420 102 437 62 443 39 443 -27 460 -111 465 -170 471 -238 471 -260 477 -292 494 -312 500 -316 500 -316 500 499 353 439 357 417 360 360 371 330 378 269 391 216 412 150 443 106 460 61 460 40 460 -15 467 -79 474 -124 477 -191 487 -212 494 -240 498 -247 498 500 374 453 380 383 389 358 392 287 404 220 432 153 450 81 466 34 472 -10 475 -49 475 -136 487 -190 490 -293 496 -311 500 -337 500 0 0 0 0 0 0 0 0 0 0 0 0 0 0 0 0 0 0 0 0 0 0 0 0 0 0 0 0 0 0 0 0 0 0 0 0 0 0 0 0 
1 0 0 0 0 0 
499 479 499 479 454 451 428 430 408 409 399 402 389 388 331 354 280 326 216 333 150 354 95 375 60 381 21 388 -17 402 -84 444 -104 458 -184 493 -216 493 -270 500 -298 493 -323 472 -323 472 -326 465 -326 465 499 430 499 430 484 422 476 422 459 422 346 392 300 392 201 407 141 418 65 430 -3 441 -29 441 -77 456 -154 475 -185 479 -280 486 -305 498 -367 494 -423 483 -436 475 500 472 427 446 409 439 390 431 381 428 371 424 314 409 262 398 188 405 140 413 73 424 51 428 12 435 -38 446 -87 461 -126 468 -175 483 -202 487 -266 494 -288 494 -297 498 -449 453 -449 453 0 0 0 0 0 0 0 0 0 0 0 0 0 0 
1 0 0 0 0 0 
500 180 500 180 439 168 388 180 349 192 305 216 231 259 184 301 164 319 106 349 49 379 36 385 -24 397 -64 415 -117 439 -175 451 -234 475 -264 481 -291 500 -291 500 -314 463 -316 445 499 300 420 300 360 307 343 311 302 330 240 361 193 376 151 406 134 414 66 441 42 444 1 452 -32 456 -79 475 -139 467 -187 482 -208 498 -241 498 -241 498 -247 490 499 308 431 318 388 334 340 350 272 366 214 383 173 392 108 415 78 418 37 422 -25 441 -84 454 -133 464 -202 470 -239 477 -302 500 -313 500 0 0 0 0 0 0 0 0 0 0 0 0 0 0 0 0 0 0 0 0 0 0 0 0 0 0 0 0 0 0 0 0 
1 0 0 0 0 0 
499 175 499 175 499 175 487 184 438 211 397 220 336 211 322 211 309 207 295 207 270 211 213 234 151 270 106 297 21 337 -55 369 -100 396 -100 396 -168 441 -202 454 -263 500 -279 500 -290 486 -290 486 500 272 479 281 469 284 415 293 373 287 319 287 308 287 298 290 287 287 252 296 198 311 158 338 105 362 36 395 -33 410 -78 428 -78 428 -139 452 -163 467 -205 497 -224 500 499 317 499 317 499 317 499 317 421 331 347 347 292 361 216 375 104 399 -23 434 -33 437 -74 451 -115 461 -195 483 -248 500 0 0 0 0 0 0 0 0 0 0 0 0 0 0 0 0 0 0 0 0 0 0 0 0 0 0 0 0 0 0 
1 0 0 0 0 0 
500 200 455 230 407 249 386 260 342 278 320 293 281 312 243 334 182 353 137 368 66 394 41 408 -24 423 -137 438 -171 449 -212 460 -236 475 -306 498 -385 494 499 -256 499 -256 460 -218 423 -200 403 -188 362 -162 341 -147 307 -132 266 -116 214 -90 182 -75 113 -49 89 -37 23 -26 -66 -11 -106 0 -139 15 -178 33 -224 52 -301 49 -419 498 453 -262 500 218 500 218 449 244 408 259 390 266 354 284 332 299 283 321 262 328 201 354 164 364 101 390 79 397 19 408 -75 423 -94 430 -142 452 -160 467 -217 492 -273 500 -281 496 -281 496 0 0 0 0 0 0 0 0 0 0 0 0 0 0 0 0 0 0 0 0 0 0 0 0 
1 0 0 0 0 0 
