-49 498 500 -42 422 -93 446 498 446 498 378 479 295 464 241 457 184 455 136 445 54 445 85 438 31 426 6 409 99 273 99 273 99 273 104 266 130 239 149 208 233 108 331 16 339 -2 414 -77 442 -116 479 -147 485 -154 485 -154 496 -174 500 -184 479 -246 411 -278 335 -288 301 -290 258 -292 75 -326 94 -322 5 -334 -14 -336 -65 -334 -93 -338 -141 -331 -158 -319 -279 -268 -279 -268 389 498 320 494 221 482 160 477 101 475 37 470 8 466 -98 461 -181 454 -194 442 -151 374 -151 374 -70 274 -70 274 124 159 177 110 238 53 273 18 369 -65 406 -96 454 -145 499 -192 499 -192 380 -185 381 -187 381 -192 331 -243 290 -255 210 -262 103 -269 
0 0 0 0 0 1 
332 500 499 172 436 498 436 498 344 458 277 441 221 434 117 424 117 424 -22 424 -84 422 -105 405 -107 396 -63 336 17 221 17 221 48 190 -30 210 22 150 22 150 355 16 355 16 376 -9 436 -69 500 -143 436 -245 436 -245 436 -245 436 -245 466 -281 455 -319 337 -322 266 -315 132 -315 53 -329 -56 -348 -93 -362 -148 -365 -178 -360 -210 -346 264 498 217 482 122 478 41 466 20 455 -92 473 -168 473 -208 450 -123 324 -123 324 -123 324 -98 301 138 137 208 80 220 57 274 6 214 32 219 11 247 -22 294 -80 358 -142 500 -204 500 -204 431 -243 431 -243 459 -278 422 -285 317 -278 200 -259 64 -259 -76 -282 -104 -289 -164 -298 -249 -314 -304 -301 
0 0 0 0 0 1 
500 498 401 498 409 477 376 438 339 424 264 419 206 419 162 419 132 414 119 409 74 407 41 409 -45 433 -66 436 -110 419 -122 404 -68 313 -56 301 -56 301 1 231 19 224 19 224 143 89 224 -9 242 -16 242 -16 324 -93 360 -142 420 -200 478 -277 499 -296 458 -325 353 -327 290 -310 191 -308 123 -310 72 -313 1 -303 -30 -306 -94 -301 -126 -298 -191 -161 -187 -183 -187 -183 85 465 85 465 85 465 4 479 -97 490 -112 494 -150 498 -153 467 -86 388 -117 114 -117 114 -117 114 -97 90 12 37 56 -37 167 -152 194 -156 214 -181 300 -233 364 -320 417 -342 474 -399 500 -423 407 -465 311 -445 212 -452 110 -439 48 -448 -3 -448 -71 -445 -118 -443 
0 0 0 0 0 1 
499 483 483 475 406 453 396 461 333 489 265 494 254 500 254 500 250 497 185 494 88 494 -12 464 -88 448 -70 404 15 316 66 292 149 207 184 183 184 183 184 183 206 153 226 120 302 5 360 -101 368 -128 458 -207 451 -215 445 -221 444 -224 441 -232 440 -237 427 -265 351 -281 341 -284 248 -262 248 -262 111 -204 66 -207 -50 -202 -153 -207 -220 -213 -246 -215 -317 -229 -374 -234 -278 -325 -278 -325 172 487 172 487 172 487 93 498 -15 466 -108 416 -147 395 -122 330 -40 231 20 181 81 96 151 42 151 42 163 10 270 -110 280 -113 326 -231 411 -402 458 -110 500 -241 500 -241 500 -241 500 -241 500 -241 313 -227 304 -231 226 -241 156 -238 19 -220 
0 0 0 0 0 1 
136 400 500 328 490 497 -179 498 -179 498 -137 396 -137 396 -137 396 7 291 7 291 7 291 106 -78 356 -69 412 -93 260 93 260 93 437 -58 440 -56 440 -56 487 -95 499 -122 412 -183 388 -187 342 -187 281 -191 192 -200 96 -200 65 -204 -21 -209 -73 -211 -109 -204 -168 -200 -205 -198 -232 -189 424 498 424 498 500 375 486 377 406 377 402 377 323 371 250 360 207 348 139 337 79 326 16 324 -50 322 -211 250 -211 250 -243 227 -246 210 -246 210 -133 106 -133 106 23 0 23 0 23 0 236 -195 236 -195 274 -218 323 -256 323 -256 323 -256 323 -256 398 -322 463 -363 476 -397 395 -458 374 -456 316 -467 243 -456 162 -462 79 -471 52 -467 -47 -479 
0 0 0 0 0 1 
500 500 500 500 317 469 311 471 210 457 160 407 40 443 39 436 -18 433 -128 440 -154 443 -207 443 -238 438 -168 331 -97 265 -20 218 -26 206 36 135 169 2 177 -9 248 -68 316 -154 355 -201 355 -201 405 -277 437 -312 363 -312 283 -296 190 -270 146 -263 67 -255 -14 -236 -66 -236 -146 -227 -261 -203 -261 -203 -287 -201 -294 -201 -345 -194 -356 -194 -364 -436 -364 -436 -364 -428 -449 -196 -449 -199 -319 -298 -328 -312 483 498 483 498 303 461 291 461 206 448 68 451 53 454 29 441 -23 428 -119 444 -135 444 -181 448 -196 448 -136 257 -93 187 -49 110 -4 43 107 -103 141 -170 141 -170 236 -277 330 -424 363 -387 452 -260 456 -267 500 -334 421 -344 346 -324 
0 0 0 0 0 1 
498 498 459 197 469 166 500 293 500 293 500 293 468 282 372 273 372 273 314 278 309 498 363 386 363 386 363 386 363 386 88 295 32 311 -104 306 -152 302 -172 300 -62 377 -67 368 -67 366 46 220 16 302 16 302 109 116 109 116 109 116 133 134 205 101 281 13 281 13 281 13 305 -13 389 -99 407 -119 419 -134 356 -183 323 -181 297 -185 196 -178 139 -174 -1 -185 -14 -185 -109 -187 -167 -183 -220 -167 -245 -158 484 500 484 500 470 497 421 358 421 358 341 373 204 271 197 282 173 280 173 280 -185 284 -185 284 -188 280 -59 71 -1 21 135 67 2 291 2 291 183 15 235 -28 271 -67 329 -167 366 -167 373 -204 404 -213 437 -239 
0 0 0 0 0 1 
499 477 499 477 499 477 482 482 466 485 407 495 329 500 265 490 161 455 155 452 84 452 59 452 21 447 -14 440 -46 435 -16 335 18 252 28 230 87 120 99 107 171 -12 198 -52 240 -100 311 -222 311 -222 410 -355 437 -415 451 -445 438 -445 373 -415 305 -380 243 -355 176 -335 101 -312 -11 -292 -79 -295 -173 -272 -182 -270 -192 -270 -192 -270 -199 -270 -199 -270 -212 -275 499 186 499 186 443 500 459 216 459 216 415 235 306 231 255 228 187 209 157 207 61 191 49 191 -12 183 -47 183 -86 167 -52 51 -12 -9 6 -33 38 -87 92 -153 136 -226 193 -320 230 -360 293 -436 293 -436 340 -264 406 -370 417 -386 406 -386 323 -351 247 -311 182 -283 
0 0 0 0 0 1 
445 476 445 476 417 462 350 473 322 465 273 462 240 465 240 465 136 481 136 481 -51 468 -88 476 -106 468 -109 470 -109 470 -97 486 -97 486 -82 500 -79 497 62 388 62 388 62 388 62 388 196 242 196 242 334 93 334 93 264 210 292 194 380 103 445 23 485 -23 499 -61 415 -101 307 -109 255 -125 123 -106 66 -106 6 -109 -41 -119 -97 -109 -105 -109 -146 -87 -146 -87 -237 -2 -237 -2 329 468 329 468 329 468 329 468 -86 500 -86 500 -86 500 -86 500 -80 452 -80 452 35 325 35 325 35 325 166 205 166 205 239 -158 289 -180 306 -219 330 -223 416 -319 487 -341 500 -384 394 -443 349 -443 198 -441 109 -425 28 -450 -4 -452 -71 -457 
0 0 0 0 0 1 
492 500 292 468 284 463 226 461 59 449 12 451 -71 432 -75 425 -59 398 -66 391 -66 391 -53 371 -32 345 54 272 205 166 318 79 337 45 468 -60 491 -106 497 -125 499 -140 458 -205 357 -236 284 -246 213 -256 135 -260 64 -275 -8 -287 -74 -299 -138 -306 -145 -309 499 500 499 500 338 444 300 444 273 442 89 421 60 423 -5 409 -24 405 -131 381 -121 379 -45 361 -45 361 -45 361 -45 361 -20 342 107 250 226 141 320 74 348 9 426 -50 455 -92 466 -111 468 -138 421 -187 334 -210 272 -224 204 -233 147 -245 81 -259 15 -273 -49 -282 -71 -287 -95 -289 -95 -289 499 481 219 500 219 500 114 470 33 468 20 470 -132 470 -201 470 -247 461 
0 0 0 0 0 1 
433 488 433 488 433 488 392 498 23 490 23 490 -53 485 -53 485 -53 485 -188 498 -190 498 -230 496 -210 462 4 378 -117 331 -117 331 -117 331 7 198 52 143 153 28 153 28 153 28 173 5 411 -75 280 -117 280 -117 280 -117 499 -182 499 -182 481 -198 482 -211 343 -250 343 -258 286 -323 167 -318 20 -310 14 -308 -44 -297 -108 -287 -173 -274 -225 -279 -298 -287 -312 -289 -205 -258 -205 -258 -53 -289 -53 -289 452 462 153 444 6 457 187 474 177 477 19 479 -15 482 -19 484 -77 497 -77 497 -158 499 -112 441 9 411 -35 351 -39 335 21 265 21 265 143 111 196 25 196 25 276 -2 270 -32 398 -55 336 -98 336 -98 335 -108 335 -108 476 -171 
0 0 0 0 0 1 
457 472 457 472 420 465 375 470 271 459 196 481 148 465 4 472 -45 476 -104 472 -181 498 -193 472 -186 175 -65 74 -65 74 -65 74 52 -6 116 -52 116 -52 116 -52 299 17 299 17 299 17 332 2 332 2 377 -28 500 -136 500 -138 414 -81 414 -81 383 -101 273 -142 239 -142 149 -145 14 -160 14 -160 -14 -160 -100 -237 -177 -184 -177 -184 -261 -147 -255 -175 -270 -151 449 449 449 449 372 437 313 434 239 440 177 446 114 452 -33 466 -100 469 -196 481 -204 481 -186 391 -20 498 -186 391 -20 498 -20 498 159 327 159 327 293 194 293 194 264 -78 264 -78 264 -78 299 182 437 31 500 -17 389 -226 390 -231 500 -28 500 -34 456 -110 361 -142 
0 0 0 0 0 1 
498 500 431 230 499 401 499 401 484 404 477 404 477 404 461 404 395 411 395 411 352 416 352 416 186 377 157 379 108 379 72 431 41 466 21 481 21 481 12 483 -34 498 -59 498 -80 498 -85 498 -86 498 -83 483 27 292 38 290 56 285 145 198 66 215 66 215 200 91 226 54 245 -12 261 -7 278 -29 278 -29 292 -47 303 -89 323 -111 346 -131 346 -151 422 -250 434 -255 334 -267 278 -265 253 -272 99 -339 67 -320 53 -317 53 -317 -36 -320 -216 -225 -216 -225 -256 -434 -256 -434 499 415 499 415 499 415 499 415 499 415 476 417 410 424 321 430 29 446 10 453 -27 464 -36 468 -120 500 -125 497 -128 493 -128 491 -132 477 -132 475 
0 0 0 0 0 1 
500 498 500 498 409 486 342 483 310 492 229 470 177 468 119 468 4 483 -55 468 -55 468 -159 451 -200 453 -146 443 -56 382 18 320 70 286 90 273 198 180 217 172 302 105 420 2 425 2 483 -320 483 -320 487 -324 489 -326 490 -333 474 -359 370 -406 305 -148 305 -148 305 -148 243 -148 243 -148 195 -311 126 -311 105 -320 81 -318 -48 -344 -108 -331 -128 -324 -243 -172 -249 -174 -249 -174 389 426 389 426 230 407 234 440 195 429 136 426 38 424 2 435 -75 451 -178 476 -198 482 -210 493 -258 498 -158 349 -158 349 -43 258 -23 181 35 121 106 44 157 0 219 -71 309 -162 327 -190 498 -134 498 -140 498 -143 500 -146 500 -146 454 -190 372 -319 
0 0 0 0 0 1 
499 161 499 161 414 187 404 190 336 223 257 246 257 246 218 359 191 389 59 399 59 399 -127 500 -143 497 -168 199 -168 199 -168 199 -168 199 -127 91 -106 30 -63 -9 23 -112 79 -126 140 -211 162 -239 266 -319 307 -352 346 -399 390 -438 390 -438 382 -183 386 -185 418 -239 433 -244 444 -248 436 -246 344 -251 280 -241 209 -234 129 -237 65 -225 -6 -218 -73 -204 -99 -206 -71 -389 -71 -389 -71 -389 -71 -389 -243 -166 -243 -166 -235 -441 -249 -441 -249 -441 -249 -441 500 310 389 335 361 333 328 349 291 358 110 496 53 498 46 239 29 236 -153 482 -96 326 -96 326 -208 452 -234 459 -241 457 -248 455 -223 354 -153 268 -149 259 -31 126 -2 89 29 55 
0 0 0 0 0 1 
