40 150 4
499 427 499 427 449 407 369 417 299 436 246 427 166 417 96 407 38 398 -12 407 -51 417 -107 436 -142 446 -208 466 -236 485 -255 495 500 498 485 498 356 490 302 484 216 473 145 460 63 452 23 449 -37 443 -81 443 -120 443 -149 443 -222 441 -257 435 0 0 0 0 0 0 0 0 0 0 0 0 0 0 0 0 0 0 0 0 0 0 0 0 0 0 0 0 0 0 0 0 0 0 0 0 0 0 0 0 0 0 0 0 0 0 0 0 0 0 0 0 0 0 0 0 0 0 0 0 0 0 0 0 0 0 0 0 0 0 0 0 0 0 0 0 0 0 0 0 0 0 0 0 0 0 0 0 0 0 
1 0 0 0 
500 -112 473 450 473 450 392 473 352 478 292 480 231 480 171 478 111 470 58 462 -1 462 -59 462 -149 475 -185 480 -235 491 -270 498 -246 -107 -246 -107 500 477 486 483 428 490 356 496 297 496 237 496 177 470 108 438 71 425 -5 412 -77 425 -146 458 -186 477 -229 483 -246 490 0 0 0 0 0 0 0 0 0 0 0 0 0 0 0 0 0 0 0 0 0 0 0 0 0 0 0 0 0 0 0 0 0 0 0 0 0 0 0 0 0 0 0 0 0 0 0 0 0 0 0 0 0 0 0 0 0 0 0 0 0 0 0 0 0 0 0 0 0 0 0 0 0 0 0 0 0 0 0 0 0 0 0 0 
1 0 0 0 
500 447 500 447 403 438 364 438 306 444 236 456 164 462 109 468 39 476 -34 482 -72 485 -160 491 -196 494 -263 500 -300 497 -300 497 500 329 487 329 418 329 358 335 300 354 238 379 181 398 116 417 35 455 -30 474 -71 481 -141 487 -193 481 -254 500 0 0 0 0 0 0 0 0 0 0 0 0 0 0 0 0 0 0 0 0 0 0 0 0 0 0 0 0 0 0 0 0 0 0 0 0 0 0 0 0 0 0 0 0 0 0 0 0 0 0 0 0 0 0 0 0 0 0 0 0 0 0 0 0 0 0 0 0 0 0 0 0 0 0 0 0 0 0 0 0 0 0 0 0 0 0 0 0 0 0 
1 0 0 0 
499 416 499 416 438 416 384 421 320 427 265 421 197 427 112 421 70 427 2 437 -49 448 -117 470 -178 481 -246 491 -262 497 500 440 426 447 372 453 307 453 250 456 170 460 96 460 47 466 -24 472 -72 479 -139 492 -198 495 -252 498 0 0 0 0 0 0 0 0 0 0 0 0 0 0 0 0 0 0 0 0 0 0 0 0 0 0 0 0 0 0 0 0 0 0 0 0 0 0 0 0 0 0 0 0 0 0 0 0 0 0 0 0 0 0 0 0 0 0 0 0 0 0 0 0 0 0 0 0 0 0 0 0 0 0 0 0 0 0 0 0 0 0 0 0 0 0 0 0 0 0 0 0 0 0 
1 0 0 0 
500 498 500 498 417 496 381 491 300 484 218 479 150 476 114 481 48 486 2 486 -77 486 -113 486 -168 486 -201 486 -248 486 -290 488 -314 484 500 496 421 416 389 376 313 336 228 280 161 264 125 272 53 272 19 272 -60 248 -98 248 -135 248 -172 240 -218 240 -251 240 0 0 0 0 0 0 0 0 0 0 0 0 0 0 0 0 0 0 0 0 0 0 0 0 0 0 0 0 0 0 0 0 0 0 0 0 0 0 0 0 0 0 0 0 0 0 0 0 0 0 0 0 0 0 0 0 0 0 0 0 0 0 0 0 0 0 0 0 0 0 0 0 0 0 0 0 0 0 0 0 0 0 0 0 0 0 
1 0 0 0 
500 434 500 434 440 441 383 446 325 450 277 453 227 462 182 471 138 481 88 488 37 495 -25 500 -84 500 -136 497 -186 490 -237 485 -283 481 -327 481 -340 476 500 325 450 349 396 357 340 341 294 341 245 365 194 396 153 420 106 452 57 476 0 500 -59 500 -110 500 -159 492 -208 476 -253 444 -286 428 0 0 0 0 0 0 0 0 0 0 0 0 0 0 0 0 0 0 0 0 0 0 0 0 0 0 0 0 0 0 0 0 0 0 0 0 0 0 0 0 0 0 0 0 0 0 0 0 0 0 0 0 0 0 0 0 0 0 0 0 0 0 0 0 0 0 0 0 0 0 0 0 0 0 0 0 0 0 
1 0 0 0 
500 371 500 371 442 341 393 331 341 321 275 321 227 331 161 346 114 361 48 371 14 376 -52 391 -87 396 -150 415 -181 435 -228 460 -286 485 -326 500 -334 500 -341 500 499 437 466 428 382 410 334 401 269 395 212 404 140 416 98 422 35 425 -2 431 -81 440 -103 443 -166 461 -205 470 -253 485 -296 494 -339 500 -346 497 0 0 0 0 0 0 0 0 0 0 0 0 0 0 0 0 0 0 0 0 0 0 0 0 0 0 0 0 0 0 0 0 0 0 0 0 0 0 0 0 0 0 0 0 0 0 0 0 0 0 0 0 0 0 0 0 0 0 0 0 0 0 0 0 0 0 0 0 0 0 0 0 0 0 
1 0 0 0 
500 -173 446 500 446 500 383 495 331 485 287 475 237 466 202 459 151 451 115 447 61 447 -5 447 -42 449 -83 451 -148 449 -200 447 -249 444 -297 444 -340 442 -315 -211 -315 -211 500 500 488 492 425 477 385 470 338 455 294 455 249 441 205 433 149 441 99 433 30 433 -21 448 -42 448 -110 441 -176 433 -210 426 -259 419 -301 397 0 0 0 0 0 0 0 0 0 0 0 0 0 0 0 0 0 0 0 0 0 0 0 0 0 0 0 0 0 0 0 0 0 0 0 0 0 0 0 0 0 0 0 0 0 0 0 0 0 0 0 0 0 0 0 0 0 0 0 0 0 0 0 0 0 0 0 0 0 0 0 0 
1 0 0 0 
500 447 500 447 407 447 350 447 280 457 203 462 148 467 5 480 -51 485 -108 488 -148 491 -231 496 -278 498 499 280 486 272 389 264 352 272 283 296 220 320 148 360 19 424 -26 448 -82 464 -135 472 -197 488 -242 496 0 0 0 0 0 0 0 0 0 0 0 0 0 0 0 0 0 0 0 0 0 0 0 0 0 0 0 0 0 0 0 0 0 0 0 0 0 0 0 0 0 0 0 0 0 0 0 0 0 0 0 0 0 0 0 0 0 0 0 0 0 0 0 0 0 0 0 0 0 0 0 0 0 0 0 0 0 0 0 0 0 0 0 0 0 0 0 0 0 0 0 0 0 0 0 0 0 0 
1 0 0 0 
500 500 500 500 393 497 368 492 301 481 276 476 201 473 144 473 68 471 26 471 -52 471 -109 473 -184 471 -241 473 -299 476 -353 484 -388 486 -343 -143 -343 -143 499 474 412 452 366 452 296 452 257 452 184 445 125 437 62 423 18 423 -53 423 -123 423 -191 430 -246 445 -283 459 -341 489 -351 496 0 0 0 0 0 0 0 0 0 0 0 0 0 0 0 0 0 0 0 0 0 0 0 0 0 0 0 0 0 0 0 0 0 0 0 0 0 0 0 0 0 0 0 0 0 0 0 0 0 0 0 0 0 0 0 0 0 0 0 0 0 0 0 0 0 0 0 0 0 0 0 0 0 0 0 0 0 0 0 0 
1 0 0 0 
-299 495 -299 495 -225 429 -174 396 -93 363 -40 363 43 347 114 305 165 272 215 247 268 231 338 223 395 223 448 206 500 223 500 223 -298 500 -238 491 -180 486 -79 486 -37 488 51 480 119 469 173 458 225 446 287 432 357 421 428 413 464 407 499 405 0 0 0 0 0 0 0 0 0 0 0 0 0 0 0 0 0 0 0 0 0 0 0 0 0 0 0 0 0 0 0 0 0 0 0 0 0 0 0 0 0 0 0 0 0 0 0 0 0 0 0 0 0 0 0 0 0 0 0 0 0 0 0 0 0 0 0 0 0 0 0 0 0 0 0 0 0 0 0 0 0 0 0 0 0 0 0 0 0 0 
0 1 0 0 
-252 -83 -295 500 -281 497 -209 475 -176 467 -124 456 -45 440 49 429 102 424 155 424 209 427 248 427 340 424 375 427 448 427 486 429 500 429 -268 500 -241 487 -177 448 -142 428 -80 402 -20 370 52 344 110 344 160 344 211 344 263 350 338 357 380 363 439 363 499 337 0 0 0 0 0 0 0 0 0 0 0 0 0 0 0 0 0 0 0 0 0 0 0 0 0 0 0 0 0 0 0 0 0 0 0 0 0 0 0 0 0 0 0 0 0 0 0 0 0 0 0 0 0 0 0 0 0 0 0 0 0 0 0 0 0 0 0 0 0 0 0 0 0 0 0 0 0 0 0 0 0 0 0 0 0 0 
0 1 0 0 
-278 495 -278 495 -189 487 -155 479 -75 447 -42 439 6 398 64 349 124 317 189 284 225 276 289 268 356 276 404 292 465 308 499 317 499 317 -302 495 -190 498 -166 495 -72 481 -23 467 16 461 78 447 160 433 221 419 276 413 325 410 398 413 424 410 500 410 500 410 0 0 0 0 0 0 0 0 0 0 0 0 0 0 0 0 0 0 0 0 0 0 0 0 0 0 0 0 0 0 0 0 0 0 0 0 0 0 0 0 0 0 0 0 0 0 0 0 0 0 0 0 0 0 0 0 0 0 0 0 0 0 0 0 0 0 0 0 0 0 0 0 0 0 0 0 0 0 0 0 0 0 0 0 0 0 
0 1 0 0 
-293 451 -293 451 -233 457 -195 454 -146 464 -35 480 56 467 184 461 228 461 286 464 376 474 459 493 499 500 -289 391 -216 417 -194 428 -141 439 -34 465 54 455 184 444 225 449 284 449 373 465 459 486 499 497 0 0 0 0 0 0 0 0 0 0 0 0 0 0 0 0 0 0 0 0 0 0 0 0 0 0 0 0 0 0 0 0 0 0 0 0 0 0 0 0 0 0 0 0 0 0 0 0 0 0 0 0 0 0 0 0 0 0 0 0 0 0 0 0 0 0 0 0 0 0 0 0 0 0 0 0 0 0 0 0 0 0 0 0 0 0 0 0 0 0 0 0 0 0 0 0 0 0 0 0 
0 1 0 0 
-283 500 -258 480 -231 464 -178 447 -112 437 -37 434 33 421 126 411 176 411 270 405 343 408 401 415 447 421 499 428 -277 499 -263 482 -217 442 -171 413 -101 396 -52 396 30 385 118 367 168 356 257 350 328 356 384 367 431 373 500 379 0 0 0 0 0 0 0 0 0 0 0 0 0 0 0 0 0 0 0 0 0 0 0 0 0 0 0 0 0 0 0 0 0 0 0 0 0 0 0 0 0 0 0 0 0 0 0 0 0 0 0 0 0 0 0 0 0 0 0 0 0 0 0 0 0 0 0 0 0 0 0 0 0 0 0 0 0 0 0 0 0 0 0 0 0 0 0 0 0 0 0 0 0 0 
0 1 0 0 
-248 500 -127 368 -100 359 -7 324 66 307 143 298 187 307 252 315 321 315 401 342 441 350 499 359 -314 500 -314 500 -226 491 -169 488 -116 483 -30 477 28 477 90 477 130 480 202 483 275 483 315 483 373 483 499 -230 499 -230 0 0 0 0 0 0 0 0 0 0 0 0 0 0 0 0 0 0 0 0 0 0 0 0 0 0 0 0 0 0 0 0 0 0 0 0 0 0 0 0 0 0 0 0 0 0 0 0 0 0 0 0 0 0 0 0 0 0 0 0 0 0 0 0 0 0 0 0 0 0 0 0 0 0 0 0 0 0 0 0 0 0 0 0 0 0 0 0 0 0 0 0 0 0 0 0 
0 1 0 0 
-254 356 -254 356 -168 278 -135 260 -70 260 -36 269 16 286 62 313 122 339 187 356 234 382 269 391 334 400 382 400 430 434 471 469 499 495 -269 476 -187 462 -134 454 -85 451 -25 460 23 468 61 473 130 482 201 484 262 484 306 484 365 487 413 487 453 490 499 498 0 0 0 0 0 0 0 0 0 0 0 0 0 0 0 0 0 0 0 0 0 0 0 0 0 0 0 0 0 0 0 0 0 0 0 0 0 0 0 0 0 0 0 0 0 0 0 0 0 0 0 0 0 0 0 0 0 0 0 0 0 0 0 0 0 0 0 0 0 0 0 0 0 0 0 0 0 0 0 0 0 0 0 0 0 0 
0 1 0 0 
-321 82 -331 481 -319 475 -264 454 -217 442 -180 435 -102 417 -56 408 -23 399 33 399 82 393 152 396 204 402 255 411 301 423 334 432 391 454 458 481 500 500 500 500 -322 457 -295 427 -222 376 -190 371 -143 361 -70 341 -37 336 16 326 53 326 109 331 183 346 233 356 268 361 323 381 365 407 411 437 484 492 500 497 0 0 0 0 0 0 0 0 0 0 0 0 0 0 0 0 0 0 0 0 0 0 0 0 0 0 0 0 0 0 0 0 0 0 0 0 0 0 0 0 0 0 0 0 0 0 0 0 0 0 0 0 0 0 0 0 0 0 0 0 0 0 0 0 0 0 0 0 0 0 0 0 0 0 
0 1 0 0 
-307 -259 -336 473 -336 473 -249 442 -203 429 -143 413 -96 403 -30 395 3 395 70 403 140 418 198 437 259 452 317 468 366 481 405 494 441 500 495 500 499 500 -318 230 -306 214 -213 174 -192 158 -121 119 -87 103 -38 95 9 119 67 142 123 182 176 230 242 333 291 412 331 460 365 484 434 500 500 452 500 452 0 0 0 0 0 0 0 0 0 0 0 0 0 0 0 0 0 0 0 0 0 0 0 0 0 0 0 0 0 0 0 0 0 0 0 0 0 0 0 0 0 0 0 0 0 0 0 0 0 0 0 0 0 0 0 0 0 0 0 0 0 0 0 0 0 0 0 0 0 0 0 0 0 0 0 0 
0 1 0 0 
-299 375 -299 375 -167 436 -129 428 -100 428 -59 421 27 421 66 421 129 428 183 428 220 436 295 451 334 451 399 466 454 488 488 496 488 496 500 496 -267 477 -146 475 -89 472 -89 472 -36 472 57 472 86 472 144 475 224 477 278 480 322 483 404 496 428 498 489 498 499 498 0 0 0 0 0 0 0 0 0 0 0 0 0 0 0 0 0 0 0 0 0 0 0 0 0 0 0 0 0 0 0 0 0 0 0 0 0 0 0 0 0 0 0 0 0 0 0 0 0 0 0 0 0 0 0 0 0 0 0 0 0 0 0 0 0 0 0 0 0 0 0 0 0 0 0 0 0 0 0 0 0 0 0 0 
0 1 0 0 
438 -398 57 -358 55 -339 52 -231 52 -170 55 -56 55 -15 57 74 61 155 64 240 71 323 77 404 86 485 500 498 500 498 439 -397 439 -397 439 -262 445 -176 448 -94 454 -11 459 50 468 147 481 247 488 331 491 412 499 498 0 0 0 0 0 0 0 0 0 0 0 0 0 0 0 0 0 0 0 0 0 0 0 0 0 0 0 0 0 0 0 0 0 0 0 0 0 0 0 0 0 0 0 0 0 0 0 0 0 0 0 0 0 0 0 0 0 0 0 0 0 0 0 0 0 0 0 0 0 0 0 0 0 0 0 0 0 0 0 0 0 0 0 0 0 0 0 0 0 0 0 0 0 0 0 0 
0 0 1 0 
456 -315 462 -294 471 -165 475 -106 481 2 484 98 484 187 487 267 493 328 493 420 496 483 500 498 500 498 499 -326 499 -326 495 -165 491 -105 489 28 491 103 489 194 489 278 487 348 483 437 481 498 0 0 0 0 0 0 0 0 0 0 0 0 0 0 0 0 0 0 0 0 0 0 0 0 0 0 0 0 0 0 0 0 0 0 0 0 0 0 0 0 0 0 0 0 0 0 0 0 0 0 0 0 0 0 0 0 0 0 0 0 0 0 0 0 0 0 0 0 0 0 0 0 0 0 0 0 0 0 0 0 0 0 0 0 0 0 0 0 0 0 0 0 0 0 0 0 0 0 0 0 0 0 
0 0 1 0 
498 -302 174 -355 183 -328 195 -271 208 -157 218 -40 221 42 221 148 225 226 227 304 225 415 218 500 218 500 498 -302 498 -271 496 -218 490 -102 492 0 492 113 492 189 488 267 484 336 480 432 473 498 0 0 0 0 0 0 0 0 0 0 0 0 0 0 0 0 0 0 0 0 0 0 0 0 0 0 0 0 0 0 0 0 0 0 0 0 0 0 0 0 0 0 0 0 0 0 0 0 0 0 0 0 0 0 0 0 0 0 0 0 0 0 0 0 0 0 0 0 0 0 0 0 0 0 0 0 0 0 0 0 0 0 0 0 0 0 0 0 0 0 0 0 0 0 0 0 0 0 0 0 0 0 
0 0 1 0 
494 -356 -89 -395 -73 -360 -62 -323 -46 -248 -40 -194 -31 -112 -21 -36 -15 17 -9 123 -7 205 -3 293 0 438 0 488 500 498 500 498 468 -355 468 -321 472 -271 476 -203 478 -145 480 -78 483 6 489 71 497 167 499 249 497 310 489 438 476 498 0 0 0 0 0 0 0 0 0 0 0 0 0 0 0 0 0 0 0 0 0 0 0 0 0 0 0 0 0 0 0 0 0 0 0 0 0 0 0 0 0 0 0 0 0 0 0 0 0 0 0 0 0 0 0 0 0 0 0 0 0 0 0 0 0 0 0 0 0 0 0 0 0 0 0 0 0 0 0 0 0 0 0 0 0 0 0 0 0 0 0 0 
0 0 1 0 
472 -426 464 -260 460 -183 460 -94 464 39 468 111 472 194 488 299 496 385 500 483 500 498 457 -425 457 -425 470 -278 468 -192 468 -133 468 4 468 58 472 125 484 252 492 356 496 440 500 498 500 498 0 0 0 0 0 0 0 0 0 0 0 0 0 0 0 0 0 0 0 0 0 0 0 0 0 0 0 0 0 0 0 0 0 0 0 0 0 0 0 0 0 0 0 0 0 0 0 0 0 0 0 0 0 0 0 0 0 0 0 0 0 0 0 0 0 0 0 0 0 0 0 0 0 0 0 0 0 0 0 0 0 0 0 0 0 0 0 0 0 0 0 0 0 0 0 0 0 0 0 0 0 0 
0 0 1 0 
500 -362 500 -362 489 -204 487 -147 489 -54 491 79 493 140 495 281 495 342 487 485 487 498 498 -331 498 -159 498 -91 494 -8 480 132 477 213 477 328 470 413 474 498 0 0 0 0 0 0 0 0 0 0 0 0 0 0 0 0 0 0 0 0 0 0 0 0 0 0 0 0 0 0 0 0 0 0 0 0 0 0 0 0 0 0 0 0 0 0 0 0 0 0 0 0 0 0 0 0 0 0 0 0 0 0 0 0 0 0 0 0 0 0 0 0 0 0 0 0 0 0 0 0 0 0 0 0 0 0 0 0 0 0 0 0 0 0 0 0 0 0 0 0 0 0 0 0 0 0 0 0 0 0 
0 0 1 0 
467 -296 487 -243 496 -179 496 -84 493 9 500 134 490 281 487 402 493 499 208 -314 462 -328 469 -298 478 -232 483 -145 485 -59 490 25 495 186 500 275 500 387 495 498 0 0 0 0 0 0 0 0 0 0 0 0 0 0 0 0 0 0 0 0 0 0 0 0 0 0 0 0 0 0 0 0 0 0 0 0 0 0 0 0 0 0 0 0 0 0 0 0 0 0 0 0 0 0 0 0 0 0 0 0 0 0 0 0 0 0 0 0 0 0 0 0 0 0 0 0 0 0 0 0 0 0 0 0 0 0 0 0 0 0 0 0 0 0 0 0 0 0 0 0 0 0 0 0 0 0 0 0 0 0 
0 0 1 0 
64 -406 64 -406 66 -246 74 -97 75 -58 75 56 74 138 74 225 75 311 77 450 81 493 499 500 499 500 481 -356 485 -168 486 -37 486 19 492 109 494 188 500 266 498 358 490 448 481 498 0 0 0 0 0 0 0 0 0 0 0 0 0 0 0 0 0 0 0 0 0 0 0 0 0 0 0 0 0 0 0 0 0 0 0 0 0 0 0 0 0 0 0 0 0 0 0 0 0 0 0 0 0 0 0 0 0 0 0 0 0 0 0 0 0 0 0 0 0 0 0 0 0 0 0 0 0 0 0 0 0 0 0 0 0 0 0 0 0 0 0 0 0 0 0 0 0 0 0 0 0 0 0 0 
0 0 1 0 
83 -341 83 -320 83 -199 81 -147 75 -17 73 41 69 106 66 190 64 272 64 370 69 439 75 500 500 491 500 495 499 -342 499 -342 483 -212 477 -159 467 -35 465 22 465 92 465 168 463 232 461 338 461 382 455 500 0 0 0 0 0 0 0 0 0 0 0 0 0 0 0 0 0 0 0 0 0 0 0 0 0 0 0 0 0 0 0 0 0 0 0 0 0 0 0 0 0 0 0 0 0 0 0 0 0 0 0 0 0 0 0 0 0 0 0 0 0 0 0 0 0 0 0 0 0 0 0 0 0 0 0 0 0 0 0 0 0 0 0 0 0 0 0 0 0 0 0 0 0 0 0 0 0 0 
0 0 1 0 
217 -292 219 -264 226 -164 228 -80 230 -19 230 45 235 130 241 214 248 355 252 498 252 498 498 494 498 494 450 -331 452 -309 465 -211 465 -152 467 -64 470 11 474 101 476 158 492 309 496 437 498 498 0 0 0 0 0 0 0 0 0 0 0 0 0 0 0 0 0 0 0 0 0 0 0 0 0 0 0 0 0 0 0 0 0 0 0 0 0 0 0 0 0 0 0 0 0 0 0 0 0 0 0 0 0 0 0 0 0 0 0 0 0 0 0 0 0 0 0 0 0 0 0 0 0 0 0 0 0 0 0 0 0 0 0 0 0 0 0 0 0 0 0 0 0 0 0 0 0 0 0 0 0 0 
0 0 1 0 
498 500 498 500 481 410 481 326 489 215 492 155 498 53 498 -61 495 -141 492 -207 487 -309 481 -412 478 -429 500 500 486 364 482 285 484 156 486 84 484 -35 480 -140 477 -259 477 -299 477 -399 475 -450 0 0 0 0 0 0 0 0 0 0 0 0 0 0 0 0 0 0 0 0 0 0 0 0 0 0 0 0 0 0 0 0 0 0 0 0 0 0 0 0 0 0 0 0 0 0 0 0 0 0 0 0 0 0 0 0 0 0 0 0 0 0 0 0 0 0 0 0 0 0 0 0 0 0 0 0 0 0 0 0 0 0 0 0 0 0 0 0 0 0 0 0 0 0 0 0 0 0 0 0 0 0 
0 0 0 1 
499 422 8 498 8 498 -8 409 -14 328 -15 222 -15 167 -19 82 -24 4 -35 -71 -42 -174 -43 -233 -43 -320 -42 -420 -42 -437 499 500 476 448 448 358 437 290 430 202 427 117 422 35 415 -51 408 -108 399 -216 394 -301 392 -363 388 -450 0 0 0 0 0 0 0 0 0 0 0 0 0 0 0 0 0 0 0 0 0 0 0 0 0 0 0 0 0 0 0 0 0 0 0 0 0 0 0 0 0 0 0 0 0 0 0 0 0 0 0 0 0 0 0 0 0 0 0 0 0 0 0 0 0 0 0 0 0 0 0 0 0 0 0 0 0 0 0 0 0 0 0 0 0 0 0 0 0 0 0 0 0 0 
0 0 0 1 
32 499 32 499 26 394 30 321 35 244 40 141 46 38 46 -68 42 -175 39 -259 33 -339 24 -442 494 -416 500 -429 493 500 493 500 495 384 497 300 499 196 495 81 488 -11 478 -143 469 -214 461 -298 462 -376 0 0 0 0 0 0 0 0 0 0 0 0 0 0 0 0 0 0 0 0 0 0 0 0 0 0 0 0 0 0 0 0 0 0 0 0 0 0 0 0 0 0 0 0 0 0 0 0 0 0 0 0 0 0 0 0 0 0 0 0 0 0 0 0 0 0 0 0 0 0 0 0 0 0 0 0 0 0 0 0 0 0 0 0 0 0 0 0 0 0 0 0 0 0 0 0 0 0 0 0 
0 0 0 1 
421 498 438 477 475 428 498 371 498 296 495 187 489 102 489 17 484 -68 481 -172 478 -304 467 -458 467 -458 467 -458 498 499 498 499 468 426 449 354 429 239 420 168 408 65 402 -29 398 -107 392 -221 390 -320 388 -434 388 -434 0 0 0 0 0 0 0 0 0 0 0 0 0 0 0 0 0 0 0 0 0 0 0 0 0 0 0 0 0 0 0 0 0 0 0 0 0 0 0 0 0 0 0 0 0 0 0 0 0 0 0 0 0 0 0 0 0 0 0 0 0 0 0 0 0 0 0 0 0 0 0 0 0 0 0 0 0 0 0 0 0 0 0 0 0 0 0 0 0 0 0 0 0 0 0 0 
0 0 0 1 
498 478 301 500 294 474 290 408 288 297 286 217 283 136 262 59 255 -19 251 -100 247 -155 238 -244 234 -297 223 -434 498 500 498 465 498 404 496 289 494 202 492 117 486 47 477 -36 473 -115 473 -193 466 -250 453 -332 445 -430 0 0 0 0 0 0 0 0 0 0 0 0 0 0 0 0 0 0 0 0 0 0 0 0 0 0 0 0 0 0 0 0 0 0 0 0 0 0 0 0 0 0 0 0 0 0 0 0 0 0 0 0 0 0 0 0 0 0 0 0 0 0 0 0 0 0 0 0 0 0 0 0 0 0 0 0 0 0 0 0 0 0 0 0 0 0 0 0 0 0 0 0 0 0 0 0 
0 0 0 1 
-31 500 -31 500 -54 376 -57 283 -56 195 -54 103 -50 -2 -45 -85 -43 -175 -43 -270 -43 -358 -45 -448 493 -421 499 -441 500 499 496 467 487 361 487 274 482 177 479 64 484 -25 482 -85 480 -179 477 -267 477 -334 0 0 0 0 0 0 0 0 0 0 0 0 0 0 0 0 0 0 0 0 0 0 0 0 0 0 0 0 0 0 0 0 0 0 0 0 0 0 0 0 0 0 0 0 0 0 0 0 0 0 0 0 0 0 0 0 0 0 0 0 0 0 0 0 0 0 0 0 0 0 0 0 0 0 0 0 0 0 0 0 0 0 0 0 0 0 0 0 0 0 0 0 0 0 0 0 0 0 0 0 
0 0 0 1 
499 498 499 498 479 347 475 308 469 167 469 167 463 6 459 -82 453 -209 445 -271 431 -406 421 -455 71 -452 67 -462 457 499 477 381 486 328 500 218 500 201 500 38 496 -47 486 -169 477 -248 464 -349 450 -414 0 0 0 0 0 0 0 0 0 0 0 0 0 0 0 0 0 0 0 0 0 0 0 0 0 0 0 0 0 0 0 0 0 0 0 0 0 0 0 0 0 0 0 0 0 0 0 0 0 0 0 0 0 0 0 0 0 0 0 0 0 0 0 0 0 0 0 0 0 0 0 0 0 0 0 0 0 0 0 0 0 0 0 0 0 0 0 0 0 0 0 0 0 0 0 0 0 0 0 0 
0 0 0 1 
500 500 476 477 447 429 413 338 405 256 403 159 397 24 395 -84 390 -311 384 -342 374 -429 366 -453 498 500 498 500 488 426 471 321 466 188 464 126 460 -38 453 -137 447 -355 445 -385 438 -440 0 0 0 0 0 0 0 0 0 0 0 0 0 0 0 0 0 0 0 0 0 0 0 0 0 0 0 0 0 0 0 0 0 0 0 0 0 0 0 0 0 0 0 0 0 0 0 0 0 0 0 0 0 0 0 0 0 0 0 0 0 0 0 0 0 0 0 0 0 0 0 0 0 0 0 0 0 0 0 0 0 0 0 0 0 0 0 0 0 0 0 0 0 0 0 0 0 0 0 0 0 0 0 0 
0 0 0 1 
499 498 499 498 487 411 480 304 474 198 467 113 467 51 458 -72 438 -174 432 -257 425 -360 416 -439 477 500 487 366 491 259 497 138 500 40 497 -26 495 -154 493 -261 489 -357 479 -440 0 0 0 0 0 0 0 0 0 0 0 0 0 0 0 0 0 0 0 0 0 0 0 0 0 0 0 0 0 0 0 0 0 0 0 0 0 0 0 0 0 0 0 0 0 0 0 0 0 0 0 0 0 0 0 0 0 0 0 0 0 0 0 0 0 0 0 0 0 0 0 0 0 0 0 0 0 0 0 0 0 0 0 0 0 0 0 0 0 0 0 0 0 0 0 0 0 0 0 0 0 0 0 0 0 0 
0 0 0 1 
498 498 498 498 442 388 424 318 401 216 389 135 383 50 377 -31 368 -116 359 -203 353 -286 330 -441 324 -462 324 -462 500 498 485 385 475 277 467 170 460 80 456 -2 452 -89 450 -177 442 -264 436 -350 417 -450 417 -450 0 0 0 0 0 0 0 0 0 0 0 0 0 0 0 0 0 0 0 0 0 0 0 0 0 0 0 0 0 0 0 0 0 0 0 0 0 0 0 0 0 0 0 0 0 0 0 0 0 0 0 0 0 0 0 0 0 0 0 0 0 0 0 0 0 0 0 0 0 0 0 0 0 0 0 0 0 0 0 0 0 0 0 0 0 0 0 0 0 0 0 0 0 0 0 0 0 0 
0 0 0 1 
