498 500 498 500 481 410 481 326 489 215 492 155 498 53 498 -61 495 -141 492 -207 487 -309 481 -412 478 -429 500 500 486 364 482 285 484 156 486 84 484 -35 480 -140 477 -259 477 -299 477 -399 475 -450 0 0 0 0 0 0 0 0 0 0 0 0 0 0 0 0 0 0 0 0 0 0 0 0 0 0 0 0 0 0 0 0 0 0 0 0 0 0 0 0 0 0 0 0 0 0 0 0 0 0 0 0 0 0 0 0 0 0 0 0 0 0 0 0 0 0 0 0 0 0 0 0 0 0 0 0 0 0 0 0 0 0 0 0 0 0 0 0 0 0 0 0 0 0 0 0 0 0 0 0 0 0 
0 0 0 1 
499 422 8 498 8 498 -8 409 -14 328 -15 222 -15 167 -19 82 -24 4 -35 -71 -42 -174 -43 -233 -43 -320 -42 -420 -42 -437 499 500 476 448 448 358 437 290 430 202 427 117 422 35 415 -51 408 -108 399 -216 394 -301 392 -363 388 -450 0 0 0 0 0 0 0 0 0 0 0 0 0 0 0 0 0 0 0 0 0 0 0 0 0 0 0 0 0 0 0 0 0 0 0 0 0 0 0 0 0 0 0 0 0 0 0 0 0 0 0 0 0 0 0 0 0 0 0 0 0 0 0 0 0 0 0 0 0 0 0 0 0 0 0 0 0 0 0 0 0 0 0 0 0 0 0 0 0 0 0 0 0 0 
0 0 0 1 
32 499 32 499 26 394 30 321 35 244 40 141 46 38 46 -68 42 -175 39 -259 33 -339 24 -442 494 -416 500 -429 493 500 493 500 495 384 497 300 499 196 495 81 488 -11 478 -143 469 -214 461 -298 462 -376 0 0 0 0 0 0 0 0 0 0 0 0 0 0 0 0 0 0 0 0 0 0 0 0 0 0 0 0 0 0 0 0 0 0 0 0 0 0 0 0 0 0 0 0 0 0 0 0 0 0 0 0 0 0 0 0 0 0 0 0 0 0 0 0 0 0 0 0 0 0 0 0 0 0 0 0 0 0 0 0 0 0 0 0 0 0 0 0 0 0 0 0 0 0 0 0 0 0 0 0 
0 0 0 1 
421 498 438 477 475 428 498 371 498 296 495 187 489 102 489 17 484 -68 481 -172 478 -304 467 -458 467 -458 467 -458 498 499 498 499 468 426 449 354 429 239 420 168 408 65 402 -29 398 -107 392 -221 390 -320 388 -434 388 -434 0 0 0 0 0 0 0 0 0 0 0 0 0 0 0 0 0 0 0 0 0 0 0 0 0 0 0 0 0 0 0 0 0 0 0 0 0 0 0 0 0 0 0 0 0 0 0 0 0 0 0 0 0 0 0 0 0 0 0 0 0 0 0 0 0 0 0 0 0 0 0 0 0 0 0 0 0 0 0 0 0 0 0 0 0 0 0 0 0 0 0 0 0 0 0 0 
0 0 0 1 
498 478 301 500 294 474 290 408 288 297 286 217 283 136 262 59 255 -19 251 -100 247 -155 238 -244 234 -297 223 -434 498 500 498 465 498 404 496 289 494 202 492 117 486 47 477 -36 473 -115 473 -193 466 -250 453 -332 445 -430 0 0 0 0 0 0 0 0 0 0 0 0 0 0 0 0 0 0 0 0 0 0 0 0 0 0 0 0 0 0 0 0 0 0 0 0 0 0 0 0 0 0 0 0 0 0 0 0 0 0 0 0 0 0 0 0 0 0 0 0 0 0 0 0 0 0 0 0 0 0 0 0 0 0 0 0 0 0 0 0 0 0 0 0 0 0 0 0 0 0 0 0 0 0 0 0 
0 0 0 1 
-31 500 -31 500 -54 376 -57 283 -56 195 -54 103 -50 -2 -45 -85 -43 -175 -43 -270 -43 -358 -45 -448 493 -421 499 -441 500 499 496 467 487 361 487 274 482 177 479 64 484 -25 482 -85 480 -179 477 -267 477 -334 0 0 0 0 0 0 0 0 0 0 0 0 0 0 0 0 0 0 0 0 0 0 0 0 0 0 0 0 0 0 0 0 0 0 0 0 0 0 0 0 0 0 0 0 0 0 0 0 0 0 0 0 0 0 0 0 0 0 0 0 0 0 0 0 0 0 0 0 0 0 0 0 0 0 0 0 0 0 0 0 0 0 0 0 0 0 0 0 0 0 0 0 0 0 0 0 0 0 0 0 
0 0 0 1 
499 498 499 498 479 347 475 308 469 167 469 167 463 6 459 -82 453 -209 445 -271 431 -406 421 -455 71 -452 67 -462 457 499 477 381 486 328 500 218 500 201 500 38 496 -47 486 -169 477 -248 464 -349 450 -414 0 0 0 0 0 0 0 0 0 0 0 0 0 0 0 0 0 0 0 0 0 0 0 0 0 0 0 0 0 0 0 0 0 0 0 0 0 0 0 0 0 0 0 0 0 0 0 0 0 0 0 0 0 0 0 0 0 0 0 0 0 0 0 0 0 0 0 0 0 0 0 0 0 0 0 0 0 0 0 0 0 0 0 0 0 0 0 0 0 0 0 0 0 0 0 0 0 0 0 0 
0 0 0 1 
500 500 476 477 447 429 413 338 405 256 403 159 397 24 395 -84 390 -311 384 -342 374 -429 366 -453 498 500 498 500 488 426 471 321 466 188 464 126 460 -38 453 -137 447 -355 445 -385 438 -440 0 0 0 0 0 0 0 0 0 0 0 0 0 0 0 0 0 0 0 0 0 0 0 0 0 0 0 0 0 0 0 0 0 0 0 0 0 0 0 0 0 0 0 0 0 0 0 0 0 0 0 0 0 0 0 0 0 0 0 0 0 0 0 0 0 0 0 0 0 0 0 0 0 0 0 0 0 0 0 0 0 0 0 0 0 0 0 0 0 0 0 0 0 0 0 0 0 0 0 0 0 0 0 0 
0 0 0 1 
499 498 499 498 487 411 480 304 474 198 467 113 467 51 458 -72 438 -174 432 -257 425 -360 416 -439 477 500 487 366 491 259 497 138 500 40 497 -26 495 -154 493 -261 489 -357 479 -440 0 0 0 0 0 0 0 0 0 0 0 0 0 0 0 0 0 0 0 0 0 0 0 0 0 0 0 0 0 0 0 0 0 0 0 0 0 0 0 0 0 0 0 0 0 0 0 0 0 0 0 0 0 0 0 0 0 0 0 0 0 0 0 0 0 0 0 0 0 0 0 0 0 0 0 0 0 0 0 0 0 0 0 0 0 0 0 0 0 0 0 0 0 0 0 0 0 0 0 0 0 0 0 0 0 0 
0 0 0 1 
498 498 498 498 442 388 424 318 401 216 389 135 383 50 377 -31 368 -116 359 -203 353 -286 330 -441 324 -462 324 -462 500 498 485 385 475 277 467 170 460 80 456 -2 452 -89 450 -177 442 -264 436 -350 417 -450 417 -450 0 0 0 0 0 0 0 0 0 0 0 0 0 0 0 0 0 0 0 0 0 0 0 0 0 0 0 0 0 0 0 0 0 0 0 0 0 0 0 0 0 0 0 0 0 0 0 0 0 0 0 0 0 0 0 0 0 0 0 0 0 0 0 0 0 0 0 0 0 0 0 0 0 0 0 0 0 0 0 0 0 0 0 0 0 0 0 0 0 0 0 0 0 0 0 0 0 0 
0 0 0 1 
