438 -398 57 -358 55 -339 52 -231 52 -170 55 -56 55 -15 57 74 61 155 64 240 71 323 77 404 86 485 500 498 500 498 439 -397 439 -397 439 -262 445 -176 448 -94 454 -11 459 50 468 147 481 247 488 331 491 412 499 498 0 0 0 0 0 0 0 0 0 0 0 0 0 0 0 0 0 0 0 0 0 0 0 0 0 0 0 0 0 0 0 0 0 0 0 0 0 0 0 0 0 0 0 0 0 0 0 0 0 0 0 0 0 0 0 0 0 0 0 0 0 0 0 0 0 0 0 0 0 0 0 0 0 0 0 0 0 0 0 0 0 0 0 0 0 0 0 0 0 0 0 0 0 0 0 0 
0 0 1 0 
456 -315 462 -294 471 -165 475 -106 481 2 484 98 484 187 487 267 493 328 493 420 496 483 500 498 500 498 499 -326 499 -326 495 -165 491 -105 489 28 491 103 489 194 489 278 487 348 483 437 481 498 0 0 0 0 0 0 0 0 0 0 0 0 0 0 0 0 0 0 0 0 0 0 0 0 0 0 0 0 0 0 0 0 0 0 0 0 0 0 0 0 0 0 0 0 0 0 0 0 0 0 0 0 0 0 0 0 0 0 0 0 0 0 0 0 0 0 0 0 0 0 0 0 0 0 0 0 0 0 0 0 0 0 0 0 0 0 0 0 0 0 0 0 0 0 0 0 0 0 0 0 0 0 
0 0 1 0 
498 -302 174 -355 183 -328 195 -271 208 -157 218 -40 221 42 221 148 225 226 227 304 225 415 218 500 218 500 498 -302 498 -271 496 -218 490 -102 492 0 492 113 492 189 488 267 484 336 480 432 473 498 0 0 0 0 0 0 0 0 0 0 0 0 0 0 0 0 0 0 0 0 0 0 0 0 0 0 0 0 0 0 0 0 0 0 0 0 0 0 0 0 0 0 0 0 0 0 0 0 0 0 0 0 0 0 0 0 0 0 0 0 0 0 0 0 0 0 0 0 0 0 0 0 0 0 0 0 0 0 0 0 0 0 0 0 0 0 0 0 0 0 0 0 0 0 0 0 0 0 0 0 0 0 
0 0 1 0 
494 -356 -89 -395 -73 -360 -62 -323 -46 -248 -40 -194 -31 -112 -21 -36 -15 17 -9 123 -7 205 -3 293 0 438 0 488 500 498 500 498 468 -355 468 -321 472 -271 476 -203 478 -145 480 -78 483 6 489 71 497 167 499 249 497 310 489 438 476 498 0 0 0 0 0 0 0 0 0 0 0 0 0 0 0 0 0 0 0 0 0 0 0 0 0 0 0 0 0 0 0 0 0 0 0 0 0 0 0 0 0 0 0 0 0 0 0 0 0 0 0 0 0 0 0 0 0 0 0 0 0 0 0 0 0 0 0 0 0 0 0 0 0 0 0 0 0 0 0 0 0 0 0 0 0 0 0 0 0 0 0 0 
0 0 1 0 
472 -426 464 -260 460 -183 460 -94 464 39 468 111 472 194 488 299 496 385 500 483 500 498 457 -425 457 -425 470 -278 468 -192 468 -133 468 4 468 58 472 125 484 252 492 356 496 440 500 498 500 498 0 0 0 0 0 0 0 0 0 0 0 0 0 0 0 0 0 0 0 0 0 0 0 0 0 0 0 0 0 0 0 0 0 0 0 0 0 0 0 0 0 0 0 0 0 0 0 0 0 0 0 0 0 0 0 0 0 0 0 0 0 0 0 0 0 0 0 0 0 0 0 0 0 0 0 0 0 0 0 0 0 0 0 0 0 0 0 0 0 0 0 0 0 0 0 0 0 0 0 0 0 0 
0 0 1 0 
500 -362 500 -362 489 -204 487 -147 489 -54 491 79 493 140 495 281 495 342 487 485 487 498 498 -331 498 -159 498 -91 494 -8 480 132 477 213 477 328 470 413 474 498 0 0 0 0 0 0 0 0 0 0 0 0 0 0 0 0 0 0 0 0 0 0 0 0 0 0 0 0 0 0 0 0 0 0 0 0 0 0 0 0 0 0 0 0 0 0 0 0 0 0 0 0 0 0 0 0 0 0 0 0 0 0 0 0 0 0 0 0 0 0 0 0 0 0 0 0 0 0 0 0 0 0 0 0 0 0 0 0 0 0 0 0 0 0 0 0 0 0 0 0 0 0 0 0 0 0 0 0 0 0 
0 0 1 0 
467 -296 487 -243 496 -179 496 -84 493 9 500 134 490 281 487 402 493 499 208 -314 462 -328 469 -298 478 -232 483 -145 485 -59 490 25 495 186 500 275 500 387 495 498 0 0 0 0 0 0 0 0 0 0 0 0 0 0 0 0 0 0 0 0 0 0 0 0 0 0 0 0 0 0 0 0 0 0 0 0 0 0 0 0 0 0 0 0 0 0 0 0 0 0 0 0 0 0 0 0 0 0 0 0 0 0 0 0 0 0 0 0 0 0 0 0 0 0 0 0 0 0 0 0 0 0 0 0 0 0 0 0 0 0 0 0 0 0 0 0 0 0 0 0 0 0 0 0 0 0 0 0 0 0 
0 0 1 0 
64 -406 64 -406 66 -246 74 -97 75 -58 75 56 74 138 74 225 75 311 77 450 81 493 499 500 499 500 481 -356 485 -168 486 -37 486 19 492 109 494 188 500 266 498 358 490 448 481 498 0 0 0 0 0 0 0 0 0 0 0 0 0 0 0 0 0 0 0 0 0 0 0 0 0 0 0 0 0 0 0 0 0 0 0 0 0 0 0 0 0 0 0 0 0 0 0 0 0 0 0 0 0 0 0 0 0 0 0 0 0 0 0 0 0 0 0 0 0 0 0 0 0 0 0 0 0 0 0 0 0 0 0 0 0 0 0 0 0 0 0 0 0 0 0 0 0 0 0 0 0 0 0 0 
0 0 1 0 
83 -341 83 -320 83 -199 81 -147 75 -17 73 41 69 106 66 190 64 272 64 370 69 439 75 500 500 491 500 495 499 -342 499 -342 483 -212 477 -159 467 -35 465 22 465 92 465 168 463 232 461 338 461 382 455 500 0 0 0 0 0 0 0 0 0 0 0 0 0 0 0 0 0 0 0 0 0 0 0 0 0 0 0 0 0 0 0 0 0 0 0 0 0 0 0 0 0 0 0 0 0 0 0 0 0 0 0 0 0 0 0 0 0 0 0 0 0 0 0 0 0 0 0 0 0 0 0 0 0 0 0 0 0 0 0 0 0 0 0 0 0 0 0 0 0 0 0 0 0 0 0 0 0 0 
0 0 1 0 
217 -292 219 -264 226 -164 228 -80 230 -19 230 45 235 130 241 214 248 355 252 498 252 498 498 494 498 494 450 -331 452 -309 465 -211 465 -152 467 -64 470 11 474 101 476 158 492 309 496 437 498 498 0 0 0 0 0 0 0 0 0 0 0 0 0 0 0 0 0 0 0 0 0 0 0 0 0 0 0 0 0 0 0 0 0 0 0 0 0 0 0 0 0 0 0 0 0 0 0 0 0 0 0 0 0 0 0 0 0 0 0 0 0 0 0 0 0 0 0 0 0 0 0 0 0 0 0 0 0 0 0 0 0 0 0 0 0 0 0 0 0 0 0 0 0 0 0 0 0 0 0 0 0 0 
0 0 1 0 
