-299 495 -299 495 -225 429 -174 396 -93 363 -40 363 43 347 114 305 165 272 215 247 268 231 338 223 395 223 448 206 500 223 500 223 -298 500 -238 491 -180 486 -79 486 -37 488 51 480 119 469 173 458 225 446 287 432 357 421 428 413 464 407 499 405 0 0 0 0 0 0 0 0 0 0 0 0 0 0 0 0 0 0 0 0 0 0 0 0 0 0 0 0 0 0 0 0 0 0 0 0 0 0 0 0 0 0 0 0 0 0 0 0 0 0 0 0 0 0 0 0 0 0 0 0 0 0 0 0 0 0 0 0 0 0 0 0 0 0 0 0 0 0 0 0 0 0 0 0 0 0 0 0 0 0 
0 1 0 0 
-252 -83 -295 500 -281 497 -209 475 -176 467 -124 456 -45 440 49 429 102 424 155 424 209 427 248 427 340 424 375 427 448 427 486 429 500 429 -268 500 -241 487 -177 448 -142 428 -80 402 -20 370 52 344 110 344 160 344 211 344 263 350 338 357 380 363 439 363 499 337 0 0 0 0 0 0 0 0 0 0 0 0 0 0 0 0 0 0 0 0 0 0 0 0 0 0 0 0 0 0 0 0 0 0 0 0 0 0 0 0 0 0 0 0 0 0 0 0 0 0 0 0 0 0 0 0 0 0 0 0 0 0 0 0 0 0 0 0 0 0 0 0 0 0 0 0 0 0 0 0 0 0 0 0 0 0 
0 1 0 0 
-278 495 -278 495 -189 487 -155 479 -75 447 -42 439 6 398 64 349 124 317 189 284 225 276 289 268 356 276 404 292 465 308 499 317 499 317 -302 495 -190 498 -166 495 -72 481 -23 467 16 461 78 447 160 433 221 419 276 413 325 410 398 413 424 410 500 410 500 410 0 0 0 0 0 0 0 0 0 0 0 0 0 0 0 0 0 0 0 0 0 0 0 0 0 0 0 0 0 0 0 0 0 0 0 0 0 0 0 0 0 0 0 0 0 0 0 0 0 0 0 0 0 0 0 0 0 0 0 0 0 0 0 0 0 0 0 0 0 0 0 0 0 0 0 0 0 0 0 0 0 0 0 0 0 0 
0 1 0 0 
-293 451 -293 451 -233 457 -195 454 -146 464 -35 480 56 467 184 461 228 461 286 464 376 474 459 493 499 500 -289 391 -216 417 -194 428 -141 439 -34 465 54 455 184 444 225 449 284 449 373 465 459 486 499 497 0 0 0 0 0 0 0 0 0 0 0 0 0 0 0 0 0 0 0 0 0 0 0 0 0 0 0 0 0 0 0 0 0 0 0 0 0 0 0 0 0 0 0 0 0 0 0 0 0 0 0 0 0 0 0 0 0 0 0 0 0 0 0 0 0 0 0 0 0 0 0 0 0 0 0 0 0 0 0 0 0 0 0 0 0 0 0 0 0 0 0 0 0 0 0 0 0 0 0 0 
0 1 0 0 
-283 500 -258 480 -231 464 -178 447 -112 437 -37 434 33 421 126 411 176 411 270 405 343 408 401 415 447 421 499 428 -277 499 -263 482 -217 442 -171 413 -101 396 -52 396 30 385 118 367 168 356 257 350 328 356 384 367 431 373 500 379 0 0 0 0 0 0 0 0 0 0 0 0 0 0 0 0 0 0 0 0 0 0 0 0 0 0 0 0 0 0 0 0 0 0 0 0 0 0 0 0 0 0 0 0 0 0 0 0 0 0 0 0 0 0 0 0 0 0 0 0 0 0 0 0 0 0 0 0 0 0 0 0 0 0 0 0 0 0 0 0 0 0 0 0 0 0 0 0 0 0 0 0 0 0 
0 1 0 0 
-248 500 -127 368 -100 359 -7 324 66 307 143 298 187 307 252 315 321 315 401 342 441 350 499 359 -314 500 -314 500 -226 491 -169 488 -116 483 -30 477 28 477 90 477 130 480 202 483 275 483 315 483 373 483 499 -230 499 -230 0 0 0 0 0 0 0 0 0 0 0 0 0 0 0 0 0 0 0 0 0 0 0 0 0 0 0 0 0 0 0 0 0 0 0 0 0 0 0 0 0 0 0 0 0 0 0 0 0 0 0 0 0 0 0 0 0 0 0 0 0 0 0 0 0 0 0 0 0 0 0 0 0 0 0 0 0 0 0 0 0 0 0 0 0 0 0 0 0 0 0 0 0 0 0 0 
0 1 0 0 
-254 356 -254 356 -168 278 -135 260 -70 260 -36 269 16 286 62 313 122 339 187 356 234 382 269 391 334 400 382 400 430 434 471 469 499 495 -269 476 -187 462 -134 454 -85 451 -25 460 23 468 61 473 130 482 201 484 262 484 306 484 365 487 413 487 453 490 499 498 0 0 0 0 0 0 0 0 0 0 0 0 0 0 0 0 0 0 0 0 0 0 0 0 0 0 0 0 0 0 0 0 0 0 0 0 0 0 0 0 0 0 0 0 0 0 0 0 0 0 0 0 0 0 0 0 0 0 0 0 0 0 0 0 0 0 0 0 0 0 0 0 0 0 0 0 0 0 0 0 0 0 0 0 0 0 
0 1 0 0 
-321 82 -331 481 -319 475 -264 454 -217 442 -180 435 -102 417 -56 408 -23 399 33 399 82 393 152 396 204 402 255 411 301 423 334 432 391 454 458 481 500 500 500 500 -322 457 -295 427 -222 376 -190 371 -143 361 -70 341 -37 336 16 326 53 326 109 331 183 346 233 356 268 361 323 381 365 407 411 437 484 492 500 497 0 0 0 0 0 0 0 0 0 0 0 0 0 0 0 0 0 0 0 0 0 0 0 0 0 0 0 0 0 0 0 0 0 0 0 0 0 0 0 0 0 0 0 0 0 0 0 0 0 0 0 0 0 0 0 0 0 0 0 0 0 0 0 0 0 0 0 0 0 0 0 0 0 0 
0 1 0 0 
-307 -259 -336 473 -336 473 -249 442 -203 429 -143 413 -96 403 -30 395 3 395 70 403 140 418 198 437 259 452 317 468 366 481 405 494 441 500 495 500 499 500 -318 230 -306 214 -213 174 -192 158 -121 119 -87 103 -38 95 9 119 67 142 123 182 176 230 242 333 291 412 331 460 365 484 434 500 500 452 500 452 0 0 0 0 0 0 0 0 0 0 0 0 0 0 0 0 0 0 0 0 0 0 0 0 0 0 0 0 0 0 0 0 0 0 0 0 0 0 0 0 0 0 0 0 0 0 0 0 0 0 0 0 0 0 0 0 0 0 0 0 0 0 0 0 0 0 0 0 0 0 0 0 0 0 0 0 
0 1 0 0 
-299 375 -299 375 -167 436 -129 428 -100 428 -59 421 27 421 66 421 129 428 183 428 220 436 295 451 334 451 399 466 454 488 488 496 488 496 500 496 -267 477 -146 475 -89 472 -89 472 -36 472 57 472 86 472 144 475 224 477 278 480 322 483 404 496 428 498 489 498 499 498 0 0 0 0 0 0 0 0 0 0 0 0 0 0 0 0 0 0 0 0 0 0 0 0 0 0 0 0 0 0 0 0 0 0 0 0 0 0 0 0 0 0 0 0 0 0 0 0 0 0 0 0 0 0 0 0 0 0 0 0 0 0 0 0 0 0 0 0 0 0 0 0 0 0 0 0 0 0 0 0 0 0 0 0 
0 1 0 0 
