90 150 6
500 419 500 419 448 436 407 436 340 410 291 397 259 393 182 397 59 445 51 449 -24 458 -72 462 -149 480 -199 489 -239 489 -281 484 -305 497 499 490 436 481 392 477 318 405 263 382 243 379 -327 496 -341 500 0 0 0 0 0 0 0 0 0 0 0 0 0 0 0 0 0 0 0 0 0 0 0 0 0 0 0 0 0 0 0 0 0 0 0 0 0 0 0 0 0 0 0 0 0 0 0 0 0 0 0 0 0 0 0 0 0 0 0 0 0 0 0 0 0 0 0 0 0 0 0 0 0 0 0 0 0 0 0 0 0 0 0 0 0 0 0 0 0 0 0 0 0 0 0 0 0 0 0 0 
1 0 0 0 0 0 
500 111 445 478 427 467 402 464 346 467 302 467 243 464 183 467 126 464 66 467 10 464 -15 467 -61 471 -107 474 -166 474 -228 474 -292 489 -336 496 -367 500 -323 219 -323 219 500 350 473 355 437 360 386 385 342 395 283 400 221 405 165 410 105 415 47 420 23 420 -22 430 -67 440 -126 450 -185 455 -251 470 -288 480 -320 500 0 0 0 0 0 0 0 0 0 0 0 0 0 0 0 0 0 0 0 0 0 0 0 0 0 0 0 0 0 0 0 0 0 0 0 0 0 0 0 0 0 0 0 0 0 0 0 0 0 0 0 0 0 0 0 0 0 0 0 0 0 0 0 0 0 0 0 0 0 0 0 0 
1 0 0 0 0 0 
499 498 486 490 434 454 410 450 359 432 312 450 266 457 210 465 139 468 87 468 11 465 -13 465 -112 461 -123 461 -207 461 -247 465 -207 153 -207 153 499 461 486 456 433 445 406 445 361 440 323 456 263 478 240 478 157 489 117 489 42 500 30 500 -58 489 -86 489 -158 478 -198 478 0 0 0 0 0 0 0 0 0 0 0 0 0 0 0 0 0 0 0 0 0 0 0 0 0 0 0 0 0 0 0 0 0 0 0 0 0 0 0 0 0 0 0 0 0 0 0 0 0 0 0 0 0 0 0 0 0 0 0 0 0 0 0 0 0 0 0 0 0 0 0 0 0 0 0 0 0 0 0 0 0 0 
1 0 0 0 0 0 
500 500 488 492 446 485 374 482 332 489 265 496 172 496 148 492 73 492 9 482 -36 478 -79 485 -156 335 -156 335 -187 300 -229 303 -229 303 500 100 500 100 452 100 370 110 334 116 275 126 176 132 153 135 80 139 31 142 -29 152 -67 158 -101 165 -294 498 -294 498 0 0 0 0 0 0 0 0 0 0 0 0 0 0 0 0 0 0 0 0 0 0 0 0 0 0 0 0 0 0 0 0 0 0 0 0 0 0 0 0 0 0 0 0 0 0 0 0 0 0 0 0 0 0 0 0 0 0 0 0 0 0 0 0 0 0 0 0 0 0 0 0 0 0 0 0 0 0 0 0 0 0 0 0 0 0 
1 0 0 0 0 0 
350 217 350 217 402 318 500 442 485 449 419 477 373 487 283 494 251 494 162 494 76 494 -2 494 -45 498 -93 498 -106 498 -175 494 -223 494 -343 384 -260 498 -260 498 500 442 500 442 -251 498 0 0 0 0 0 0 0 0 0 0 0 0 0 0 0 0 0 0 0 0 0 0 0 0 0 0 0 0 0 0 0 0 0 0 0 0 0 0 0 0 0 0 0 0 0 0 0 0 0 0 0 0 0 0 0 0 0 0 0 0 0 0 0 0 0 0 0 0 0 0 0 0 0 0 0 0 0 0 0 0 0 0 0 0 0 0 0 0 0 0 0 0 0 0 0 0 0 0 0 0 0 0 0 0 
1 0 0 0 0 0 
500 222 488 229 410 318 412 333 412 333 364 370 295 377 228 381 219 381 154 381 125 396 118 400 91 418 65 429 -2 462 -60 485 -106 500 -115 496 499 497 499 497 425 493 425 493 -23 357 -35 357 -57 353 -150 357 -198 365 -234 353 0 0 0 0 0 0 0 0 0 0 0 0 0 0 0 0 0 0 0 0 0 0 0 0 0 0 0 0 0 0 0 0 0 0 0 0 0 0 0 0 0 0 0 0 0 0 0 0 0 0 0 0 0 0 0 0 0 0 0 0 0 0 0 0 0 0 0 0 0 0 0 0 0 0 0 0 0 0 0 0 0 0 0 0 0 0 0 0 0 0 0 0 0 0 
1 0 0 0 0 0 
500 497 425 149 425 149 367 162 312 171 287 180 256 185 205 194 166 199 82 208 45 212 15 217 -11 221 -35 226 -67 226 -104 230 -147 230 -192 235 -290 239 -319 244 -353 248 500 414 486 414 415 439 378 452 341 460 312 468 256 477 217 481 134 489 93 489 66 489 55 489 8 493 -15 489 -56 493 -81 493 -133 493 -224 497 -258 493 -293 497 0 0 0 0 0 0 0 0 0 0 0 0 0 0 0 0 0 0 0 0 0 0 0 0 0 0 0 0 0 0 0 0 0 0 0 0 0 0 0 0 0 0 0 0 0 0 0 0 0 0 0 0 0 0 0 0 0 0 0 0 0 0 0 0 0 0 0 0 
1 0 0 0 0 0 
498 432 498 432 498 432 480 436 480 436 395 468 277 477 162 450 84 445 -37 445 -130 500 -170 477 500 185 484 213 478 216 445 240 419 264 355 312 323 333 263 384 247 422 227 443 213 474 202 470 187 470 106 474 30 474 -45 474 -123 477 -177 498 -206 494 -234 481 0 0 0 0 0 0 0 0 0 0 0 0 0 0 0 0 0 0 0 0 0 0 0 0 0 0 0 0 0 0 0 0 0 0 0 0 0 0 0 0 0 0 0 0 0 0 0 0 0 0 0 0 0 0 0 0 0 0 0 0 0 0 0 0 0 0 0 0 0 0 0 0 0 0 0 0 0 0 0 0 0 0 0 0 0 0 
1 0 0 0 0 0 
500 255 483 265 -127 497 -127 497 -140 497 -159 497 -245 493 -274 469 499 314 499 314 471 332 425 349 334 359 326 363 265 394 197 397 139 401 70 401 1 429 -9 432 -59 446 -98 467 -108 474 -145 487 -155 487 -214 498 -246 491 -288 221 -288 221 0 0 0 0 0 0 0 0 0 0 0 0 0 0 0 0 0 0 0 0 0 0 0 0 0 0 0 0 0 0 0 0 0 0 0 0 0 0 0 0 0 0 0 0 0 0 0 0 0 0 0 0 0 0 0 0 0 0 0 0 0 0 0 0 0 0 0 0 0 0 0 0 0 0 0 0 0 0 0 0 0 0 0 0 0 0 0 0 0 0 0 0 
1 0 0 0 0 0 
499 490 487 480 418 471 392 461 316 496 277 500 200 500 107 496 22 496 -44 500 -118 500 -175 496 -219 493 -275 490 -294 490 -243 159 -243 159 499 421 499 421 396 440 375 454 320 473 266 483 197 492 89 492 42 497 -30 492 -101 497 -149 492 -195 488 -244 478 -256 478 0 0 0 0 0 0 0 0 0 0 0 0 0 0 0 0 0 0 0 0 0 0 0 0 0 0 0 0 0 0 0 0 0 0 0 0 0 0 0 0 0 0 0 0 0 0 0 0 0 0 0 0 0 0 0 0 0 0 0 0 0 0 0 0 0 0 0 0 0 0 0 0 0 0 0 0 0 0 0 0 0 0 0 0 0 0 
1 0 0 0 0 0 
499 500 499 500 440 451 382 444 321 433 267 426 210 419 150 374 119 384 78 353 22 342 -54 363 -91 269 -88 234 -141 206 -197 213 500 497 488 492 442 483 392 474 330 464 284 460 233 446 181 422 152 422 121 408 64 394 -8 403 -47 394 0 0 0 0 0 0 0 0 0 0 0 0 0 0 0 0 0 0 0 0 0 0 0 0 0 0 0 0 0 0 0 0 0 0 0 0 0 0 0 0 0 0 0 0 0 0 0 0 0 0 0 0 0 0 0 0 0 0 0 0 0 0 0 0 0 0 0 0 0 0 0 0 0 0 0 0 0 0 0 0 0 0 0 0 0 0 0 0 0 0 0 0 
1 0 0 0 0 0 
499 346 405 142 386 138 328 127 263 131 321 317 295 332 255 346 245 357 189 386 128 401 94 423 41 430 -16 459 -55 485 -89 492 -147 500 -204 492 -263 478 499 500 461 469 374 439 321 465 0 0 0 0 0 0 0 0 0 0 0 0 0 0 0 0 0 0 0 0 0 0 0 0 0 0 0 0 0 0 0 0 0 0 0 0 0 0 0 0 0 0 0 0 0 0 0 0 0 0 0 0 0 0 0 0 0 0 0 0 0 0 0 0 0 0 0 0 0 0 0 0 0 0 0 0 0 0 0 0 0 0 0 0 0 0 0 0 0 0 0 0 0 0 0 0 0 0 0 0 0 0 0 0 
1 0 0 0 0 0 
500 455 500 455 436 371 422 365 380 346 338 339 300 339 252 346 195 358 135 371 71 403 13 435 -47 474 -107 500 -178 500 -243 493 -280 493 -315 487 -352 493 -359 493 500 452 438 422 425 419 377 410 330 407 302 410 252 416 197 425 135 440 65 458 10 476 -47 491 -105 500 -176 497 -244 494 -285 488 -320 485 -355 476 0 0 0 0 0 0 0 0 0 0 0 0 0 0 0 0 0 0 0 0 0 0 0 0 0 0 0 0 0 0 0 0 0 0 0 0 0 0 0 0 0 0 0 0 0 0 0 0 0 0 0 0 0 0 0 0 0 0 0 0 0 0 0 0 0 0 0 0 0 0 0 0 0 0 
1 0 0 0 0 0 
499 370 483 370 414 370 370 376 312 395 274 395 202 407 118 432 61 450 19 462 -81 481 -94 475 -153 481 -201 487 -234 500 -247 493 436 64 499 453 499 453 423 457 357 481 336 489 285 497 230 497 133 497 87 489 59 489 -39 489 -52 485 -109 485 -157 485 -199 481 -215 473 -264 144 -264 144 0 0 0 0 0 0 0 0 0 0 0 0 0 0 0 0 0 0 0 0 0 0 0 0 0 0 0 0 0 0 0 0 0 0 0 0 0 0 0 0 0 0 0 0 0 0 0 0 0 0 0 0 0 0 0 0 0 0 0 0 0 0 0 0 0 0 0 0 0 0 0 0 0 0 0 0 0 0 0 0 
1 0 0 0 0 0 
499 500 486 487 424 472 397 469 332 466 258 475 190 469 135 475 66 481 12 490 -62 481 -110 484 -195 469 -250 472 -294 478 -224 245 -224 245 500 490 487 478 432 454 419 454 347 458 271 466 218 470 169 478 107 482 58 490 -26 498 -62 494 -134 486 -177 470 -220 466 0 0 0 0 0 0 0 0 0 0 0 0 0 0 0 0 0 0 0 0 0 0 0 0 0 0 0 0 0 0 0 0 0 0 0 0 0 0 0 0 0 0 0 0 0 0 0 0 0 0 0 0 0 0 0 0 0 0 0 0 0 0 0 0 0 0 0 0 0 0 0 0 0 0 0 0 0 0 0 0 0 0 0 0 0 0 
1 0 0 0 0 0 
-218 142 -218 142 -175 100 -142 89 -69 85 13 82 77 64 87 71 151 67 227 67 275 75 340 82 409 85 465 103 499 146 499 500 499 500 -266 489 -249 482 -177 457 -97 450 27 375 46 439 63 407 140 400 202 364 260 450 309 453 377 457 443 471 499 500 0 0 0 0 0 0 0 0 0 0 0 0 0 0 0 0 0 0 0 0 0 0 0 0 0 0 0 0 0 0 0 0 0 0 0 0 0 0 0 0 0 0 0 0 0 0 0 0 0 0 0 0 0 0 0 0 0 0 0 0 0 0 0 0 0 0 0 0 0 0 0 0 0 0 0 0 0 0 0 0 0 0 0 0 0 0 0 0 
0 1 0 0 0 0 
-200 500 -187 495 -84 467 -6 449 65 444 101 435 198 416 245 407 326 402 362 412 426 425 455 449 461 453 479 462 496 467 500 472 -266 498 -266 498 -154 480 -58 467 19 449 63 390 163 372 207 356 287 350 321 353 392 335 426 415 440 430 459 446 486 458 500 464 500 464 0 0 0 0 0 0 0 0 0 0 0 0 0 0 0 0 0 0 0 0 0 0 0 0 0 0 0 0 0 0 0 0 0 0 0 0 0 0 0 0 0 0 0 0 0 0 0 0 0 0 0 0 0 0 0 0 0 0 0 0 0 0 0 0 0 0 0 0 0 0 0 0 0 0 0 0 0 0 0 0 0 0 0 0 
0 1 0 0 0 0 
-143 324 -132 329 -65 340 -45 340 6 335 51 340 147 366 202 397 257 413 291 429 352 450 390 455 432 465 500 497 -144 72 -254 414 -254 414 -172 407 -159 414 -117 407 -61 392 16 421 59 440 130 469 159 469 226 483 260 480 314 480 369 487 410 494 453 498 499 498 0 0 0 0 0 0 0 0 0 0 0 0 0 0 0 0 0 0 0 0 0 0 0 0 0 0 0 0 0 0 0 0 0 0 0 0 0 0 0 0 0 0 0 0 0 0 0 0 0 0 0 0 0 0 0 0 0 0 0 0 0 0 0 0 0 0 0 0 0 0 0 0 0 0 0 0 0 0 0 0 0 0 0 0 0 0 
0 1 0 0 0 0 
-256 442 -256 442 -211 428 -189 421 -150 428 -104 435 -54 462 -15 489 27 496 77 489 134 462 176 428 221 401 252 380 307 340 351 299 400 278 444 278 489 299 499 292 499 292 -219 468 -219 468 -175 468 -133 468 -90 472 -40 484 0 496 30 500 86 493 134 478 174 465 230 447 266 434 310 416 351 397 406 385 443 381 500 394 500 394 0 0 0 0 0 0 0 0 0 0 0 0 0 0 0 0 0 0 0 0 0 0 0 0 0 0 0 0 0 0 0 0 0 0 0 0 0 0 0 0 0 0 0 0 0 0 0 0 0 0 0 0 0 0 0 0 0 0 0 0 0 0 0 0 0 0 0 0 0 0 
0 1 0 0 0 0 
-280 318 -217 304 -207 304 -157 313 -87 331 -5 354 40 368 88 377 155 395 167 395 238 404 320 427 369 450 415 468 444 477 475 490 499 500 -262 397 -262 397 -212 389 -203 386 -154 394 -101 408 -16 422 30 431 77 442 139 450 149 450 218 456 300 464 351 473 400 481 434 487 472 492 499 498 0 0 0 0 0 0 0 0 0 0 0 0 0 0 0 0 0 0 0 0 0 0 0 0 0 0 0 0 0 0 0 0 0 0 0 0 0 0 0 0 0 0 0 0 0 0 0 0 0 0 0 0 0 0 0 0 0 0 0 0 0 0 0 0 0 0 0 0 0 0 0 0 0 0 0 0 0 0 0 0 
0 1 0 0 0 0 
-280 447 -262 444 -168 444 -94 426 -70 429 -17 417 17 411 87 405 130 429 175 438 226 441 285 453 339 468 388 471 444 480 467 483 488 489 500 498 -206 357 -206 357 -112 379 -23 370 -1 370 32 375 82 383 128 383 165 387 231 392 265 400 326 413 393 452 425 465 469 478 485 491 499 500 0 0 0 0 0 0 0 0 0 0 0 0 0 0 0 0 0 0 0 0 0 0 0 0 0 0 0 0 0 0 0 0 0 0 0 0 0 0 0 0 0 0 0 0 0 0 0 0 0 0 0 0 0 0 0 0 0 0 0 0 0 0 0 0 0 0 0 0 0 0 0 0 0 0 0 0 0 0 0 0 
0 1 0 0 0 0 
-249 445 -249 445 -173 437 -122 432 -65 429 2 424 55 424 114 427 189 437 201 440 233 445 299 458 346 472 386 480 414 485 441 488 491 498 500 498 -246 378 -167 387 -119 382 -61 378 6 374 62 374 130 387 206 408 215 412 249 425 312 451 360 463 395 472 422 476 449 480 499 497 0 0 0 0 0 0 0 0 0 0 0 0 0 0 0 0 0 0 0 0 0 0 0 0 0 0 0 0 0 0 0 0 0 0 0 0 0 0 0 0 0 0 0 0 0 0 0 0 0 0 0 0 0 0 0 0 0 0 0 0 0 0 0 0 0 0 0 0 0 0 0 0 0 0 0 0 0 0 0 0 0 0 
0 1 0 0 0 0 
-197 445 -181 458 -129 475 -79 489 -20 497 56 493 108 493 170 484 180 484 249 471 308 462 366 454 427 436 447 432 499 423 -200 127 -276 485 -276 485 -210 497 -155 500 -83 494 -11 479 33 473 108 462 120 462 190 453 249 447 317 436 364 433 403 427 456 424 499 424 0 0 0 0 0 0 0 0 0 0 0 0 0 0 0 0 0 0 0 0 0 0 0 0 0 0 0 0 0 0 0 0 0 0 0 0 0 0 0 0 0 0 0 0 0 0 0 0 0 0 0 0 0 0 0 0 0 0 0 0 0 0 0 0 0 0 0 0 0 0 0 0 0 0 0 0 0 0 0 0 0 0 0 0 0 0 
0 1 0 0 0 0 
42 349 42 349 42 349 246 418 246 418 499 500 -180 342 -180 342 -167 361 -124 407 -105 426 -14 469 0 473 125 484 125 484 179 461 250 450 316 446 327 442 360 442 418 446 450 461 487 500 499 426 0 0 0 0 0 0 0 0 0 0 0 0 0 0 0 0 0 0 0 0 0 0 0 0 0 0 0 0 0 0 0 0 0 0 0 0 0 0 0 0 0 0 0 0 0 0 0 0 0 0 0 0 0 0 0 0 0 0 0 0 0 0 0 0 0 0 0 0 0 0 0 0 0 0 0 0 0 0 0 0 0 0 0 0 0 0 0 0 0 0 0 0 0 0 0 0 0 0 0 0 0 0 
0 1 0 0 0 0 
-245 427 -227 440 -205 445 -146 459 -109 459 -40 468 39 490 116 500 500 440 500 440 -249 203 -199 475 -185 468 -154 468 -103 472 -69 479 4 486 74 496 151 499 151 499 252 493 311 486 357 479 368 479 426 468 461 465 484 468 493 468 499 213 499 213 0 0 0 0 0 0 0 0 0 0 0 0 0 0 0 0 0 0 0 0 0 0 0 0 0 0 0 0 0 0 0 0 0 0 0 0 0 0 0 0 0 0 0 0 0 0 0 0 0 0 0 0 0 0 0 0 0 0 0 0 0 0 0 0 0 0 0 0 0 0 0 0 0 0 0 0 0 0 0 0 0 0 0 0 0 0 0 0 0 0 
0 1 0 0 0 0 
-223 160 -210 164 -147 179 -124 187 -69 202 -57 209 40 251 80 282 174 347 213 366 229 377 291 408 313 419 356 446 402 477 422 477 451 484 499 500 -286 259 -276 256 -209 254 -184 254 -113 272 -105 272 -5 289 34 327 130 359 171 375 190 381 251 386 275 386 313 400 370 448 394 456 436 472 500 500 0 0 0 0 0 0 0 0 0 0 0 0 0 0 0 0 0 0 0 0 0 0 0 0 0 0 0 0 0 0 0 0 0 0 0 0 0 0 0 0 0 0 0 0 0 0 0 0 0 0 0 0 0 0 0 0 0 0 0 0 0 0 0 0 0 0 0 0 0 0 0 0 0 0 0 0 0 0 
0 1 0 0 0 0 
-219 496 -205 490 -177 472 -95 435 -41 417 23 404 48 398 131 411 179 411 252 423 289 429 357 441 417 447 466 453 499 478 -280 499 -266 486 -234 469 -136 448 -87 421 -20 408 4 404 87 387 138 380 210 384 256 387 339 408 397 418 428 425 490 442 499 438 0 0 0 0 0 0 0 0 0 0 0 0 0 0 0 0 0 0 0 0 0 0 0 0 0 0 0 0 0 0 0 0 0 0 0 0 0 0 0 0 0 0 0 0 0 0 0 0 0 0 0 0 0 0 0 0 0 0 0 0 0 0 0 0 0 0 0 0 0 0 0 0 0 0 0 0 0 0 0 0 0 0 0 0 0 0 0 0 
0 1 0 0 0 0 
-257 500 -299 208 -284 198 -280 195 -249 182 -206 175 -163 178 -111 185 -8 198 34 198 57 198 87 201 162 208 195 211 229 211 299 225 368 453 390 460 420 466 471 447 499 182 499 182 499 182 -255 500 -242 486 -221 473 -197 453 -153 440 -103 443 -31 447 63 437 103 440 127 437 160 437 222 440 257 443 308 450 374 453 496 437 500 433 0 0 0 0 0 0 0 0 0 0 0 0 0 0 0 0 0 0 0 0 0 0 0 0 0 0 0 0 0 0 0 0 0 0 0 0 0 0 0 0 0 0 0 0 0 0 0 0 0 0 0 0 0 0 0 0 0 0 0 0 0 0 0 0 0 0 0 0 0 0 
0 1 0 0 0 0 
-353 149 -353 149 -321 178 -269 218 -232 244 -167 270 -111 281 -44 277 7 291 28 299 117 485 140 481 177 470 239 463 282 463 333 474 389 489 426 492 478 500 500 496 -176 483 -176 483 -46 483 54 487 156 494 214 494 335 498 459 487 500 480 0 0 0 0 0 0 0 0 0 0 0 0 0 0 0 0 0 0 0 0 0 0 0 0 0 0 0 0 0 0 0 0 0 0 0 0 0 0 0 0 0 0 0 0 0 0 0 0 0 0 0 0 0 0 0 0 0 0 0 0 0 0 0 0 0 0 0 0 0 0 0 0 0 0 0 0 0 0 0 0 0 0 0 0 0 0 0 0 0 0 0 0 
0 1 0 0 0 0 
-341 459 -341 459 -258 479 -204 493 -152 500 -98 500 -43 479 6 439 57 418 113 385 168 358 180 351 248 337 303 344 358 364 406 378 461 385 500 398 500 398 -335 478 -264 495 -205 495 -148 495 -89 498 -37 488 9 475 62 452 135 415 187 396 197 392 254 382 322 392 375 402 425 415 483 425 500 432 0 0 0 0 0 0 0 0 0 0 0 0 0 0 0 0 0 0 0 0 0 0 0 0 0 0 0 0 0 0 0 0 0 0 0 0 0 0 0 0 0 0 0 0 0 0 0 0 0 0 0 0 0 0 0 0 0 0 0 0 0 0 0 0 0 0 0 0 0 0 0 0 0 0 0 0 0 0 
0 1 0 0 0 0 
499 -475 179 -479 177 -460 173 -358 169 -259 165 -157 163 -30 161 53 159 138 157 244 159 373 161 490 404 498 404 498 499 -475 499 -475 463 -352 455 -254 447 -155 439 -51 431 77 431 161 426 246 422 367 404 498 0 0 0 0 0 0 0 0 0 0 0 0 0 0 0 0 0 0 0 0 0 0 0 0 0 0 0 0 0 0 0 0 0 0 0 0 0 0 0 0 0 0 0 0 0 0 0 0 0 0 0 0 0 0 0 0 0 0 0 0 0 0 0 0 0 0 0 0 0 0 0 0 0 0 0 0 0 0 0 0 0 0 0 0 0 0 0 0 0 0 0 0 0 0 0 0 0 0 0 0 
0 0 1 0 0 0 
365 -360 373 -258 386 -178 400 -78 410 2 436 132 471 263 478 363 489 460 500 500 453 -367 453 -367 451 -253 459 -166 465 -88 469 -8 485 123 497 266 500 357 497 450 491 500 0 0 0 0 0 0 0 0 0 0 0 0 0 0 0 0 0 0 0 0 0 0 0 0 0 0 0 0 0 0 0 0 0 0 0 0 0 0 0 0 0 0 0 0 0 0 0 0 0 0 0 0 0 0 0 0 0 0 0 0 0 0 0 0 0 0 0 0 0 0 0 0 0 0 0 0 0 0 0 0 0 0 0 0 0 0 0 0 0 0 0 0 0 0 0 0 0 0 0 0 0 0 0 0 0 0 0 0 
0 0 1 0 0 0 
466 -468 466 -468 463 -361 460 -302 457 -217 457 -156 460 -89 463 -30 466 13 466 82 469 139 475 209 481 283 483 350 489 416 498 479 498 498 498 -446 479 -339 471 -288 466 -205 464 -137 468 -83 468 -17 473 26 475 98 477 155 486 231 486 293 483 363 490 444 477 498 0 0 0 0 0 0 0 0 0 0 0 0 0 0 0 0 0 0 0 0 0 0 0 0 0 0 0 0 0 0 0 0 0 0 0 0 0 0 0 0 0 0 0 0 0 0 0 0 0 0 0 0 0 0 0 0 0 0 0 0 0 0 0 0 0 0 0 0 0 0 0 0 0 0 0 0 0 0 0 0 0 0 0 0 0 0 
0 0 1 0 0 0 
498 -341 221 -354 226 -326 245 -223 247 -179 260 -98 268 45 268 89 274 183 279 271 276 400 276 446 281 498 473 -343 481 -298 495 -190 495 -172 500 -125 500 51 497 101 497 192 500 276 493 395 491 444 475 498 0 0 0 0 0 0 0 0 0 0 0 0 0 0 0 0 0 0 0 0 0 0 0 0 0 0 0 0 0 0 0 0 0 0 0 0 0 0 0 0 0 0 0 0 0 0 0 0 0 0 0 0 0 0 0 0 0 0 0 0 0 0 0 0 0 0 0 0 0 0 0 0 0 0 0 0 0 0 0 0 0 0 0 0 0 0 0 0 0 0 0 0 0 0 0 0 0 0 0 0 
0 0 1 0 0 0 
192 -377 192 -377 202 -303 204 -265 206 -198 210 -131 217 -19 221 73 225 144 229 198 244 284 250 338 265 443 265 459 271 491 498 500 498 500 445 -366 449 -346 455 -288 462 -250 464 -189 466 -133 468 -12 474 77 482 148 488 200 494 286 498 342 496 446 494 461 482 500 0 0 0 0 0 0 0 0 0 0 0 0 0 0 0 0 0 0 0 0 0 0 0 0 0 0 0 0 0 0 0 0 0 0 0 0 0 0 0 0 0 0 0 0 0 0 0 0 0 0 0 0 0 0 0 0 0 0 0 0 0 0 0 0 0 0 0 0 0 0 0 0 0 0 0 0 0 0 0 0 0 0 0 0 0 0 
0 0 1 0 0 0 
445 -445 445 -445 441 -385 443 -269 443 -219 449 -141 458 -70 464 -13 471 61 483 182 486 271 494 369 500 479 498 500 367 -467 382 -383 392 -286 402 -221 414 -159 427 -90 434 -22 441 50 454 168 464 257 488 365 498 498 0 0 0 0 0 0 0 0 0 0 0 0 0 0 0 0 0 0 0 0 0 0 0 0 0 0 0 0 0 0 0 0 0 0 0 0 0 0 0 0 0 0 0 0 0 0 0 0 0 0 0 0 0 0 0 0 0 0 0 0 0 0 0 0 0 0 0 0 0 0 0 0 0 0 0 0 0 0 0 0 0 0 0 0 0 0 0 0 0 0 0 0 0 0 0 0 0 0 
0 0 1 0 0 0 
500 -459 286 -471 286 -439 286 -385 279 -282 273 -209 271 -140 270 -62 264 2 259 66 246 137 235 226 218 329 208 428 200 478 167 500 500 -455 500 -455 500 -405 492 -280 481 -207 474 -129 470 -56 467 2 459 80 452 165 439 290 434 382 428 459 419 500 0 0 0 0 0 0 0 0 0 0 0 0 0 0 0 0 0 0 0 0 0 0 0 0 0 0 0 0 0 0 0 0 0 0 0 0 0 0 0 0 0 0 0 0 0 0 0 0 0 0 0 0 0 0 0 0 0 0 0 0 0 0 0 0 0 0 0 0 0 0 0 0 0 0 0 0 0 0 0 0 0 0 0 0 0 0 0 0 0 0 
0 0 1 0 0 0 
441 -454 197 -443 199 -415 203 -370 205 -292 207 -231 210 -153 214 -88 220 -15 239 112 245 192 254 270 256 316 258 374 250 469 237 500 500 435 500 435 438 -450 438 -450 446 -390 450 -294 452 -240 454 -156 459 -102 471 9 484 126 488 214 492 285 496 345 496 399 498 474 496 500 0 0 0 0 0 0 0 0 0 0 0 0 0 0 0 0 0 0 0 0 0 0 0 0 0 0 0 0 0 0 0 0 0 0 0 0 0 0 0 0 0 0 0 0 0 0 0 0 0 0 0 0 0 0 0 0 0 0 0 0 0 0 0 0 0 0 0 0 0 0 0 0 0 0 0 0 0 0 0 0 0 0 0 0 
0 0 1 0 0 0 
214 -294 222 -271 240 -200 253 -130 261 -83 271 12 281 132 289 271 293 378 293 459 500 500 500 500 477 -286 479 -261 481 -193 485 -127 489 -70 495 29 499 161 499 288 497 395 487 500 0 0 0 0 0 0 0 0 0 0 0 0 0 0 0 0 0 0 0 0 0 0 0 0 0 0 0 0 0 0 0 0 0 0 0 0 0 0 0 0 0 0 0 0 0 0 0 0 0 0 0 0 0 0 0 0 0 0 0 0 0 0 0 0 0 0 0 0 0 0 0 0 0 0 0 0 0 0 0 0 0 0 0 0 0 0 0 0 0 0 0 0 0 0 0 0 0 0 0 0 0 0 0 0 0 0 
0 0 1 0 0 0 
200 -364 200 -364 214 -221 225 -120 235 -38 244 42 252 109 267 154 275 246 284 324 288 371 294 446 315 482 498 478 486 499 456 -362 456 -342 466 -213 471 -117 475 -31 477 53 485 122 489 168 491 248 497 342 499 400 497 451 489 500 0 0 0 0 0 0 0 0 0 0 0 0 0 0 0 0 0 0 0 0 0 0 0 0 0 0 0 0 0 0 0 0 0 0 0 0 0 0 0 0 0 0 0 0 0 0 0 0 0 0 0 0 0 0 0 0 0 0 0 0 0 0 0 0 0 0 0 0 0 0 0 0 0 0 0 0 0 0 0 0 0 0 0 0 0 0 0 0 0 0 0 0 0 0 
0 0 1 0 0 0 
209 -456 218 -430 224 -413 234 -383 249 -339 268 -251 280 -138 288 -12 293 112 295 225 295 285 293 383 299 474 498 500 498 500 468 -445 470 -425 472 -416 474 -398 480 -342 488 -247 492 -144 498 -18 500 112 500 229 494 288 486 385 474 500 0 0 0 0 0 0 0 0 0 0 0 0 0 0 0 0 0 0 0 0 0 0 0 0 0 0 0 0 0 0 0 0 0 0 0 0 0 0 0 0 0 0 0 0 0 0 0 0 0 0 0 0 0 0 0 0 0 0 0 0 0 0 0 0 0 0 0 0 0 0 0 0 0 0 0 0 0 0 0 0 0 0 0 0 0 0 0 0 0 0 0 0 0 0 
0 0 1 0 0 0 
499 -481 499 -481 499 -397 497 -345 493 -300 481 -218 474 -142 467 -58 458 34 440 153 433 213 426 278 421 354 417 438 410 483 400 498 500 -435 498 -409 494 -349 483 -277 469 -199 455 -115 446 -23 439 74 432 178 430 243 428 335 428 409 426 472 426 500 0 0 0 0 0 0 0 0 0 0 0 0 0 0 0 0 0 0 0 0 0 0 0 0 0 0 0 0 0 0 0 0 0 0 0 0 0 0 0 0 0 0 0 0 0 0 0 0 0 0 0 0 0 0 0 0 0 0 0 0 0 0 0 0 0 0 0 0 0 0 0 0 0 0 0 0 0 0 0 0 0 0 0 0 0 0 0 0 0 0 
0 0 1 0 0 0 
417 -454 230 -461 231 -430 231 -411 233 -305 235 -258 241 -169 245 -70 249 23 255 120 259 178 265 237 309 343 298 369 304 423 302 487 298 498 499 447 499 447 417 -451 417 -451 417 -426 411 -325 413 -243 421 -148 430 -52 440 42 454 136 460 198 479 277 487 344 491 382 497 434 499 478 499 498 0 0 0 0 0 0 0 0 0 0 0 0 0 0 0 0 0 0 0 0 0 0 0 0 0 0 0 0 0 0 0 0 0 0 0 0 0 0 0 0 0 0 0 0 0 0 0 0 0 0 0 0 0 0 0 0 0 0 0 0 0 0 0 0 0 0 0 0 0 0 0 0 0 0 0 0 0 0 0 0 
0 0 1 0 0 0 
265 -468 265 -446 263 -391 257 -318 253 -283 248 -224 244 -147 242 -85 242 -8 244 83 248 169 251 235 259 345 265 424 271 498 500 441 500 441 488 -459 488 -459 488 -410 480 -344 467 -284 451 -214 443 -153 439 -83 437 -23 443 72 451 160 467 244 482 358 490 433 500 498 0 0 0 0 0 0 0 0 0 0 0 0 0 0 0 0 0 0 0 0 0 0 0 0 0 0 0 0 0 0 0 0 0 0 0 0 0 0 0 0 0 0 0 0 0 0 0 0 0 0 0 0 0 0 0 0 0 0 0 0 0 0 0 0 0 0 0 0 0 0 0 0 0 0 0 0 0 0 0 0 0 0 0 0 0 0 
0 0 1 0 0 0 
498 -482 498 -482 500 -455 500 -368 494 -297 488 -237 480 -123 477 -36 473 54 471 169 467 306 469 340 461 416 461 469 463 498 500 -482 497 -451 492 -355 481 -283 467 -216 438 -98 431 -19 424 85 422 172 420 299 417 340 413 441 408 500 0 0 0 0 0 0 0 0 0 0 0 0 0 0 0 0 0 0 0 0 0 0 0 0 0 0 0 0 0 0 0 0 0 0 0 0 0 0 0 0 0 0 0 0 0 0 0 0 0 0 0 0 0 0 0 0 0 0 0 0 0 0 0 0 0 0 0 0 0 0 0 0 0 0 0 0 0 0 0 0 0 0 0 0 0 0 0 0 0 0 0 0 0 0 
0 0 1 0 0 0 
500 459 262 500 260 476 250 369 245 284 237 189 231 101 229 59 231 -80 231 -120 215 -258 198 -393 190 -452 449 -466 449 -466 500 498 500 498 472 353 466 313 450 182 449 138 445 12 445 -29 443 -133 435 -266 431 -367 441 -441 0 0 0 0 0 0 0 0 0 0 0 0 0 0 0 0 0 0 0 0 0 0 0 0 0 0 0 0 0 0 0 0 0 0 0 0 0 0 0 0 0 0 0 0 0 0 0 0 0 0 0 0 0 0 0 0 0 0 0 0 0 0 0 0 0 0 0 0 0 0 0 0 0 0 0 0 0 0 0 0 0 0 0 0 0 0 0 0 0 0 0 0 0 0 0 0 
0 0 0 1 0 0 
497 499 497 499 499 421 499 368 493 282 488 196 488 138 483 40 481 -53 480 -154 475 -252 469 -325 473 -434 476 -452 500 500 496 403 493 367 487 280 487 193 490 136 490 37 493 -58 493 -155 490 -245 484 -318 459 -448 0 0 0 0 0 0 0 0 0 0 0 0 0 0 0 0 0 0 0 0 0 0 0 0 0 0 0 0 0 0 0 0 0 0 0 0 0 0 0 0 0 0 0 0 0 0 0 0 0 0 0 0 0 0 0 0 0 0 0 0 0 0 0 0 0 0 0 0 0 0 0 0 0 0 0 0 0 0 0 0 0 0 0 0 0 0 0 0 0 0 0 0 0 0 0 0 0 0 
0 0 0 1 0 0 
498 498 270 492 270 467 276 391 285 268 289 213 295 97 295 61 297 -10 301 -82 301 -169 301 -226 301 -293 268 -336 241 -380 224 -418 457 -372 457 -372 489 498 491 475 497 399 500 272 500 219 497 126 495 71 493 2 491 -69 489 -154 485 -200 473 -279 464 -300 456 -336 448 -365 0 0 0 0 0 0 0 0 0 0 0 0 0 0 0 0 0 0 0 0 0 0 0 0 0 0 0 0 0 0 0 0 0 0 0 0 0 0 0 0 0 0 0 0 0 0 0 0 0 0 0 0 0 0 0 0 0 0 0 0 0 0 0 0 0 0 0 0 0 0 0 0 0 0 0 0 0 0 0 0 0 0 0 0 
0 0 0 1 0 0 
464 500 469 475 469 389 475 274 486 206 489 189 500 96 497 38 486 -48 478 -137 469 -211 464 -290 458 -355 453 -459 498 500 498 500 494 374 492 279 494 205 494 182 494 71 492 0 484 -123 480 -202 475 -261 471 -346 465 -382 0 0 0 0 0 0 0 0 0 0 0 0 0 0 0 0 0 0 0 0 0 0 0 0 0 0 0 0 0 0 0 0 0 0 0 0 0 0 0 0 0 0 0 0 0 0 0 0 0 0 0 0 0 0 0 0 0 0 0 0 0 0 0 0 0 0 0 0 0 0 0 0 0 0 0 0 0 0 0 0 0 0 0 0 0 0 0 0 0 0 0 0 0 0 0 0 
0 0 0 1 0 0 
417 500 417 500 442 437 463 397 470 354 483 254 493 137 500 43 497 -81 495 -181 493 -224 476 -351 461 -410 453 -445 453 -445 451 500 451 500 440 438 451 369 459 303 486 176 498 79 498 -43 490 -132 490 -181 494 -288 494 -423 490 -446 0 0 0 0 0 0 0 0 0 0 0 0 0 0 0 0 0 0 0 0 0 0 0 0 0 0 0 0 0 0 0 0 0 0 0 0 0 0 0 0 0 0 0 0 0 0 0 0 0 0 0 0 0 0 0 0 0 0 0 0 0 0 0 0 0 0 0 0 0 0 0 0 0 0 0 0 0 0 0 0 0 0 0 0 0 0 0 0 0 0 0 0 0 0 
0 0 0 1 0 0 
490 429 230 498 234 472 240 413 253 305 264 214 279 100 294 -66 294 -161 294 -214 283 -310 275 -387 498 -421 498 -421 473 498 477 452 479 404 488 270 492 170 496 62 498 -96 498 -185 492 -293 486 -373 482 -415 0 0 0 0 0 0 0 0 0 0 0 0 0 0 0 0 0 0 0 0 0 0 0 0 0 0 0 0 0 0 0 0 0 0 0 0 0 0 0 0 0 0 0 0 0 0 0 0 0 0 0 0 0 0 0 0 0 0 0 0 0 0 0 0 0 0 0 0 0 0 0 0 0 0 0 0 0 0 0 0 0 0 0 0 0 0 0 0 0 0 0 0 0 0 0 0 0 0 0 0 
0 0 0 1 0 0 
322 500 322 474 328 400 330 353 332 287 335 215 335 82 333 0 330 -76 328 -169 326 -248 322 -302 316 -389 314 -438 499 -446 499 -446 483 498 483 474 486 406 492 319 494 265 500 170 500 46 496 -35 488 -111 481 -208 477 -260 472 -330 466 -398 460 -444 0 0 0 0 0 0 0 0 0 0 0 0 0 0 0 0 0 0 0 0 0 0 0 0 0 0 0 0 0 0 0 0 0 0 0 0 0 0 0 0 0 0 0 0 0 0 0 0 0 0 0 0 0 0 0 0 0 0 0 0 0 0 0 0 0 0 0 0 0 0 0 0 0 0 0 0 0 0 0 0 0 0 0 0 0 0 0 0 0 0 
0 0 0 1 0 0 
287 500 285 473 280 417 276 368 273 268 274 189 280 89 283 34 289 -63 289 -131 291 -189 292 -281 294 -331 300 -427 499 -438 499 -438 497 498 491 475 482 439 466 372 455 270 459 192 475 73 481 26 491 -83 495 -144 497 -211 497 -306 499 -344 495 -425 0 0 0 0 0 0 0 0 0 0 0 0 0 0 0 0 0 0 0 0 0 0 0 0 0 0 0 0 0 0 0 0 0 0 0 0 0 0 0 0 0 0 0 0 0 0 0 0 0 0 0 0 0 0 0 0 0 0 0 0 0 0 0 0 0 0 0 0 0 0 0 0 0 0 0 0 0 0 0 0 0 0 0 0 0 0 0 0 0 0 
0 0 0 1 0 0 
473 500 475 476 479 431 481 372 479 243 479 202 475 112 477 73 479 -12 479 -79 487 -159 487 -245 491 -338 500 -409 208 500 210 478 212 429 222 348 232 227 240 148 242 95 246 38 254 -40 256 -104 258 -210 258 -263 256 -361 252 -451 494 -438 500 -448 0 0 0 0 0 0 0 0 0 0 0 0 0 0 0 0 0 0 0 0 0 0 0 0 0 0 0 0 0 0 0 0 0 0 0 0 0 0 0 0 0 0 0 0 0 0 0 0 0 0 0 0 0 0 0 0 0 0 0 0 0 0 0 0 0 0 0 0 0 0 0 0 0 0 0 0 0 0 0 0 0 0 0 0 0 0 0 0 0 0 
0 0 0 1 0 0 
331 500 327 474 324 404 319 296 313 198 312 142 312 44 308 -56 308 -126 303 -257 300 -364 495 -439 499 -450 500 500 493 473 485 409 472 293 465 215 462 158 457 63 454 -33 450 -99 439 -248 437 -324 0 0 0 0 0 0 0 0 0 0 0 0 0 0 0 0 0 0 0 0 0 0 0 0 0 0 0 0 0 0 0 0 0 0 0 0 0 0 0 0 0 0 0 0 0 0 0 0 0 0 0 0 0 0 0 0 0 0 0 0 0 0 0 0 0 0 0 0 0 0 0 0 0 0 0 0 0 0 0 0 0 0 0 0 0 0 0 0 0 0 0 0 0 0 0 0 0 0 0 0 0 0 
0 0 0 1 0 0 
236 500 236 500 234 414 234 286 233 193 234 108 238 15 240 -2 261 -128 268 -173 276 -231 278 -310 263 -430 500 -418 500 -425 483 498 477 417 471 296 471 231 467 123 471 56 471 8 483 -96 486 -150 494 -206 498 -285 500 -373 0 0 0 0 0 0 0 0 0 0 0 0 0 0 0 0 0 0 0 0 0 0 0 0 0 0 0 0 0 0 0 0 0 0 0 0 0 0 0 0 0 0 0 0 0 0 0 0 0 0 0 0 0 0 0 0 0 0 0 0 0 0 0 0 0 0 0 0 0 0 0 0 0 0 0 0 0 0 0 0 0 0 0 0 0 0 0 0 0 0 0 0 0 0 0 0 
0 0 0 1 0 0 
458 500 476 325 485 178 491 61 494 12 497 -93 500 -213 500 -321 497 -428 497 -458 453 498 453 498 464 324 468 184 475 50 477 33 479 -77 481 -210 483 -305 488 -370 498 -445 498 -445 0 0 0 0 0 0 0 0 0 0 0 0 0 0 0 0 0 0 0 0 0 0 0 0 0 0 0 0 0 0 0 0 0 0 0 0 0 0 0 0 0 0 0 0 0 0 0 0 0 0 0 0 0 0 0 0 0 0 0 0 0 0 0 0 0 0 0 0 0 0 0 0 0 0 0 0 0 0 0 0 0 0 0 0 0 0 0 0 0 0 0 0 0 0 0 0 0 0 0 0 0 0 0 0 0 0 
0 0 0 1 0 0 
500 474 324 498 324 476 322 376 318 246 312 159 294 62 281 -13 272 -113 268 -177 262 -261 258 -343 249 -427 428 -450 429 -454 500 500 500 500 492 379 485 243 476 154 464 61 454 -38 447 -111 442 -163 432 -245 426 -334 426 -415 0 0 0 0 0 0 0 0 0 0 0 0 0 0 0 0 0 0 0 0 0 0 0 0 0 0 0 0 0 0 0 0 0 0 0 0 0 0 0 0 0 0 0 0 0 0 0 0 0 0 0 0 0 0 0 0 0 0 0 0 0 0 0 0 0 0 0 0 0 0 0 0 0 0 0 0 0 0 0 0 0 0 0 0 0 0 0 0 0 0 0 0 0 0 0 0 
0 0 0 1 0 0 
498 500 496 404 496 363 493 272 490 212 488 144 485 87 485 27 483 -31 480 -95 475 -208 470 -265 467 -321 457 -359 444 -448 426 -470 497 500 497 500 499 413 499 368 493 292 489 230 489 177 479 105 477 50 473 -4 469 -65 463 -169 461 -230 457 -283 457 -330 455 -381 465 -451 465 -451 0 0 0 0 0 0 0 0 0 0 0 0 0 0 0 0 0 0 0 0 0 0 0 0 0 0 0 0 0 0 0 0 0 0 0 0 0 0 0 0 0 0 0 0 0 0 0 0 0 0 0 0 0 0 0 0 0 0 0 0 0 0 0 0 0 0 0 0 0 0 0 0 0 0 0 0 0 0 0 0 0 0 
0 0 0 1 0 0 
499 498 499 498 483 370 478 268 491 128 493 90 493 40 499 -54 497 -161 495 -270 487 -337 474 -429 452 500 444 358 444 257 471 139 480 107 492 54 500 -45 500 -152 485 -283 480 -340 0 0 0 0 0 0 0 0 0 0 0 0 0 0 0 0 0 0 0 0 0 0 0 0 0 0 0 0 0 0 0 0 0 0 0 0 0 0 0 0 0 0 0 0 0 0 0 0 0 0 0 0 0 0 0 0 0 0 0 0 0 0 0 0 0 0 0 0 0 0 0 0 0 0 0 0 0 0 0 0 0 0 0 0 0 0 0 0 0 0 0 0 0 0 0 0 0 0 0 0 0 0 0 0 0 0 
0 0 0 1 0 0 
-186 -4 -162 -26 -128 -58 -117 -65 -105 -102 -107 -114 -121 -90 -121 -116 -76 -177 -6 -253 22 -267 72 -279 195 -287 217 -282 314 -243 321 -233 387 -194 401 -165 470 -92 486 -9 498 92 500 194 498 270 432 406 378 457 292 498 306 481 306 481 211 430 160 416 126 401 60 360 17 311 15 304 12 287 -20 221 -55 131 -67 53 -74 24 -64 -161 -14 -245 25 -295 59 -323 116 -352 156 -355 225 -352 279 -342 361 -289 368 -279 429 -219 440 -187 468 -130 495 -28 500 60 500 174 491 261 431 396 374 454 301 498 301 498 -182 381 -244 258 -244 258 -247 120 0 0 0 0 0 0 0 0 0 0 0 0 0 0 0 0 0 0 0 0 0 0 
0 0 0 0 1 0 
-67 -6 -216 73 -216 52 -30 -112 10 -185 12 -190 24 -201 -68 -224 0 -268 87 -307 221 -286 233 -279 317 -256 386 -206 462 -146 482 -66 496 25 499 100 493 183 486 240 427 373 348 451 283 490 235 500 120 474 146 426 146 426 125 389 87 350 80 334 -34 311 -25 282 -44 197 -61 135 -65 119 -80 57 -89 -4 -213 -64 -67 -87 -67 -87 -124 24 -118 -7 -185 -95 -185 -95 7 -256 92 -326 116 -336 284 -321 292 -319 337 -295 420 -231 458 -170 488 -85 499 -12 499 73 494 163 482 243 424 368 355 456 303 492 257 500 152 482 152 482 -110 402 -95 363 -133 -39 0 0 0 0 0 0 0 0 0 0 0 0 0 0 0 0 0 0 
0 0 0 0 1 0 
-33 302 29 -119 97 -170 159 -183 226 -166 299 -129 357 -30 370 47 441 238 441 285 499 499 -26 414 -33 210 -32 176 -158 127 -56 64 -72 35 -69 -23 -24 -129 -10 -146 20 -201 2 -218 98 -278 208 -330 256 -328 309 -311 375 -278 432 -213 452 -170 459 -136 498 -4 499 35 495 86 450 203 446 227 422 294 404 338 364 395 309 462 303 470 258 489 198 498 174 496 104 465 72 431 65 422 22 381 -10 321 -37 249 -51 182 -154 158 -154 47 -151 -9 -56 -74 -56 -76 0 0 0 0 0 0 0 0 0 0 0 0 0 0 0 0 0 0 0 0 0 0 0 0 0 0 0 0 0 0 0 0 0 0 0 0 0 0 0 0 
0 0 0 0 1 0 
-293 233 -293 233 -160 162 -157 143 -136 61 -110 6 -80 -41 -158 -70 -158 -70 88 -196 118 -211 181 -237 203 -246 131 -231 386 -220 406 -207 467 -149 479 -129 499 -81 475 26 475 26 475 26 434 154 436 167 357 319 288 447 256 480 234 488 191 499 182 473 182 473 134 420 83 381 51 359 -9 319 -65 253 -73 242 -105 178 -115 134 -128 44 -136 -17 -123 -61 -121 -61 -175 190 -175 190 -46 -80 19 -155 -38 -174 -38 -174 -38 -174 216 -240 238 -181 238 -181 285 -107 298 -75 456 -64 456 -64 499 105 462 295 384 447 321 493 314 495 276 500 253 497 -239 -43 0 0 0 0 0 0 0 0 0 0 0 0 0 0 0 0 0 0 0 0 
0 0 0 0 1 0 
500 500 57 96 57 96 88 -50 9 -61 9 -61 187 -232 273 -304 289 -315 414 -270 414 -270 451 -213 472 -165 487 -104 499 -45 438 8 438 8 438 8 430 157 431 179 291 500 48 10 48 8 47 74 -70 159 -60 126 -52 56 77 -67 94 -97 106 -123 114 -141 56 -190 176 -298 174 -296 275 -260 279 -250 332 -198 339 -159 351 -85 351 -85 481 -61 491 -5 498 33 499 97 469 224 469 224 457 275 425 340 406 394 367 445 343 458 298 469 176 500 277 463 261 461 238 456 183 425 144 381 120 342 85 268 79 247 54 136 39 48 -57 -23 -57 -23 40 -18 40 -18 0 0 0 0 0 0 0 0 0 0 0 0 0 0 0 0 
0 0 0 0 1 0 
51 -249 65 -249 180 -229 237 -205 255 -185 320 -149 390 -66 395 -53 408 9 419 88 421 202 413 286 499 418 499 418 435 471 362 498 296 491 200 444 200 444 -107 75 -107 49 -98 2 -69 -82 -31 -142 -2 -187 4 -196 47 -244 101 -270 127 -274 174 -277 251 -265 304 -236 350 -206 389 -180 444 -111 460 -90 484 -33 493 37 499 137 488 232 465 319 279 447 236 483 194 500 109 488 31 443 56 400 56 400 33 343 -5 279 -44 206 -48 194 -69 106 -82 2 -84 -82 -79 -123 0 0 0 0 0 0 0 0 0 0 0 0 0 0 0 0 0 0 0 0 0 0 0 0 0 0 0 0 0 0 0 0 0 0 0 0 0 0 
0 0 0 0 1 0 
-105 170 -239 227 -105 170 -102 148 -182 51 -18 -103 0 -133 12 -155 52 -205 122 -259 150 -272 265 -284 325 -274 375 -252 434 -202 479 -150 499 -106 444 -17 437 158 443 235 371 368 328 428 328 428 337 457 235 500 205 495 168 485 104 452 43 418 -111 353 -95 329 -95 329 -69 277 -67 262 -66 207 -81 116 -116 0 -117 -51 -123 170 -93 27 -130 -116 -130 -116 -130 -116 -109 -150 4 -254 12 -257 112 -264 170 -250 241 -222 293 -173 320 -113 494 14 499 128 489 215 456 304 383 410 201 500 -15 363 -15 363 -185 282 -185 282 -186 252 0 0 0 0 0 0 0 0 0 0 0 0 0 0 0 0 0 0 0 0 0 0 0 0 0 0 
0 0 0 0 1 0 
-177 500 -177 500 -107 -88 -90 -102 -90 -102 -73 -117 -73 -117 68 -279 178 -299 293 -230 468 -122 500 -58 496 -29 -59 470 -59 465 -123 154 -118 123 -111 61 -108 39 -91 -115 -71 -188 -19 -264 -1 -284 -1 -284 6 -292 36 -326 156 -377 263 -349 292 -332 285 -304 369 -264 410 -202 410 -202 410 -202 484 -70 493 -47 500 -25 490 118 469 183 428 259 400 309 354 380 346 391 297 450 233 490 183 498 108 470 65 439 46 405 -15 321 -33 264 -75 194 -81 180 -103 112 -233 -22 -233 -22 -118 47 0 0 0 0 0 0 0 0 0 0 0 0 0 0 0 0 0 0 0 0 0 0 0 0 0 0 0 0 0 0 0 0 0 0 0 0 
0 0 0 0 1 0 
-200 66 -200 66 -115 -192 -31 -294 168 -303 228 -345 499 -249 499 -249 479 -213 -192 498 -153 -6 -142 124 -137 83 -131 58 -117 -22 -114 -40 -73 -145 -59 -175 -59 -175 -15 -244 -9 -251 10 -274 10 -274 -3 -335 90 -333 106 -346 120 -353 51 -419 228 -381 220 -386 303 -368 311 -338 383 -287 436 -206 436 -206 436 -206 480 -40 482 -30 491 45 499 132 497 218 478 318 461 363 441 402 383 455 342 473 264 488 215 493 147 498 86 496 45 491 -15 480 -73 445 -97 417 -117 394 -206 320 -200 305 -194 206 -205 96 -217 10 -211 -22 -303 -173 -189 -94 -189 -94 0 0 0 0 0 0 0 0 0 0 0 0 0 0 0 0 0 0 0 0 0 0 
0 0 0 0 1 0 
-209 -108 -117 -326 -36 -446 -36 -446 487 -345 500 -281 188 498 -19 -7 -148 -16 -145 -44 -141 -72 -114 -183 -100 -216 -90 -253 -85 -267 -42 -339 -32 -355 -23 -369 -8 -390 -8 -390 1 -395 13 -402 65 -439 107 -453 165 -451 238 -420 262 -397 330 -346 395 -267 422 -223 477 -86 493 -2 499 81 487 172 459 258 430 309 410 341 379 376 337 411 295 453 247 488 224 495 215 500 78 483 91 490 34 455 11 427 -32 372 -52 330 -56 318 -82 232 -101 167 -116 79 -110 37 -190 -79 0 0 0 0 0 0 0 0 0 0 0 0 0 0 0 0 0 0 0 0 0 0 0 0 0 0 0 0 0 0 0 0 0 0 0 0 0 0 0 0 
0 0 0 0 1 0 
-225 -176 -225 -176 -225 -176 -225 -176 -147 -324 -147 -324 -147 -324 -132 -328 332 -322 396 -235 396 -235 499 150 499 150 499 150 353 427 273 477 273 477 244 488 148 498 16 444 11 440 27 431 -177 71 -175 38 -168 -51 -160 -92 -154 -109 -151 -122 -138 -168 -138 -168 -135 -183 -120 -213 -100 -241 -91 -254 -44 -301 -22 -323 -17 -329 67 -366 107 -368 165 -357 175 -349 244 -323 268 -306 291 -284 332 -241 380 -185 380 -185 380 -185 407 -144 441 -71 475 4 487 51 497 112 497 129 500 181 498 213 462 290 447 321 408 383 385 418 385 418 334 465 318 476 290 491 224 500 100 471 80 459 58 446 -28 422 -27 415 -62 331 -88 278 -112 211 -125 142 -132 60 
0 0 0 0 1 0 
-118 -81 -114 -191 -46 -348 -46 -348 -46 -348 19 -441 19 -441 160 -429 160 -429 160 -429 494 109 494 109 496 133 499 247 369 500 -11 4 -7 -7 -46 -122 -46 -122 -32 -218 -24 -244 0 -331 14 -364 26 -382 26 -382 41 -395 60 -417 76 -432 76 -432 87 -436 113 -441 160 -436 183 -427 210 -421 210 -421 234 -410 281 -373 322 -338 348 -301 390 -242 406 -216 435 -146 459 -87 475 -34 491 17 493 30 499 96 499 183 497 198 464 288 448 318 410 375 392 399 283 434 274 469 244 486 196 500 128 478 85 445 44 410 2 351 -25 307 -50 251 -66 205 -85 146 -91 72 -76 15 -152 -61 -152 -61 -32 -163 -28 -194 0 0 0 0 0 0 0 0 
0 0 0 0 1 0 
-176 104 -162 -50 -101 -175 -65 -245 -36 -293 4 -335 33 -349 109 -370 214 -358 294 -307 337 -256 404 -187 477 -92 488 9 500 127 498 173 490 256 428 425 437 444 218 500 97 400 -4 208 -7 192 -23 83 -27 43 -63 20 -63 20 -47 -116 -8 -238 27 -303 56 -346 79 -366 135 -397 180 -404 253 -393 334 -352 384 -301 429 -244 429 -244 490 -116 493 -78 499 8 499 114 495 152 477 260 418 368 323 420 327 426 281 465 274 467 201 480 176 480 -11 498 -134 384 -49 256 -59 222 -201 204 -201 204 -206 114 -206 47 -90 4 -91 -2 0 0 0 0 0 0 0 0 0 0 0 0 0 0 0 0 0 0 0 0 0 0 0 0 0 0 
0 0 0 0 1 0 
-126 500 -95 45 -92 22 -30 -302 -25 -325 499 -64 -152 490 -152 486 -254 48 -133 61 -137 18 -134 -5 -133 -108 -202 -221 -202 -221 -92 -268 -80 -311 -134 -432 -134 -432 -26 -417 -2 -443 11 -461 62 -484 130 -487 201 -487 270 -481 313 -461 338 -440 385 -399 423 -342 382 -262 492 -190 492 -170 499 -72 494 -2 487 87 464 203 444 288 417 347 372 417 332 445 308 463 256 489 199 500 134 489 72 469 63 463 12 409 -19 373 -56 317 -94 252 -109 216 -134 159 -147 121 -256 12 -256 12 -158 41 -158 30 0 0 0 0 0 0 0 0 0 0 0 0 0 0 0 0 0 0 0 0 0 0 0 0 0 0 0 0 0 0 0 0 0 0 
0 0 0 0 1 0 
-230 68 -230 68 -226 23 -207 -84 -176 -174 -152 -211 -86 -301 -11 -353 40 -377 98 -385 173 -377 255 -344 300 -323 366 -260 383 -228 443 -129 445 -116 483 -12 499 25 470 219 464 239 455 295 402 385 346 450 346 450 291 484 233 497 186 500 95 484 76 463 -54 390 -126 308 -184 234 -199 178 -202 122 -204 -4 -69 -64 -69 -64 -100 2 -97 -22 -77 -114 -36 -216 -22 -247 43 -328 117 -379 139 -384 198 -388 264 -377 332 -346 362 -322 407 -271 437 -218 477 -128 479 -112 497 -8 500 30 483 189 478 233 440 333 416 373 369 430 356 443 297 487 256 498 186 481 135 459 102 443 -15 359 -74 269 -97 203 -108 141 -115 77 -121 -55 0 0 0 0 
0 0 0 0 1 0 
71 -69 68 -34 65 77 77 147 97 216 118 299 147 336 205 406 303 478 433 500 500 339 409 -350 409 -350 375 -360 207 -358 215 -368 -190 9 -190 37 -177 189 -156 233 -135 298 -124 350 -75 380 -11 465 60 499 211 422 271 427 280 430 316 425 388 360 481 191 481 191 499 2 488 -189 481 -241 446 -315 415 -365 400 -420 369 -440 361 -447 236 -462 227 -462 118 -380 115 -380 38 -315 -17 -226 -35 -191 -64 -119 -93 -34 -98 -7 -122 72 0 0 0 0 0 0 0 0 0 0 0 0 0 0 0 0 0 0 0 0 0 0 0 0 0 0 0 0 0 0 0 0 0 0 0 0 0 0 0 0 0 0 0 0 0 0 0 0 
0 0 0 0 0 1 
-132 162 -116 258 -116 258 -93 341 -84 360 -50 418 -2 471 56 495 77 498 89 498 113 498 159 493 192 440 200 424 248 407 447 283 451 272 454 267 461 250 415 176 415 176 398 11 499 -101 486 -146 474 -187 333 -256 279 -349 309 -380 309 -380 237 -410 195 -415 132 -407 90 -396 33 -352 0 -316 -40 -239 -47 -225 -77 -134 -94 -46 -107 11 -125 101 -130 132 -130 134 -267 209 -200 386 -181 408 -67 498 -67 498 -49 498 65 495 267 419 280 414 355 359 319 286 445 242 469 171 499 -5 452 -217 383 -348 377 -356 -261 168 0 0 0 0 0 0 0 0 0 0 0 0 0 0 0 0 0 0 0 0 0 0 0 0 0 0 0 0 
0 0 0 0 0 1 
499 498 -36 82 -22 126 25 239 43 278 66 320 96 373 163 458 205 493 214 499 343 488 363 474 367 470 399 433 308 447 308 447 308 447 499 251 -41 54 -207 116 -201 140 -142 236 -128 278 -110 324 -59 390 0 447 64 495 82 500 194 493 203 491 209 489 218 486 388 388 434 337 431 326 431 326 366 282 496 98 499 19 497 -6 490 -87 461 -179 428 -239 390 -302 352 -335 292 -366 227 -377 191 -372 118 -344 64 -296 17 -252 -28 -188 -70 -114 -94 -72 -118 -10 0 0 0 0 0 0 0 0 0 0 0 0 0 0 0 0 0 0 0 0 0 0 0 0 0 0 0 0 0 0 0 0 0 0 0 0 0 0 0 0 
0 0 0 0 0 1 
-128 4 -121 52 -115 74 -104 126 -53 276 -4 363 42 430 77 467 128 487 189 499 276 475 335 435 356 405 402 340 414 310 461 189 473 159 488 89 497 19 499 -97 493 -213 459 -298 447 -320 432 -355 380 -383 317 -412 289 -425 238 -435 188 -430 97 -405 40 -388 -18 -355 -51 -320 -81 -293 -104 -271 -153 -174 -166 -141 -177 -82 -172 24 -142 124 -132 171 -127 196 -217 62 -217 62 -144 225 -144 225 -66 366 -3 433 52 470 73 482 158 498 252 470 327 412 378 361 405 313 409 301 489 160 491 143 491 111 496 23 499 -106 494 -190 444 -294 432 -313 423 -334 357 -385 315 -403 282 -417 203 -424 142 -415 43 -387 -34 -352 -113 -315 -160 -278 -160 -278 
0 0 0 0 0 1 
-72 39 -75 93 -65 192 -51 220 -34 257 -14 295 63 414 130 468 182 491 242 498 300 482 322 470 337 461 416 384 416 384 358 327 478 262 480 241 488 187 499 84 493 -35 481 -107 462 -173 432 -234 392 -302 355 -334 318 -362 287 -372 222 -386 162 -377 102 -351 85 -337 11 -259 -11 -210 -29 -182 -56 -126 -87 -56 -106 16 -247 241 -247 241 -115 135 -115 135 -186 274 -186 274 -163 304 -46 493 16 480 93 500 183 493 220 473 228 471 316 379 499 214 -107 89 -107 96 0 0 0 0 0 0 0 0 0 0 0 0 0 0 0 0 0 0 0 0 0 0 0 0 0 0 0 0 0 0 0 0 0 0 0 0 0 0 0 0 
0 0 0 0 0 1 
-307 2 -289 32 -279 49 -248 133 -184 238 -140 297 -91 359 -89 364 -27 414 47 466 101 486 174 498 245 498 343 454 408 394 442 292 500 178 498 69 500 -81 454 -215 437 -295 405 -367 387 -397 366 -444 361 -454 287 -486 220 -493 184 -493 130 -491 137 -491 88 -369 71 -334 57 -272 31 -141 4 -49 -4 49 -8 163 -6 238 6 300 6 300 -193 7 -193 7 -172 52 -139 155 -99 223 -34 339 -23 368 1 378 73 434 109 465 167 492 216 500 306 481 367 436 426 350 471 231 497 105 500 0 489 -171 459 -263 439 -360 386 -426 374 -447 365 -460 -2 -484 -106 -297 -125 -239 -134 -173 -181 31 -185 71 -191 178 -193 300 -191 368 -149 442 0 0 
0 0 0 0 0 1 
165 0 165 0 141 91 175 212 187 254 273 372 279 381 366 444 500 500 311 -337 299 -325 7 -113 92 95 94 111 -35 -10 -170 32 -193 74 -199 137 -163 247 -160 262 -81 385 -79 424 -28 463 42 498 198 479 215 487 254 474 283 452 365 361 411 275 416 262 456 170 470 115 493 26 493 -8 499 -67 492 -157 471 -238 463 -262 426 -332 394 -363 350 -398 314 -420 262 -444 200 -444 171 -420 123 -393 86 -367 -78 -273 -78 -273 -34 -190 -92 -61 -90 -54 -210 190 -210 190 -78 146 -78 146 0 0 0 0 0 0 0 0 0 0 0 0 0 0 0 0 0 0 0 0 0 0 0 0 0 0 0 0 0 0 0 0 0 0 0 0 
0 0 0 0 0 1 
-252 19 -252 19 -234 145 -195 227 -177 277 -123 344 -110 363 -39 440 -22 456 52 492 168 500 262 464 329 399 417 284 420 275 487 179 492 148 495 71 499 11 499 -69 460 -220 438 -282 388 -356 373 -373 305 -428 264 -444 231 -447 151 -416 102 -394 14 -339 -53 -308 -88 -279 -151 -224 -208 -153 -230 -90 -234 -9 -236 55 -236 143 -236 210 -94 229 -94 229 -151 2 -148 25 -139 125 -99 235 -83 289 -44 355 -38 365 50 483 50 485 82 491 223 498 293 452 353 398 428 273 431 260 473 143 482 109 496 35 499 -20 499 -89 457 -255 443 -324 404 -378 384 -396 312 -447 273 -460 246 -465 185 -445 130 -409 86 -388 14 -347 -46 -299 -76 -268 -128 -179 
0 0 0 0 0 1 
-40 2 -24 120 -1 199 4 210 36 287 75 349 153 446 168 462 220 489 277 498 493 331 499 319 450 217 450 217 450 195 450 195 452 90 446 -54 450 -145 380 -235 380 -251 320 -310 318 -321 245 -369 229 -369 153 -376 119 -376 -42 -278 -68 -238 -65 -160 -51 -138 -48 174 -218 32 -218 32 -210 156 -173 228 -161 250 -144 326 -75 383 -22 466 -11 490 71 498 115 496 307 346 311 335 476 176 476 176 478 159 490 93 495 54 495 37 499 -65 488 -165 431 -281 430 -291 392 -339 380 -357 318 -394 308 -400 248 -418 214 -418 95 -366 47 -309 -11 -222 -11 -222 -84 -141 -85 -126 -88 -93 -98 41 -92 108 -200 230 -70 198 -70 198 0 0 0 0 
0 0 0 0 0 1 
-229 -109 -229 -109 -235 -43 -237 40 -232 101 -184 219 -176 262 -114 375 -99 407 -39 463 -4 491 67 500 109 487 184 439 243 390 261 375 343 295 420 211 464 140 482 112 495 49 499 -15 479 -109 464 -140 445 -189 374 -295 348 -331 296 -368 234 -400 165 -420 116 -422 19 -398 -57 -362 -72 -349 -150 -269 -214 -129 -222 -105 -230 -51 -235 10 -238 75 -242 114 -105 -116 -118 -82 -131 -22 -134 47 -128 105 -95 232 -83 278 -41 376 -14 436 8 458 67 495 129 500 155 495 252 420 272 404 282 397 363 305 432 210 474 125 484 100 496 38 499 -38 486 -132 473 -159 453 -226 404 -308 363 -363 326 -388 252 -420 207 -429 158 -436 70 -415 15 -392 1 -385 
0 0 0 0 0 1 
-107 -61 -101 -6 -86 95 -57 170 -48 199 -27 256 13 312 89 414 95 419 153 460 254 498 499 -208 471 -253 242 -324 186 -349 138 -346 84 -349 59 -342 -95 -244 24 -301 24 -301 3 -272 3 -272 -125 -68 -122 -47 -269 -8 -266 45 -253 168 -217 216 -208 247 -196 288 -129 369 -58 477 -49 490 7 498 102 492 225 463 241 466 291 452 335 428 400 367 437 306 450 277 475 203 491 135 499 59 495 -19 482 -120 463 -203 341 -205 341 -205 336 -374 278 -398 236 -402 177 -402 169 -400 91 -369 -110 -253 -110 -253 -119 -247 -145 -205 -161 -188 -185 -140 -250 -6 -250 -6 -155 35 -157 78 0 0 0 0 0 0 0 0 0 0 0 0 0 0 0 0 
0 0 0 0 0 1 
-346 77 -319 119 -300 160 -294 176 -240 240 -204 295 -142 347 -125 370 -53 417 34 466 61 479 146 500 279 487 292 481 385 430 406 393 460 295 487 217 499 106 499 -18 441 -215 435 -240 389 -360 368 -398 354 -427 339 -461 331 -466 331 -466 -191 62 -184 87 -177 117 -166 166 -139 226 -101 295 -51 346 -26 385 36 428 98 467 132 491 194 500 300 489 330 478 388 423 426 368 466 275 491 191 500 76 500 -46 460 -204 448 -232 426 -352 342 -461 342 -461 340 -467 340 -467 0 0 0 0 0 0 0 0 0 0 0 0 0 0 0 0 0 0 0 0 0 0 0 0 0 0 0 0 0 0 0 0 0 0 0 0 0 0 0 0 
0 0 0 0 0 1 
460 -486 460 -486 498 -408 448 -264 361 -101 326 -49 300 -3 281 68 266 169 262 277 262 369 266 457 300 500 300 500 499 -408 393 -319 296 -198 150 -3 121 38 106 76 87 137 72 242 67 354 67 453 72 498 0 0 0 0 0 0 0 0 0 0 0 0 0 0 0 0 0 0 0 0 0 0 0 0 0 0 0 0 0 0 0 0 0 0 0 0 0 0 0 0 0 0 0 0 0 0 0 0 0 0 0 0 0 0 0 0 0 0 0 0 0 0 0 0 0 0 0 0 0 0 0 0 0 0 0 0 0 0 0 0 0 0 0 0 0 0 0 0 0 0 0 0 0 0 0 0 0 0 0 0 
0 0 0 0 0 1 
-129 55 -129 55 -68 239 -29 300 38 383 100 441 178 490 211 497 255 497 297 500 424 409 482 341 485 332 488 313 499 174 474 13 456 -37 428 -88 374 -165 328 -211 300 -223 232 -246 186 -255 119 -255 89 -251 33 -218 -23 -158 -47 -125 -87 -60 -114 6 -132 60 -136 74 -155 162 -271 320 -150 230 -150 230 -244 94 -167 253 -94 356 -31 385 17 433 143 498 230 483 500 407 498 354 498 354 -97 185 0 0 0 0 0 0 0 0 0 0 0 0 0 0 0 0 0 0 0 0 0 0 0 0 0 0 0 0 0 0 0 0 0 0 0 0 0 0 0 0 0 0 0 0 0 0 0 0 0 0 0 0 0 0 0 0 
0 0 0 0 0 1 
-253 -61 -245 -25 -208 75 -159 155 -148 183 -80 272 12 373 70 417 96 447 164 488 243 500 367 456 387 444 401 428 455 364 481 321 495 236 499 123 495 -11 432 -123 359 -240 348 -261 290 -321 273 -346 197 -401 133 -424 85 -419 -38 -353 -42 -346 -113 -291 -129 -263 -197 -146 -211 -89 -217 -38 -220 29 -224 100 -225 162 -139 -65 -136 -36 -97 87 -68 151 -53 219 -1 285 85 404 107 421 158 470 206 492 279 500 364 465 390 448 408 431 451 378 486 302 498 217 500 95 484 -53 445 -141 372 -268 369 -280 313 -348 287 -380 217 -424 170 -439 120 -436 24 -387 18 -382 -41 -317 -54 -292 -107 -178 -121 -112 -127 -60 -135 9 -135 85 -136 126 0 0 
0 0 0 0 0 1 
