-186 -4 -162 -26 -128 -58 -117 -65 -105 -102 -107 -114 -121 -90 -121 -116 -76 -177 -6 -253 22 -267 72 -279 195 -287 217 -282 314 -243 321 -233 387 -194 401 -165 470 -92 486 -9 498 92 500 194 498 270 432 406 378 457 292 498 306 481 306 481 211 430 160 416 126 401 60 360 17 311 15 304 12 287 -20 221 -55 131 -67 53 -74 24 -64 -161 -14 -245 25 -295 59 -323 116 -352 156 -355 225 -352 279 -342 361 -289 368 -279 429 -219 440 -187 468 -130 495 -28 500 60 500 174 491 261 431 396 374 454 301 498 301 498 -182 381 -244 258 -244 258 -247 120 0 0 0 0 0 0 0 0 0 0 0 0 0 0 0 0 0 0 0 0 0 0 
0 0 0 0 1 0 
-67 -6 -216 73 -216 52 -30 -112 10 -185 12 -190 24 -201 -68 -224 0 -268 87 -307 221 -286 233 -279 317 -256 386 -206 462 -146 482 -66 496 25 499 100 493 183 486 240 427 373 348 451 283 490 235 500 120 474 146 426 146 426 125 389 87 350 80 334 -34 311 -25 282 -44 197 -61 135 -65 119 -80 57 -89 -4 -213 -64 -67 -87 -67 -87 -124 24 -118 -7 -185 -95 -185 -95 7 -256 92 -326 116 -336 284 -321 292 -319 337 -295 420 -231 458 -170 488 -85 499 -12 499 73 494 163 482 243 424 368 355 456 303 492 257 500 152 482 152 482 -110 402 -95 363 -133 -39 0 0 0 0 0 0 0 0 0 0 0 0 0 0 0 0 0 0 
0 0 0 0 1 0 
-33 302 29 -119 97 -170 159 -183 226 -166 299 -129 357 -30 370 47 441 238 441 285 499 499 -26 414 -33 210 -32 176 -158 127 -56 64 -72 35 -69 -23 -24 -129 -10 -146 20 -201 2 -218 98 -278 208 -330 256 -328 309 -311 375 -278 432 -213 452 -170 459 -136 498 -4 499 35 495 86 450 203 446 227 422 294 404 338 364 395 309 462 303 470 258 489 198 498 174 496 104 465 72 431 65 422 22 381 -10 321 -37 249 -51 182 -154 158 -154 47 -151 -9 -56 -74 -56 -76 0 0 0 0 0 0 0 0 0 0 0 0 0 0 0 0 0 0 0 0 0 0 0 0 0 0 0 0 0 0 0 0 0 0 0 0 0 0 0 0 
0 0 0 0 1 0 
-293 233 -293 233 -160 162 -157 143 -136 61 -110 6 -80 -41 -158 -70 -158 -70 88 -196 118 -211 181 -237 203 -246 131 -231 386 -220 406 -207 467 -149 479 -129 499 -81 475 26 475 26 475 26 434 154 436 167 357 319 288 447 256 480 234 488 191 499 182 473 182 473 134 420 83 381 51 359 -9 319 -65 253 -73 242 -105 178 -115 134 -128 44 -136 -17 -123 -61 -121 -61 -175 190 -175 190 -46 -80 19 -155 -38 -174 -38 -174 -38 -174 216 -240 238 -181 238 -181 285 -107 298 -75 456 -64 456 -64 499 105 462 295 384 447 321 493 314 495 276 500 253 497 -239 -43 0 0 0 0 0 0 0 0 0 0 0 0 0 0 0 0 0 0 0 0 
0 0 0 0 1 0 
500 500 57 96 57 96 88 -50 9 -61 9 -61 187 -232 273 -304 289 -315 414 -270 414 -270 451 -213 472 -165 487 -104 499 -45 438 8 438 8 438 8 430 157 431 179 291 500 48 10 48 8 47 74 -70 159 -60 126 -52 56 77 -67 94 -97 106 -123 114 -141 56 -190 176 -298 174 -296 275 -260 279 -250 332 -198 339 -159 351 -85 351 -85 481 -61 491 -5 498 33 499 97 469 224 469 224 457 275 425 340 406 394 367 445 343 458 298 469 176 500 277 463 261 461 238 456 183 425 144 381 120 342 85 268 79 247 54 136 39 48 -57 -23 -57 -23 40 -18 40 -18 0 0 0 0 0 0 0 0 0 0 0 0 0 0 0 0 
0 0 0 0 1 0 
51 -249 65 -249 180 -229 237 -205 255 -185 320 -149 390 -66 395 -53 408 9 419 88 421 202 413 286 499 418 499 418 435 471 362 498 296 491 200 444 200 444 -107 75 -107 49 -98 2 -69 -82 -31 -142 -2 -187 4 -196 47 -244 101 -270 127 -274 174 -277 251 -265 304 -236 350 -206 389 -180 444 -111 460 -90 484 -33 493 37 499 137 488 232 465 319 279 447 236 483 194 500 109 488 31 443 56 400 56 400 33 343 -5 279 -44 206 -48 194 -69 106 -82 2 -84 -82 -79 -123 0 0 0 0 0 0 0 0 0 0 0 0 0 0 0 0 0 0 0 0 0 0 0 0 0 0 0 0 0 0 0 0 0 0 0 0 0 0 
0 0 0 0 1 0 
-105 170 -239 227 -105 170 -102 148 -182 51 -18 -103 0 -133 12 -155 52 -205 122 -259 150 -272 265 -284 325 -274 375 -252 434 -202 479 -150 499 -106 444 -17 437 158 443 235 371 368 328 428 328 428 337 457 235 500 205 495 168 485 104 452 43 418 -111 353 -95 329 -95 329 -69 277 -67 262 -66 207 -81 116 -116 0 -117 -51 -123 170 -93 27 -130 -116 -130 -116 -130 -116 -109 -150 4 -254 12 -257 112 -264 170 -250 241 -222 293 -173 320 -113 494 14 499 128 489 215 456 304 383 410 201 500 -15 363 -15 363 -185 282 -185 282 -186 252 0 0 0 0 0 0 0 0 0 0 0 0 0 0 0 0 0 0 0 0 0 0 0 0 0 0 
0 0 0 0 1 0 
-177 500 -177 500 -107 -88 -90 -102 -90 -102 -73 -117 -73 -117 68 -279 178 -299 293 -230 468 -122 500 -58 496 -29 -59 470 -59 465 -123 154 -118 123 -111 61 -108 39 -91 -115 -71 -188 -19 -264 -1 -284 -1 -284 6 -292 36 -326 156 -377 263 -349 292 -332 285 -304 369 -264 410 -202 410 -202 410 -202 484 -70 493 -47 500 -25 490 118 469 183 428 259 400 309 354 380 346 391 297 450 233 490 183 498 108 470 65 439 46 405 -15 321 -33 264 -75 194 -81 180 -103 112 -233 -22 -233 -22 -118 47 0 0 0 0 0 0 0 0 0 0 0 0 0 0 0 0 0 0 0 0 0 0 0 0 0 0 0 0 0 0 0 0 0 0 0 0 
0 0 0 0 1 0 
-200 66 -200 66 -115 -192 -31 -294 168 -303 228 -345 499 -249 499 -249 479 -213 -192 498 -153 -6 -142 124 -137 83 -131 58 -117 -22 -114 -40 -73 -145 -59 -175 -59 -175 -15 -244 -9 -251 10 -274 10 -274 -3 -335 90 -333 106 -346 120 -353 51 -419 228 -381 220 -386 303 -368 311 -338 383 -287 436 -206 436 -206 436 -206 480 -40 482 -30 491 45 499 132 497 218 478 318 461 363 441 402 383 455 342 473 264 488 215 493 147 498 86 496 45 491 -15 480 -73 445 -97 417 -117 394 -206 320 -200 305 -194 206 -205 96 -217 10 -211 -22 -303 -173 -189 -94 -189 -94 0 0 0 0 0 0 0 0 0 0 0 0 0 0 0 0 0 0 0 0 0 0 
0 0 0 0 1 0 
-209 -108 -117 -326 -36 -446 -36 -446 487 -345 500 -281 188 498 -19 -7 -148 -16 -145 -44 -141 -72 -114 -183 -100 -216 -90 -253 -85 -267 -42 -339 -32 -355 -23 -369 -8 -390 -8 -390 1 -395 13 -402 65 -439 107 -453 165 -451 238 -420 262 -397 330 -346 395 -267 422 -223 477 -86 493 -2 499 81 487 172 459 258 430 309 410 341 379 376 337 411 295 453 247 488 224 495 215 500 78 483 91 490 34 455 11 427 -32 372 -52 330 -56 318 -82 232 -101 167 -116 79 -110 37 -190 -79 0 0 0 0 0 0 0 0 0 0 0 0 0 0 0 0 0 0 0 0 0 0 0 0 0 0 0 0 0 0 0 0 0 0 0 0 0 0 0 0 
0 0 0 0 1 0 
-225 -176 -225 -176 -225 -176 -225 -176 -147 -324 -147 -324 -147 -324 -132 -328 332 -322 396 -235 396 -235 499 150 499 150 499 150 353 427 273 477 273 477 244 488 148 498 16 444 11 440 27 431 -177 71 -175 38 -168 -51 -160 -92 -154 -109 -151 -122 -138 -168 -138 -168 -135 -183 -120 -213 -100 -241 -91 -254 -44 -301 -22 -323 -17 -329 67 -366 107 -368 165 -357 175 -349 244 -323 268 -306 291 -284 332 -241 380 -185 380 -185 380 -185 407 -144 441 -71 475 4 487 51 497 112 497 129 500 181 498 213 462 290 447 321 408 383 385 418 385 418 334 465 318 476 290 491 224 500 100 471 80 459 58 446 -28 422 -27 415 -62 331 -88 278 -112 211 -125 142 -132 60 
0 0 0 0 1 0 
-118 -81 -114 -191 -46 -348 -46 -348 -46 -348 19 -441 19 -441 160 -429 160 -429 160 -429 494 109 494 109 496 133 499 247 369 500 -11 4 -7 -7 -46 -122 -46 -122 -32 -218 -24 -244 0 -331 14 -364 26 -382 26 -382 41 -395 60 -417 76 -432 76 -432 87 -436 113 -441 160 -436 183 -427 210 -421 210 -421 234 -410 281 -373 322 -338 348 -301 390 -242 406 -216 435 -146 459 -87 475 -34 491 17 493 30 499 96 499 183 497 198 464 288 448 318 410 375 392 399 283 434 274 469 244 486 196 500 128 478 85 445 44 410 2 351 -25 307 -50 251 -66 205 -85 146 -91 72 -76 15 -152 -61 -152 -61 -32 -163 -28 -194 0 0 0 0 0 0 0 0 
0 0 0 0 1 0 
-176 104 -162 -50 -101 -175 -65 -245 -36 -293 4 -335 33 -349 109 -370 214 -358 294 -307 337 -256 404 -187 477 -92 488 9 500 127 498 173 490 256 428 425 437 444 218 500 97 400 -4 208 -7 192 -23 83 -27 43 -63 20 -63 20 -47 -116 -8 -238 27 -303 56 -346 79 -366 135 -397 180 -404 253 -393 334 -352 384 -301 429 -244 429 -244 490 -116 493 -78 499 8 499 114 495 152 477 260 418 368 323 420 327 426 281 465 274 467 201 480 176 480 -11 498 -134 384 -49 256 -59 222 -201 204 -201 204 -206 114 -206 47 -90 4 -91 -2 0 0 0 0 0 0 0 0 0 0 0 0 0 0 0 0 0 0 0 0 0 0 0 0 0 0 
0 0 0 0 1 0 
-126 500 -95 45 -92 22 -30 -302 -25 -325 499 -64 -152 490 -152 486 -254 48 -133 61 -137 18 -134 -5 -133 -108 -202 -221 -202 -221 -92 -268 -80 -311 -134 -432 -134 -432 -26 -417 -2 -443 11 -461 62 -484 130 -487 201 -487 270 -481 313 -461 338 -440 385 -399 423 -342 382 -262 492 -190 492 -170 499 -72 494 -2 487 87 464 203 444 288 417 347 372 417 332 445 308 463 256 489 199 500 134 489 72 469 63 463 12 409 -19 373 -56 317 -94 252 -109 216 -134 159 -147 121 -256 12 -256 12 -158 41 -158 30 0 0 0 0 0 0 0 0 0 0 0 0 0 0 0 0 0 0 0 0 0 0 0 0 0 0 0 0 0 0 0 0 0 0 
0 0 0 0 1 0 
-230 68 -230 68 -226 23 -207 -84 -176 -174 -152 -211 -86 -301 -11 -353 40 -377 98 -385 173 -377 255 -344 300 -323 366 -260 383 -228 443 -129 445 -116 483 -12 499 25 470 219 464 239 455 295 402 385 346 450 346 450 291 484 233 497 186 500 95 484 76 463 -54 390 -126 308 -184 234 -199 178 -202 122 -204 -4 -69 -64 -69 -64 -100 2 -97 -22 -77 -114 -36 -216 -22 -247 43 -328 117 -379 139 -384 198 -388 264 -377 332 -346 362 -322 407 -271 437 -218 477 -128 479 -112 497 -8 500 30 483 189 478 233 440 333 416 373 369 430 356 443 297 487 256 498 186 481 135 459 102 443 -15 359 -74 269 -97 203 -108 141 -115 77 -121 -55 0 0 0 0 
0 0 0 0 1 0 
