71 -69 68 -34 65 77 77 147 97 216 118 299 147 336 205 406 303 478 433 500 500 339 409 -350 409 -350 375 -360 207 -358 215 -368 -190 9 -190 37 -177 189 -156 233 -135 298 -124 350 -75 380 -11 465 60 499 211 422 271 427 280 430 316 425 388 360 481 191 481 191 499 2 488 -189 481 -241 446 -315 415 -365 400 -420 369 -440 361 -447 236 -462 227 -462 118 -380 115 -380 38 -315 -17 -226 -35 -191 -64 -119 -93 -34 -98 -7 -122 72 0 0 0 0 0 0 0 0 0 0 0 0 0 0 0 0 0 0 0 0 0 0 0 0 0 0 0 0 0 0 0 0 0 0 0 0 0 0 0 0 0 0 0 0 0 0 0 0 
0 0 0 0 0 1 
-132 162 -116 258 -116 258 -93 341 -84 360 -50 418 -2 471 56 495 77 498 89 498 113 498 159 493 192 440 200 424 248 407 447 283 451 272 454 267 461 250 415 176 415 176 398 11 499 -101 486 -146 474 -187 333 -256 279 -349 309 -380 309 -380 237 -410 195 -415 132 -407 90 -396 33 -352 0 -316 -40 -239 -47 -225 -77 -134 -94 -46 -107 11 -125 101 -130 132 -130 134 -267 209 -200 386 -181 408 -67 498 -67 498 -49 498 65 495 267 419 280 414 355 359 319 286 445 242 469 171 499 -5 452 -217 383 -348 377 -356 -261 168 0 0 0 0 0 0 0 0 0 0 0 0 0 0 0 0 0 0 0 0 0 0 0 0 0 0 0 0 
0 0 0 0 0 1 
499 498 -36 82 -22 126 25 239 43 278 66 320 96 373 163 458 205 493 214 499 343 488 363 474 367 470 399 433 308 447 308 447 308 447 499 251 -41 54 -207 116 -201 140 -142 236 -128 278 -110 324 -59 390 0 447 64 495 82 500 194 493 203 491 209 489 218 486 388 388 434 337 431 326 431 326 366 282 496 98 499 19 497 -6 490 -87 461 -179 428 -239 390 -302 352 -335 292 -366 227 -377 191 -372 118 -344 64 -296 17 -252 -28 -188 -70 -114 -94 -72 -118 -10 0 0 0 0 0 0 0 0 0 0 0 0 0 0 0 0 0 0 0 0 0 0 0 0 0 0 0 0 0 0 0 0 0 0 0 0 0 0 0 0 
0 0 0 0 0 1 
-128 4 -121 52 -115 74 -104 126 -53 276 -4 363 42 430 77 467 128 487 189 499 276 475 335 435 356 405 402 340 414 310 461 189 473 159 488 89 497 19 499 -97 493 -213 459 -298 447 -320 432 -355 380 -383 317 -412 289 -425 238 -435 188 -430 97 -405 40 -388 -18 -355 -51 -320 -81 -293 -104 -271 -153 -174 -166 -141 -177 -82 -172 24 -142 124 -132 171 -127 196 -217 62 -217 62 -144 225 -144 225 -66 366 -3 433 52 470 73 482 158 498 252 470 327 412 378 361 405 313 409 301 489 160 491 143 491 111 496 23 499 -106 494 -190 444 -294 432 -313 423 -334 357 -385 315 -403 282 -417 203 -424 142 -415 43 -387 -34 -352 -113 -315 -160 -278 -160 -278 
0 0 0 0 0 1 
-72 39 -75 93 -65 192 -51 220 -34 257 -14 295 63 414 130 468 182 491 242 498 300 482 322 470 337 461 416 384 416 384 358 327 478 262 480 241 488 187 499 84 493 -35 481 -107 462 -173 432 -234 392 -302 355 -334 318 -362 287 -372 222 -386 162 -377 102 -351 85 -337 11 -259 -11 -210 -29 -182 -56 -126 -87 -56 -106 16 -247 241 -247 241 -115 135 -115 135 -186 274 -186 274 -163 304 -46 493 16 480 93 500 183 493 220 473 228 471 316 379 499 214 -107 89 -107 96 0 0 0 0 0 0 0 0 0 0 0 0 0 0 0 0 0 0 0 0 0 0 0 0 0 0 0 0 0 0 0 0 0 0 0 0 0 0 0 0 
0 0 0 0 0 1 
-307 2 -289 32 -279 49 -248 133 -184 238 -140 297 -91 359 -89 364 -27 414 47 466 101 486 174 498 245 498 343 454 408 394 442 292 500 178 498 69 500 -81 454 -215 437 -295 405 -367 387 -397 366 -444 361 -454 287 -486 220 -493 184 -493 130 -491 137 -491 88 -369 71 -334 57 -272 31 -141 4 -49 -4 49 -8 163 -6 238 6 300 6 300 -193 7 -193 7 -172 52 -139 155 -99 223 -34 339 -23 368 1 378 73 434 109 465 167 492 216 500 306 481 367 436 426 350 471 231 497 105 500 0 489 -171 459 -263 439 -360 386 -426 374 -447 365 -460 -2 -484 -106 -297 -125 -239 -134 -173 -181 31 -185 71 -191 178 -193 300 -191 368 -149 442 0 0 
0 0 0 0 0 1 
165 0 165 0 141 91 175 212 187 254 273 372 279 381 366 444 500 500 311 -337 299 -325 7 -113 92 95 94 111 -35 -10 -170 32 -193 74 -199 137 -163 247 -160 262 -81 385 -79 424 -28 463 42 498 198 479 215 487 254 474 283 452 365 361 411 275 416 262 456 170 470 115 493 26 493 -8 499 -67 492 -157 471 -238 463 -262 426 -332 394 -363 350 -398 314 -420 262 -444 200 -444 171 -420 123 -393 86 -367 -78 -273 -78 -273 -34 -190 -92 -61 -90 -54 -210 190 -210 190 -78 146 -78 146 0 0 0 0 0 0 0 0 0 0 0 0 0 0 0 0 0 0 0 0 0 0 0 0 0 0 0 0 0 0 0 0 0 0 0 0 
0 0 0 0 0 1 
-252 19 -252 19 -234 145 -195 227 -177 277 -123 344 -110 363 -39 440 -22 456 52 492 168 500 262 464 329 399 417 284 420 275 487 179 492 148 495 71 499 11 499 -69 460 -220 438 -282 388 -356 373 -373 305 -428 264 -444 231 -447 151 -416 102 -394 14 -339 -53 -308 -88 -279 -151 -224 -208 -153 -230 -90 -234 -9 -236 55 -236 143 -236 210 -94 229 -94 229 -151 2 -148 25 -139 125 -99 235 -83 289 -44 355 -38 365 50 483 50 485 82 491 223 498 293 452 353 398 428 273 431 260 473 143 482 109 496 35 499 -20 499 -89 457 -255 443 -324 404 -378 384 -396 312 -447 273 -460 246 -465 185 -445 130 -409 86 -388 14 -347 -46 -299 -76 -268 -128 -179 
0 0 0 0 0 1 
-40 2 -24 120 -1 199 4 210 36 287 75 349 153 446 168 462 220 489 277 498 493 331 499 319 450 217 450 217 450 195 450 195 452 90 446 -54 450 -145 380 -235 380 -251 320 -310 318 -321 245 -369 229 -369 153 -376 119 -376 -42 -278 -68 -238 -65 -160 -51 -138 -48 174 -218 32 -218 32 -210 156 -173 228 -161 250 -144 326 -75 383 -22 466 -11 490 71 498 115 496 307 346 311 335 476 176 476 176 478 159 490 93 495 54 495 37 499 -65 488 -165 431 -281 430 -291 392 -339 380 -357 318 -394 308 -400 248 -418 214 -418 95 -366 47 -309 -11 -222 -11 -222 -84 -141 -85 -126 -88 -93 -98 41 -92 108 -200 230 -70 198 -70 198 0 0 0 0 
0 0 0 0 0 1 
-229 -109 -229 -109 -235 -43 -237 40 -232 101 -184 219 -176 262 -114 375 -99 407 -39 463 -4 491 67 500 109 487 184 439 243 390 261 375 343 295 420 211 464 140 482 112 495 49 499 -15 479 -109 464 -140 445 -189 374 -295 348 -331 296 -368 234 -400 165 -420 116 -422 19 -398 -57 -362 -72 -349 -150 -269 -214 -129 -222 -105 -230 -51 -235 10 -238 75 -242 114 -105 -116 -118 -82 -131 -22 -134 47 -128 105 -95 232 -83 278 -41 376 -14 436 8 458 67 495 129 500 155 495 252 420 272 404 282 397 363 305 432 210 474 125 484 100 496 38 499 -38 486 -132 473 -159 453 -226 404 -308 363 -363 326 -388 252 -420 207 -429 158 -436 70 -415 15 -392 1 -385 
0 0 0 0 0 1 
-107 -61 -101 -6 -86 95 -57 170 -48 199 -27 256 13 312 89 414 95 419 153 460 254 498 499 -208 471 -253 242 -324 186 -349 138 -346 84 -349 59 -342 -95 -244 24 -301 24 -301 3 -272 3 -272 -125 -68 -122 -47 -269 -8 -266 45 -253 168 -217 216 -208 247 -196 288 -129 369 -58 477 -49 490 7 498 102 492 225 463 241 466 291 452 335 428 400 367 437 306 450 277 475 203 491 135 499 59 495 -19 482 -120 463 -203 341 -205 341 -205 336 -374 278 -398 236 -402 177 -402 169 -400 91 -369 -110 -253 -110 -253 -119 -247 -145 -205 -161 -188 -185 -140 -250 -6 -250 -6 -155 35 -157 78 0 0 0 0 0 0 0 0 0 0 0 0 0 0 0 0 
0 0 0 0 0 1 
-346 77 -319 119 -300 160 -294 176 -240 240 -204 295 -142 347 -125 370 -53 417 34 466 61 479 146 500 279 487 292 481 385 430 406 393 460 295 487 217 499 106 499 -18 441 -215 435 -240 389 -360 368 -398 354 -427 339 -461 331 -466 331 -466 -191 62 -184 87 -177 117 -166 166 -139 226 -101 295 -51 346 -26 385 36 428 98 467 132 491 194 500 300 489 330 478 388 423 426 368 466 275 491 191 500 76 500 -46 460 -204 448 -232 426 -352 342 -461 342 -461 340 -467 340 -467 0 0 0 0 0 0 0 0 0 0 0 0 0 0 0 0 0 0 0 0 0 0 0 0 0 0 0 0 0 0 0 0 0 0 0 0 0 0 0 0 
0 0 0 0 0 1 
460 -486 460 -486 498 -408 448 -264 361 -101 326 -49 300 -3 281 68 266 169 262 277 262 369 266 457 300 500 300 500 499 -408 393 -319 296 -198 150 -3 121 38 106 76 87 137 72 242 67 354 67 453 72 498 0 0 0 0 0 0 0 0 0 0 0 0 0 0 0 0 0 0 0 0 0 0 0 0 0 0 0 0 0 0 0 0 0 0 0 0 0 0 0 0 0 0 0 0 0 0 0 0 0 0 0 0 0 0 0 0 0 0 0 0 0 0 0 0 0 0 0 0 0 0 0 0 0 0 0 0 0 0 0 0 0 0 0 0 0 0 0 0 0 0 0 0 0 0 0 0 0 0 0 0 
0 0 0 0 0 1 
-129 55 -129 55 -68 239 -29 300 38 383 100 441 178 490 211 497 255 497 297 500 424 409 482 341 485 332 488 313 499 174 474 13 456 -37 428 -88 374 -165 328 -211 300 -223 232 -246 186 -255 119 -255 89 -251 33 -218 -23 -158 -47 -125 -87 -60 -114 6 -132 60 -136 74 -155 162 -271 320 -150 230 -150 230 -244 94 -167 253 -94 356 -31 385 17 433 143 498 230 483 500 407 498 354 498 354 -97 185 0 0 0 0 0 0 0 0 0 0 0 0 0 0 0 0 0 0 0 0 0 0 0 0 0 0 0 0 0 0 0 0 0 0 0 0 0 0 0 0 0 0 0 0 0 0 0 0 0 0 0 0 0 0 0 0 
0 0 0 0 0 1 
-253 -61 -245 -25 -208 75 -159 155 -148 183 -80 272 12 373 70 417 96 447 164 488 243 500 367 456 387 444 401 428 455 364 481 321 495 236 499 123 495 -11 432 -123 359 -240 348 -261 290 -321 273 -346 197 -401 133 -424 85 -419 -38 -353 -42 -346 -113 -291 -129 -263 -197 -146 -211 -89 -217 -38 -220 29 -224 100 -225 162 -139 -65 -136 -36 -97 87 -68 151 -53 219 -1 285 85 404 107 421 158 470 206 492 279 500 364 465 390 448 408 431 451 378 486 302 498 217 500 95 484 -53 445 -141 372 -268 369 -280 313 -348 287 -380 217 -424 170 -439 120 -436 24 -387 18 -382 -41 -317 -54 -292 -107 -178 -121 -112 -127 -60 -135 9 -135 85 -136 126 0 0 
0 0 0 0 0 1 
