-218 142 -218 142 -175 100 -142 89 -69 85 13 82 77 64 87 71 151 67 227 67 275 75 340 82 409 85 465 103 499 146 499 500 499 500 -266 489 -249 482 -177 457 -97 450 27 375 46 439 63 407 140 400 202 364 260 450 309 453 377 457 443 471 499 500 0 0 0 0 0 0 0 0 0 0 0 0 0 0 0 0 0 0 0 0 0 0 0 0 0 0 0 0 0 0 0 0 0 0 0 0 0 0 0 0 0 0 0 0 0 0 0 0 0 0 0 0 0 0 0 0 0 0 0 0 0 0 0 0 0 0 0 0 0 0 0 0 0 0 0 0 0 0 0 0 0 0 0 0 0 0 0 0 
0 1 0 0 0 0 
-200 500 -187 495 -84 467 -6 449 65 444 101 435 198 416 245 407 326 402 362 412 426 425 455 449 461 453 479 462 496 467 500 472 -266 498 -266 498 -154 480 -58 467 19 449 63 390 163 372 207 356 287 350 321 353 392 335 426 415 440 430 459 446 486 458 500 464 500 464 0 0 0 0 0 0 0 0 0 0 0 0 0 0 0 0 0 0 0 0 0 0 0 0 0 0 0 0 0 0 0 0 0 0 0 0 0 0 0 0 0 0 0 0 0 0 0 0 0 0 0 0 0 0 0 0 0 0 0 0 0 0 0 0 0 0 0 0 0 0 0 0 0 0 0 0 0 0 0 0 0 0 0 0 
0 1 0 0 0 0 
-143 324 -132 329 -65 340 -45 340 6 335 51 340 147 366 202 397 257 413 291 429 352 450 390 455 432 465 500 497 -144 72 -254 414 -254 414 -172 407 -159 414 -117 407 -61 392 16 421 59 440 130 469 159 469 226 483 260 480 314 480 369 487 410 494 453 498 499 498 0 0 0 0 0 0 0 0 0 0 0 0 0 0 0 0 0 0 0 0 0 0 0 0 0 0 0 0 0 0 0 0 0 0 0 0 0 0 0 0 0 0 0 0 0 0 0 0 0 0 0 0 0 0 0 0 0 0 0 0 0 0 0 0 0 0 0 0 0 0 0 0 0 0 0 0 0 0 0 0 0 0 0 0 0 0 
0 1 0 0 0 0 
-256 442 -256 442 -211 428 -189 421 -150 428 -104 435 -54 462 -15 489 27 496 77 489 134 462 176 428 221 401 252 380 307 340 351 299 400 278 444 278 489 299 499 292 499 292 -219 468 -219 468 -175 468 -133 468 -90 472 -40 484 0 496 30 500 86 493 134 478 174 465 230 447 266 434 310 416 351 397 406 385 443 381 500 394 500 394 0 0 0 0 0 0 0 0 0 0 0 0 0 0 0 0 0 0 0 0 0 0 0 0 0 0 0 0 0 0 0 0 0 0 0 0 0 0 0 0 0 0 0 0 0 0 0 0 0 0 0 0 0 0 0 0 0 0 0 0 0 0 0 0 0 0 0 0 0 0 
0 1 0 0 0 0 
-280 318 -217 304 -207 304 -157 313 -87 331 -5 354 40 368 88 377 155 395 167 395 238 404 320 427 369 450 415 468 444 477 475 490 499 500 -262 397 -262 397 -212 389 -203 386 -154 394 -101 408 -16 422 30 431 77 442 139 450 149 450 218 456 300 464 351 473 400 481 434 487 472 492 499 498 0 0 0 0 0 0 0 0 0 0 0 0 0 0 0 0 0 0 0 0 0 0 0 0 0 0 0 0 0 0 0 0 0 0 0 0 0 0 0 0 0 0 0 0 0 0 0 0 0 0 0 0 0 0 0 0 0 0 0 0 0 0 0 0 0 0 0 0 0 0 0 0 0 0 0 0 0 0 0 0 
0 1 0 0 0 0 
-280 447 -262 444 -168 444 -94 426 -70 429 -17 417 17 411 87 405 130 429 175 438 226 441 285 453 339 468 388 471 444 480 467 483 488 489 500 498 -206 357 -206 357 -112 379 -23 370 -1 370 32 375 82 383 128 383 165 387 231 392 265 400 326 413 393 452 425 465 469 478 485 491 499 500 0 0 0 0 0 0 0 0 0 0 0 0 0 0 0 0 0 0 0 0 0 0 0 0 0 0 0 0 0 0 0 0 0 0 0 0 0 0 0 0 0 0 0 0 0 0 0 0 0 0 0 0 0 0 0 0 0 0 0 0 0 0 0 0 0 0 0 0 0 0 0 0 0 0 0 0 0 0 0 0 
0 1 0 0 0 0 
-249 445 -249 445 -173 437 -122 432 -65 429 2 424 55 424 114 427 189 437 201 440 233 445 299 458 346 472 386 480 414 485 441 488 491 498 500 498 -246 378 -167 387 -119 382 -61 378 6 374 62 374 130 387 206 408 215 412 249 425 312 451 360 463 395 472 422 476 449 480 499 497 0 0 0 0 0 0 0 0 0 0 0 0 0 0 0 0 0 0 0 0 0 0 0 0 0 0 0 0 0 0 0 0 0 0 0 0 0 0 0 0 0 0 0 0 0 0 0 0 0 0 0 0 0 0 0 0 0 0 0 0 0 0 0 0 0 0 0 0 0 0 0 0 0 0 0 0 0 0 0 0 0 0 
0 1 0 0 0 0 
-197 445 -181 458 -129 475 -79 489 -20 497 56 493 108 493 170 484 180 484 249 471 308 462 366 454 427 436 447 432 499 423 -200 127 -276 485 -276 485 -210 497 -155 500 -83 494 -11 479 33 473 108 462 120 462 190 453 249 447 317 436 364 433 403 427 456 424 499 424 0 0 0 0 0 0 0 0 0 0 0 0 0 0 0 0 0 0 0 0 0 0 0 0 0 0 0 0 0 0 0 0 0 0 0 0 0 0 0 0 0 0 0 0 0 0 0 0 0 0 0 0 0 0 0 0 0 0 0 0 0 0 0 0 0 0 0 0 0 0 0 0 0 0 0 0 0 0 0 0 0 0 0 0 0 0 
0 1 0 0 0 0 
42 349 42 349 42 349 246 418 246 418 499 500 -180 342 -180 342 -167 361 -124 407 -105 426 -14 469 0 473 125 484 125 484 179 461 250 450 316 446 327 442 360 442 418 446 450 461 487 500 499 426 0 0 0 0 0 0 0 0 0 0 0 0 0 0 0 0 0 0 0 0 0 0 0 0 0 0 0 0 0 0 0 0 0 0 0 0 0 0 0 0 0 0 0 0 0 0 0 0 0 0 0 0 0 0 0 0 0 0 0 0 0 0 0 0 0 0 0 0 0 0 0 0 0 0 0 0 0 0 0 0 0 0 0 0 0 0 0 0 0 0 0 0 0 0 0 0 0 0 0 0 0 0 
0 1 0 0 0 0 
-245 427 -227 440 -205 445 -146 459 -109 459 -40 468 39 490 116 500 500 440 500 440 -249 203 -199 475 -185 468 -154 468 -103 472 -69 479 4 486 74 496 151 499 151 499 252 493 311 486 357 479 368 479 426 468 461 465 484 468 493 468 499 213 499 213 0 0 0 0 0 0 0 0 0 0 0 0 0 0 0 0 0 0 0 0 0 0 0 0 0 0 0 0 0 0 0 0 0 0 0 0 0 0 0 0 0 0 0 0 0 0 0 0 0 0 0 0 0 0 0 0 0 0 0 0 0 0 0 0 0 0 0 0 0 0 0 0 0 0 0 0 0 0 0 0 0 0 0 0 0 0 0 0 0 0 
0 1 0 0 0 0 
-223 160 -210 164 -147 179 -124 187 -69 202 -57 209 40 251 80 282 174 347 213 366 229 377 291 408 313 419 356 446 402 477 422 477 451 484 499 500 -286 259 -276 256 -209 254 -184 254 -113 272 -105 272 -5 289 34 327 130 359 171 375 190 381 251 386 275 386 313 400 370 448 394 456 436 472 500 500 0 0 0 0 0 0 0 0 0 0 0 0 0 0 0 0 0 0 0 0 0 0 0 0 0 0 0 0 0 0 0 0 0 0 0 0 0 0 0 0 0 0 0 0 0 0 0 0 0 0 0 0 0 0 0 0 0 0 0 0 0 0 0 0 0 0 0 0 0 0 0 0 0 0 0 0 0 0 
0 1 0 0 0 0 
-219 496 -205 490 -177 472 -95 435 -41 417 23 404 48 398 131 411 179 411 252 423 289 429 357 441 417 447 466 453 499 478 -280 499 -266 486 -234 469 -136 448 -87 421 -20 408 4 404 87 387 138 380 210 384 256 387 339 408 397 418 428 425 490 442 499 438 0 0 0 0 0 0 0 0 0 0 0 0 0 0 0 0 0 0 0 0 0 0 0 0 0 0 0 0 0 0 0 0 0 0 0 0 0 0 0 0 0 0 0 0 0 0 0 0 0 0 0 0 0 0 0 0 0 0 0 0 0 0 0 0 0 0 0 0 0 0 0 0 0 0 0 0 0 0 0 0 0 0 0 0 0 0 0 0 
0 1 0 0 0 0 
-257 500 -299 208 -284 198 -280 195 -249 182 -206 175 -163 178 -111 185 -8 198 34 198 57 198 87 201 162 208 195 211 229 211 299 225 368 453 390 460 420 466 471 447 499 182 499 182 499 182 -255 500 -242 486 -221 473 -197 453 -153 440 -103 443 -31 447 63 437 103 440 127 437 160 437 222 440 257 443 308 450 374 453 496 437 500 433 0 0 0 0 0 0 0 0 0 0 0 0 0 0 0 0 0 0 0 0 0 0 0 0 0 0 0 0 0 0 0 0 0 0 0 0 0 0 0 0 0 0 0 0 0 0 0 0 0 0 0 0 0 0 0 0 0 0 0 0 0 0 0 0 0 0 0 0 0 0 
0 1 0 0 0 0 
-353 149 -353 149 -321 178 -269 218 -232 244 -167 270 -111 281 -44 277 7 291 28 299 117 485 140 481 177 470 239 463 282 463 333 474 389 489 426 492 478 500 500 496 -176 483 -176 483 -46 483 54 487 156 494 214 494 335 498 459 487 500 480 0 0 0 0 0 0 0 0 0 0 0 0 0 0 0 0 0 0 0 0 0 0 0 0 0 0 0 0 0 0 0 0 0 0 0 0 0 0 0 0 0 0 0 0 0 0 0 0 0 0 0 0 0 0 0 0 0 0 0 0 0 0 0 0 0 0 0 0 0 0 0 0 0 0 0 0 0 0 0 0 0 0 0 0 0 0 0 0 0 0 0 0 
0 1 0 0 0 0 
-341 459 -341 459 -258 479 -204 493 -152 500 -98 500 -43 479 6 439 57 418 113 385 168 358 180 351 248 337 303 344 358 364 406 378 461 385 500 398 500 398 -335 478 -264 495 -205 495 -148 495 -89 498 -37 488 9 475 62 452 135 415 187 396 197 392 254 382 322 392 375 402 425 415 483 425 500 432 0 0 0 0 0 0 0 0 0 0 0 0 0 0 0 0 0 0 0 0 0 0 0 0 0 0 0 0 0 0 0 0 0 0 0 0 0 0 0 0 0 0 0 0 0 0 0 0 0 0 0 0 0 0 0 0 0 0 0 0 0 0 0 0 0 0 0 0 0 0 0 0 0 0 0 0 0 0 
0 1 0 0 0 0 
