-75 498 -81 470 -86 404 -86 322 -67 171 -48 76 -26 -15 10 -145 18 -161 43 -225 64 -265 109 -327 147 -352 211 -375 273 -363 336 -304 370 -258 417 -163 442 -81 460 17 475 125 488 209 496 268 499 347 0 0 0 0 0 0 0 0 0 0 0 0 0 0 0 0 0 0 0 0 0 0 0 0 0 0 0 0 0 0 0 0 0 0 0 0 0 0 0 0 0 0 0 0 0 0 0 0 0 0 0 0 0 0 0 0 0 0 0 0 0 0 0 0 0 0 0 0 0 0 0 0 0 0 0 0 0 0 0 0 0 0 0 0 0 0 0 0 0 0 0 0 0 0 0 0 0 0 0 0 0 0 
0 0 0 0 0 0 0 0 1 0 0 0 0 0 
-125 498 -134 472 -143 436 -154 303 -145 147 -124 23 -107 -50 -81 -131 -57 -186 -6 -272 48 -312 77 -329 124 -348 178 -355 272 -334 310 -310 367 -241 387 -210 431 -124 455 -71 479 9 491 112 497 195 499 310 491 408 0 0 0 0 0 0 0 0 0 0 0 0 0 0 0 0 0 0 0 0 0 0 0 0 0 0 0 0 0 0 0 0 0 0 0 0 0 0 0 0 0 0 0 0 0 0 0 0 0 0 0 0 0 0 0 0 0 0 0 0 0 0 0 0 0 0 0 0 0 0 0 0 0 0 0 0 0 0 0 0 0 0 0 0 0 0 0 0 0 0 0 0 0 0 0 0 0 0 0 0 
0 0 0 0 0 0 0 0 1 0 0 0 0 0 
-93 498 -96 477 -107 402 -112 306 -112 248 -104 131 -95 53 -75 -37 -61 -81 -33 -149 -15 -187 30 -266 55 -295 103 -339 156 -353 229 -337 267 -323 300 -309 361 -245 383 -215 429 -131 453 -49 466 0 484 121 492 203 500 309 500 395 0 0 0 0 0 0 0 0 0 0 0 0 0 0 0 0 0 0 0 0 0 0 0 0 0 0 0 0 0 0 0 0 0 0 0 0 0 0 0 0 0 0 0 0 0 0 0 0 0 0 0 0 0 0 0 0 0 0 0 0 0 0 0 0 0 0 0 0 0 0 0 0 0 0 0 0 0 0 0 0 0 0 0 0 0 0 0 0 0 0 0 0 0 0 0 0 
0 0 0 0 0 0 0 0 1 0 0 0 0 0 
-85 498 -91 456 -99 364 -97 283 -91 185 -78 78 -62 10 -49 -31 -22 -106 6 -157 36 -202 89 -243 134 -262 200 -255 255 -243 308 -228 369 -196 394 -170 446 -93 462 -59 484 23 492 93 499 170 497 247 492 328 0 0 0 0 0 0 0 0 0 0 0 0 0 0 0 0 0 0 0 0 0 0 0 0 0 0 0 0 0 0 0 0 0 0 0 0 0 0 0 0 0 0 0 0 0 0 0 0 0 0 0 0 0 0 0 0 0 0 0 0 0 0 0 0 0 0 0 0 0 0 0 0 0 0 0 0 0 0 0 0 0 0 0 0 0 0 0 0 0 0 0 0 0 0 0 0 0 0 0 0 
0 0 0 0 0 0 0 0 1 0 0 0 0 0 
-175 500 -181 471 -189 389 -191 349 -191 275 -185 150 -173 69 -154 -28 -140 -74 -102 -167 -63 -239 -43 -272 4 -322 47 -354 98 -370 175 -366 256 -337 301 -308 362 -241 392 -193 427 -119 451 -57 464 -11 475 69 486 172 496 251 499 327 0 0 0 0 0 0 0 0 0 0 0 0 0 0 0 0 0 0 0 0 0 0 0 0 0 0 0 0 0 0 0 0 0 0 0 0 0 0 0 0 0 0 0 0 0 0 0 0 0 0 0 0 0 0 0 0 0 0 0 0 0 0 0 0 0 0 0 0 0 0 0 0 0 0 0 0 0 0 0 0 0 0 0 0 0 0 0 0 0 0 0 0 0 0 0 0 
0 0 0 0 0 0 0 0 1 0 0 0 0 0 
-133 499 -143 461 -153 398 -156 283 -147 167 -128 67 -108 -26 -86 -89 -69 -133 -38 -184 6 -245 35 -269 68 -288 126 -303 182 -296 239 -283 284 -257 332 -203 373 -143 407 -70 424 -29 450 60 475 150 487 199 500 271 489 364 0 0 0 0 0 0 0 0 0 0 0 0 0 0 0 0 0 0 0 0 0 0 0 0 0 0 0 0 0 0 0 0 0 0 0 0 0 0 0 0 0 0 0 0 0 0 0 0 0 0 0 0 0 0 0 0 0 0 0 0 0 0 0 0 0 0 0 0 0 0 0 0 0 0 0 0 0 0 0 0 0 0 0 0 0 0 0 0 0 0 0 0 0 0 0 0 0 0 
0 0 0 0 0 0 0 0 1 0 0 0 0 0 
-81 500 -92 458 -98 411 -105 312 -106 221 -103 98 -91 -4 -74 -81 -60 -130 -26 -211 -7 -248 38 -300 80 -332 109 -347 162 -359 234 -342 268 -327 312 -298 360 -246 409 -172 428 -130 457 -41 476 27 491 105 497 160 499 251 497 337 0 0 0 0 0 0 0 0 0 0 0 0 0 0 0 0 0 0 0 0 0 0 0 0 0 0 0 0 0 0 0 0 0 0 0 0 0 0 0 0 0 0 0 0 0 0 0 0 0 0 0 0 0 0 0 0 0 0 0 0 0 0 0 0 0 0 0 0 0 0 0 0 0 0 0 0 0 0 0 0 0 0 0 0 0 0 0 0 0 0 0 0 0 0 0 0 
0 0 0 0 0 0 0 0 1 0 0 0 0 0 
-105 498 -111 470 -124 373 -128 317 -127 197 -124 134 -114 27 -94 -88 -73 -174 -58 -220 -26 -290 13 -350 38 -373 81 -394 128 -399 191 -385 229 -366 272 -341 336 -292 375 -250 408 -211 436 -160 459 -102 477 -37 491 34 499 113 499 197 490 271 0 0 0 0 0 0 0 0 0 0 0 0 0 0 0 0 0 0 0 0 0 0 0 0 0 0 0 0 0 0 0 0 0 0 0 0 0 0 0 0 0 0 0 0 0 0 0 0 0 0 0 0 0 0 0 0 0 0 0 0 0 0 0 0 0 0 0 0 0 0 0 0 0 0 0 0 0 0 0 0 0 0 0 0 0 0 0 0 0 0 0 0 0 0 
0 0 0 0 0 0 0 0 1 0 0 0 0 0 
-45 500 -47 473 -50 382 -50 286 -44 166 -33 66 -13 -34 0 -83 21 -151 36 -193 59 -254 85 -286 120 -313 162 -325 220 -316 275 -296 328 -267 378 -220 404 -196 436 -149 462 -100 481 -36 493 41 500 149 500 235 495 321 486 394 0 0 0 0 0 0 0 0 0 0 0 0 0 0 0 0 0 0 0 0 0 0 0 0 0 0 0 0 0 0 0 0 0 0 0 0 0 0 0 0 0 0 0 0 0 0 0 0 0 0 0 0 0 0 0 0 0 0 0 0 0 0 0 0 0 0 0 0 0 0 0 0 0 0 0 0 0 0 0 0 0 0 0 0 0 0 0 0 0 0 0 0 0 0 0 0 
0 0 0 0 0 0 0 0 1 0 0 0 0 0 
-125 500 -133 478 -143 422 -143 307 -137 248 -125 164 -104 51 -91 4 -65 -77 -39 -136 -11 -187 26 -258 57 -291 94 -321 150 -340 202 -342 254 -328 326 -284 352 -255 400 -201 441 -115 467 -51 482 -4 496 65 500 152 496 227 0 0 0 0 0 0 0 0 0 0 0 0 0 0 0 0 0 0 0 0 0 0 0 0 0 0 0 0 0 0 0 0 0 0 0 0 0 0 0 0 0 0 0 0 0 0 0 0 0 0 0 0 0 0 0 0 0 0 0 0 0 0 0 0 0 0 0 0 0 0 0 0 0 0 0 0 0 0 0 0 0 0 0 0 0 0 0 0 0 0 0 0 0 0 0 0 0 0 
0 0 0 0 0 0 0 0 1 0 0 0 0 0 
