499 -322 479 -331 441 -337 370 -337 261 -331 216 -322 137 -302 101 -285 39 -241 8 -214 -46 -149 -75 -96 -87 -70 -107 17 -107 81 -96 151 -76 217 -25 293 10 339 66 403 96 425 155 449 220 467 259 480 320 495 388 500 436 486 0 0 0 0 0 0 0 0 0 0 0 0 0 0 0 0 0 0 0 0 0 0 0 0 0 0 0 0 0 0 0 0 0 0 0 0 0 0 0 0 0 0 0 0 0 0 0 0 0 0 0 0 0 0 0 0 0 0 0 0 0 0 0 0 0 0 0 0 0 0 0 0 0 0 0 0 0 0 0 0 0 0 0 0 0 0 0 0 0 0 0 0 0 0 0 0 
0 0 0 0 0 0 0 1 0 0 0 0 0 0 
487 -317 467 -319 415 -317 349 -310 265 -289 212 -258 169 -226 125 -188 87 -144 62 -114 21 -39 4 -6 -16 53 -31 121 -28 205 -9 268 28 337 49 368 98 412 143 442 191 466 250 482 308 491 385 498 453 494 499 496 0 0 0 0 0 0 0 0 0 0 0 0 0 0 0 0 0 0 0 0 0 0 0 0 0 0 0 0 0 0 0 0 0 0 0 0 0 0 0 0 0 0 0 0 0 0 0 0 0 0 0 0 0 0 0 0 0 0 0 0 0 0 0 0 0 0 0 0 0 0 0 0 0 0 0 0 0 0 0 0 0 0 0 0 0 0 0 0 0 0 0 0 0 0 0 0 0 0 
0 0 0 0 0 0 0 1 0 0 0 0 0 0 
439 -388 418 -383 356 -361 306 -339 270 -328 202 -303 157 -276 118 -241 69 -191 37 -149 -4 -91 -32 -44 -51 13 -63 75 -68 142 -55 216 -32 270 -1 323 43 372 79 412 139 446 173 457 217 470 272 488 329 500 403 491 460 477 499 466 0 0 0 0 0 0 0 0 0 0 0 0 0 0 0 0 0 0 0 0 0 0 0 0 0 0 0 0 0 0 0 0 0 0 0 0 0 0 0 0 0 0 0 0 0 0 0 0 0 0 0 0 0 0 0 0 0 0 0 0 0 0 0 0 0 0 0 0 0 0 0 0 0 0 0 0 0 0 0 0 0 0 0 0 0 0 0 0 0 0 0 0 0 0 
0 0 0 0 0 0 0 1 0 0 0 0 0 0 
486 -378 469 -380 412 -378 364 -364 300 -332 249 -307 214 -288 152 -245 123 -222 79 -183 42 -144 5 -100 -24 -50 -49 11 -60 59 -56 158 -41 224 -18 277 27 337 54 364 97 401 154 440 190 458 262 479 319 488 379 497 438 500 499 500 0 0 0 0 0 0 0 0 0 0 0 0 0 0 0 0 0 0 0 0 0 0 0 0 0 0 0 0 0 0 0 0 0 0 0 0 0 0 0 0 0 0 0 0 0 0 0 0 0 0 0 0 0 0 0 0 0 0 0 0 0 0 0 0 0 0 0 0 0 0 0 0 0 0 0 0 0 0 0 0 0 0 0 0 0 0 0 0 0 0 0 0 0 0 
0 0 0 0 0 0 0 1 0 0 0 0 0 0 
499 -370 478 -375 423 -379 363 -375 289 -350 251 -332 187 -299 156 -274 115 -236 76 -194 40 -149 -7 -69 -23 -35 -40 24 -46 82 -39 169 -21 229 10 290 46 337 97 379 156 421 186 439 237 462 297 484 354 493 416 500 475 495 0 0 0 0 0 0 0 0 0 0 0 0 0 0 0 0 0 0 0 0 0 0 0 0 0 0 0 0 0 0 0 0 0 0 0 0 0 0 0 0 0 0 0 0 0 0 0 0 0 0 0 0 0 0 0 0 0 0 0 0 0 0 0 0 0 0 0 0 0 0 0 0 0 0 0 0 0 0 0 0 0 0 0 0 0 0 0 0 0 0 0 0 0 0 0 0 
0 0 0 0 0 0 0 1 0 0 0 0 0 0 
462 -412 443 -412 363 -394 312 -375 263 -345 231 -322 150 -251 91 -188 67 -154 34 -105 6 -43 -20 48 -29 119 -22 205 -3 267 37 336 62 368 112 417 156 449 224 474 281 488 360 499 401 499 455 488 499 479 0 0 0 0 0 0 0 0 0 0 0 0 0 0 0 0 0 0 0 0 0 0 0 0 0 0 0 0 0 0 0 0 0 0 0 0 0 0 0 0 0 0 0 0 0 0 0 0 0 0 0 0 0 0 0 0 0 0 0 0 0 0 0 0 0 0 0 0 0 0 0 0 0 0 0 0 0 0 0 0 0 0 0 0 0 0 0 0 0 0 0 0 0 0 0 0 0 0 0 0 
0 0 0 0 0 0 0 1 0 0 0 0 0 0 
499 -368 484 -371 425 -362 384 -346 316 -326 241 -308 206 -297 139 -268 91 -242 41 -215 0 -186 -36 -146 -69 -102 -94 -48 -111 26 -113 111 -101 197 -83 255 -56 308 -21 351 14 391 58 422 106 442 159 457 212 468 269 475 331 484 377 500 0 0 0 0 0 0 0 0 0 0 0 0 0 0 0 0 0 0 0 0 0 0 0 0 0 0 0 0 0 0 0 0 0 0 0 0 0 0 0 0 0 0 0 0 0 0 0 0 0 0 0 0 0 0 0 0 0 0 0 0 0 0 0 0 0 0 0 0 0 0 0 0 0 0 0 0 0 0 0 0 0 0 0 0 0 0 0 0 0 0 0 0 0 0 
0 0 0 0 0 0 0 1 0 0 0 0 0 0 
500 -352 478 -356 429 -358 350 -347 311 -336 255 -321 205 -299 149 -260 109 -225 70 -183 43 -155 4 -100 -29 -35 -50 19 -66 78 -70 137 -58 227 -34 291 -6 334 37 389 60 411 102 439 159 472 208 485 268 494 312 496 379 498 442 494 485 481 0 0 0 0 0 0 0 0 0 0 0 0 0 0 0 0 0 0 0 0 0 0 0 0 0 0 0 0 0 0 0 0 0 0 0 0 0 0 0 0 0 0 0 0 0 0 0 0 0 0 0 0 0 0 0 0 0 0 0 0 0 0 0 0 0 0 0 0 0 0 0 0 0 0 0 0 0 0 0 0 0 0 0 0 0 0 0 0 0 0 0 0 
0 0 0 0 0 0 0 1 0 0 0 0 0 0 
479 -355 458 -364 396 -372 328 -368 259 -357 200 -335 145 -313 78 -269 45 -245 -20 -182 -45 -146 -78 -100 -101 -43 -120 21 -124 100 -108 175 -87 239 -53 309 3 377 47 414 112 451 175 471 217 484 290 493 366 497 440 497 500 500 0 0 0 0 0 0 0 0 0 0 0 0 0 0 0 0 0 0 0 0 0 0 0 0 0 0 0 0 0 0 0 0 0 0 0 0 0 0 0 0 0 0 0 0 0 0 0 0 0 0 0 0 0 0 0 0 0 0 0 0 0 0 0 0 0 0 0 0 0 0 0 0 0 0 0 0 0 0 0 0 0 0 0 0 0 0 0 0 0 0 0 0 0 0 0 0 
0 0 0 0 0 0 0 1 0 0 0 0 0 0 
499 -347 483 -347 417 -347 351 -340 291 -329 236 -311 184 -279 148 -241 111 -194 91 -158 57 -85 38 -42 25 2 11 72 5 164 10 241 37 320 89 386 118 410 179 446 214 460 272 478 333 494 397 498 431 485 0 0 0 0 0 0 0 0 0 0 0 0 0 0 0 0 0 0 0 0 0 0 0 0 0 0 0 0 0 0 0 0 0 0 0 0 0 0 0 0 0 0 0 0 0 0 0 0 0 0 0 0 0 0 0 0 0 0 0 0 0 0 0 0 0 0 0 0 0 0 0 0 0 0 0 0 0 0 0 0 0 0 0 0 0 0 0 0 0 0 0 0 0 0 0 0 0 0 0 0 
0 0 0 0 0 0 0 1 0 0 0 0 0 0 
