-94 -329 -56 -329 18 -327 63 -324 131 -322 195 -320 258 -313 343 -287 396 -236 421 -208 461 -141 485 -83 495 -32 499 74 490 127 456 227 419 294 376 348 310 408 262 436 230 454 159 477 97 491 56 498 -44 496 -82 491 0 0 0 0 0 0 0 0 0 0 0 0 0 0 0 0 0 0 0 0 0 0 0 0 0 0 0 0 0 0 0 0 0 0 0 0 0 0 0 0 0 0 0 0 0 0 0 0 0 0 0 0 0 0 0 0 0 0 0 0 0 0 0 0 0 0 0 0 0 0 0 0 0 0 0 0 0 0 0 0 0 0 0 0 0 0 0 0 0 0 0 0 0 0 0 0 0 0 
0 0 0 0 0 0 1 0 0 0 0 0 0 0 
-137 -324 -106 -330 -49 -341 6 -353 64 -360 125 -362 194 -343 242 -324 306 -294 348 -261 375 -235 427 -176 457 -130 482 -56 496 10 500 46 484 162 468 227 441 284 412 332 381 376 344 418 324 446 281 473 212 488 172 494 61 496 12 498 -49 498 -94 492 0 0 0 0 0 0 0 0 0 0 0 0 0 0 0 0 0 0 0 0 0 0 0 0 0 0 0 0 0 0 0 0 0 0 0 0 0 0 0 0 0 0 0 0 0 0 0 0 0 0 0 0 0 0 0 0 0 0 0 0 0 0 0 0 0 0 0 0 0 0 0 0 0 0 0 0 0 0 0 0 0 0 0 0 0 0 0 0 0 0 
0 0 0 0 0 0 1 0 0 0 0 0 0 0 
-74 -336 -54 -338 38 -346 101 -349 163 -344 247 -323 302 -306 348 -278 390 -250 432 -209 465 -163 479 -125 495 -58 499 21 489 120 473 185 429 265 397 329 373 357 324 409 295 431 239 474 210 487 116 495 74 500 19 500 -37 489 0 0 0 0 0 0 0 0 0 0 0 0 0 0 0 0 0 0 0 0 0 0 0 0 0 0 0 0 0 0 0 0 0 0 0 0 0 0 0 0 0 0 0 0 0 0 0 0 0 0 0 0 0 0 0 0 0 0 0 0 0 0 0 0 0 0 0 0 0 0 0 0 0 0 0 0 0 0 0 0 0 0 0 0 0 0 0 0 0 0 0 0 0 0 0 0 
0 0 0 0 0 0 1 0 0 0 0 0 0 0 
-97 -271 -69 -283 -35 -292 24 -306 68 -311 145 -313 228 -308 303 -292 366 -259 397 -235 442 -183 473 -134 492 -68 499 28 489 162 460 242 429 290 364 370 322 408 291 431 226 469 163 490 129 497 68 500 4 495 -53 485 0 0 0 0 0 0 0 0 0 0 0 0 0 0 0 0 0 0 0 0 0 0 0 0 0 0 0 0 0 0 0 0 0 0 0 0 0 0 0 0 0 0 0 0 0 0 0 0 0 0 0 0 0 0 0 0 0 0 0 0 0 0 0 0 0 0 0 0 0 0 0 0 0 0 0 0 0 0 0 0 0 0 0 0 0 0 0 0 0 0 0 0 0 0 0 0 0 0 
0 0 0 0 0 0 1 0 0 0 0 0 0 0 
-65 -250 -29 -254 45 -264 109 -268 178 -266 273 -247 325 -221 376 -196 431 -144 464 -95 480 -56 495 16 499 102 492 186 474 257 440 334 407 383 365 422 292 469 258 481 197 490 128 495 43 500 -3 497 -58 495 0 0 0 0 0 0 0 0 0 0 0 0 0 0 0 0 0 0 0 0 0 0 0 0 0 0 0 0 0 0 0 0 0 0 0 0 0 0 0 0 0 0 0 0 0 0 0 0 0 0 0 0 0 0 0 0 0 0 0 0 0 0 0 0 0 0 0 0 0 0 0 0 0 0 0 0 0 0 0 0 0 0 0 0 0 0 0 0 0 0 0 0 0 0 0 0 0 0 0 0 
0 0 0 0 0 0 1 0 0 0 0 0 0 0 
-45 -286 -26 -293 47 -308 77 -311 164 -311 247 -295 318 -264 363 -237 406 -202 462 -137 489 -86 498 -37 499 42 487 146 459 222 432 275 381 333 356 362 286 411 226 444 190 462 123 491 49 500 -5 500 0 0 0 0 0 0 0 0 0 0 0 0 0 0 0 0 0 0 0 0 0 0 0 0 0 0 0 0 0 0 0 0 0 0 0 0 0 0 0 0 0 0 0 0 0 0 0 0 0 0 0 0 0 0 0 0 0 0 0 0 0 0 0 0 0 0 0 0 0 0 0 0 0 0 0 0 0 0 0 0 0 0 0 0 0 0 0 0 0 0 0 0 0 0 0 0 0 0 0 0 0 0 
0 0 0 0 0 0 1 0 0 0 0 0 0 0 
-64 -268 -37 -283 25 -303 88 -310 186 -292 223 -279 279 -248 337 -215 380 -181 430 -128 460 -82 484 -19 500 26 498 133 489 184 464 266 428 317 404 348 339 403 290 430 266 441 192 470 160 483 98 494 47 498 -27 498 0 0 0 0 0 0 0 0 0 0 0 0 0 0 0 0 0 0 0 0 0 0 0 0 0 0 0 0 0 0 0 0 0 0 0 0 0 0 0 0 0 0 0 0 0 0 0 0 0 0 0 0 0 0 0 0 0 0 0 0 0 0 0 0 0 0 0 0 0 0 0 0 0 0 0 0 0 0 0 0 0 0 0 0 0 0 0 0 0 0 0 0 0 0 0 0 0 0 
0 0 0 0 0 0 1 0 0 0 0 0 0 0 
-74 -280 -38 -289 19 -302 71 -318 122 -336 172 -349 247 -342 282 -329 341 -298 389 -253 424 -216 456 -169 476 -138 494 -77 499 0 491 104 482 153 459 213 438 269 393 329 372 360 334 394 287 420 239 438 187 449 119 467 87 478 33 489 -16 498 0 0 0 0 0 0 0 0 0 0 0 0 0 0 0 0 0 0 0 0 0 0 0 0 0 0 0 0 0 0 0 0 0 0 0 0 0 0 0 0 0 0 0 0 0 0 0 0 0 0 0 0 0 0 0 0 0 0 0 0 0 0 0 0 0 0 0 0 0 0 0 0 0 0 0 0 0 0 0 0 0 0 0 0 0 0 0 0 0 0 0 0 
0 0 0 0 0 0 1 0 0 0 0 0 0 0 
-67 -274 -50 -279 16 -301 50 -315 111 -322 175 -319 224 -310 274 -292 337 -250 364 -229 408 -191 443 -146 467 -90 489 -27 499 45 492 155 475 225 462 270 430 340 387 396 347 434 303 463 249 486 195 500 136 495 75 486 1 479 -48 472 0 0 0 0 0 0 0 0 0 0 0 0 0 0 0 0 0 0 0 0 0 0 0 0 0 0 0 0 0 0 0 0 0 0 0 0 0 0 0 0 0 0 0 0 0 0 0 0 0 0 0 0 0 0 0 0 0 0 0 0 0 0 0 0 0 0 0 0 0 0 0 0 0 0 0 0 0 0 0 0 0 0 0 0 0 0 0 0 0 0 0 0 0 0 
0 0 0 0 0 0 1 0 0 0 0 0 0 0 
-95 -330 -56 -328 15 -326 76 -322 141 -319 206 -315 270 -307 355 -275 394 -250 446 -201 470 -152 485 -103 499 -42 499 38 487 129 466 213 425 279 405 307 340 368 287 406 252 423 182 459 148 472 73 491 15 500 -41 500 0 0 0 0 0 0 0 0 0 0 0 0 0 0 0 0 0 0 0 0 0 0 0 0 0 0 0 0 0 0 0 0 0 0 0 0 0 0 0 0 0 0 0 0 0 0 0 0 0 0 0 0 0 0 0 0 0 0 0 0 0 0 0 0 0 0 0 0 0 0 0 0 0 0 0 0 0 0 0 0 0 0 0 0 0 0 0 0 0 0 0 0 0 0 0 0 0 0 
0 0 0 0 0 0 1 0 0 0 0 0 0 0 
