-109 -281 -109 -255 -107 -195 -104 -121 -98 -38 -72 83 -46 164 -17 241 20 310 64 367 91 393 163 446 213 474 245 486 310 498 377 472 401 441 443 374 471 291 485 212 493 157 500 71 500 -14 495 -95 490 -186 0 0 0 0 0 0 0 0 0 0 0 0 0 0 0 0 0 0 0 0 0 0 0 0 0 0 0 0 0 0 0 0 0 0 0 0 0 0 0 0 0 0 0 0 0 0 0 0 0 0 0 0 0 0 0 0 0 0 0 0 0 0 0 0 0 0 0 0 0 0 0 0 0 0 0 0 0 0 0 0 0 0 0 0 0 0 0 0 0 0 0 0 0 0 0 0 0 0 0 0 
0 0 0 0 0 0 0 0 0 1 0 0 0 0 
-166 -319 -170 -298 -177 -231 -182 -148 -179 -57 -170 46 -152 125 -138 171 -108 250 -78 303 -47 351 -7 393 18 418 69 460 148 493 193 500 281 479 314 465 368 425 423 347 447 291 462 222 478 141 488 94 497 -6 499 -85 492 -178 486 -245 0 0 0 0 0 0 0 0 0 0 0 0 0 0 0 0 0 0 0 0 0 0 0 0 0 0 0 0 0 0 0 0 0 0 0 0 0 0 0 0 0 0 0 0 0 0 0 0 0 0 0 0 0 0 0 0 0 0 0 0 0 0 0 0 0 0 0 0 0 0 0 0 0 0 0 0 0 0 0 0 0 0 0 0 0 0 0 0 0 0 0 0 0 0 
0 0 0 0 0 0 0 0 0 1 0 0 0 0 
-120 -273 -124 -251 -134 -187 -138 -104 -134 -16 -120 78 -87 180 -60 239 -41 277 -1 337 43 394 67 422 121 465 151 482 204 498 261 498 328 484 392 427 414 401 449 311 471 220 480 168 489 64 497 -87 499 -178 497 -266 491 -334 0 0 0 0 0 0 0 0 0 0 0 0 0 0 0 0 0 0 0 0 0 0 0 0 0 0 0 0 0 0 0 0 0 0 0 0 0 0 0 0 0 0 0 0 0 0 0 0 0 0 0 0 0 0 0 0 0 0 0 0 0 0 0 0 0 0 0 0 0 0 0 0 0 0 0 0 0 0 0 0 0 0 0 0 0 0 0 0 0 0 0 0 0 0 0 0 
0 0 0 0 0 0 0 0 0 1 0 0 0 0 
-112 -273 -115 -252 -123 -180 -126 -97 -121 -11 -112 69 -92 164 -70 224 -52 270 -23 326 -1 361 52 421 103 465 133 481 184 495 240 500 295 493 344 472 383 435 426 379 443 344 469 261 484 187 492 136 498 55 500 -27 496 -111 495 -187 0 0 0 0 0 0 0 0 0 0 0 0 0 0 0 0 0 0 0 0 0 0 0 0 0 0 0 0 0 0 0 0 0 0 0 0 0 0 0 0 0 0 0 0 0 0 0 0 0 0 0 0 0 0 0 0 0 0 0 0 0 0 0 0 0 0 0 0 0 0 0 0 0 0 0 0 0 0 0 0 0 0 0 0 0 0 0 0 0 0 0 0 0 0 
0 0 0 0 0 0 0 0 0 1 0 0 0 0 
-139 -160 -140 -137 -139 -44 -133 44 -119 118 -99 184 -63 262 -44 290 12 354 52 392 77 416 131 460 160 479 210 498 273 494 335 460 360 432 405 366 422 330 445 267 469 179 484 108 490 49 496 -35 498 -122 500 -203 496 -269 0 0 0 0 0 0 0 0 0 0 0 0 0 0 0 0 0 0 0 0 0 0 0 0 0 0 0 0 0 0 0 0 0 0 0 0 0 0 0 0 0 0 0 0 0 0 0 0 0 0 0 0 0 0 0 0 0 0 0 0 0 0 0 0 0 0 0 0 0 0 0 0 0 0 0 0 0 0 0 0 0 0 0 0 0 0 0 0 0 0 0 0 0 0 0 0 
0 0 0 0 0 0 0 0 0 1 0 0 0 0 
-123 -128 -123 -100 -115 15 -107 105 -90 185 -79 237 -46 322 -14 378 23 427 47 456 110 492 148 500 211 494 254 484 325 461 358 438 403 394 424 360 461 257 474 206 487 121 495 28 499 -56 492 -159 0 0 0 0 0 0 0 0 0 0 0 0 0 0 0 0 0 0 0 0 0 0 0 0 0 0 0 0 0 0 0 0 0 0 0 0 0 0 0 0 0 0 0 0 0 0 0 0 0 0 0 0 0 0 0 0 0 0 0 0 0 0 0 0 0 0 0 0 0 0 0 0 0 0 0 0 0 0 0 0 0 0 0 0 0 0 0 0 0 0 0 0 0 0 0 0 0 0 0 0 0 0 
0 0 0 0 0 0 0 0 0 1 0 0 0 0 
-132 -238 -146 -200 -152 -155 -154 -44 -132 75 -109 160 -70 247 -41 299 -6 349 17 379 68 429 108 464 140 483 200 500 254 500 307 481 363 445 406 384 428 351 453 292 484 165 490 108 496 25 500 -54 493 -181 487 -259 0 0 0 0 0 0 0 0 0 0 0 0 0 0 0 0 0 0 0 0 0 0 0 0 0 0 0 0 0 0 0 0 0 0 0 0 0 0 0 0 0 0 0 0 0 0 0 0 0 0 0 0 0 0 0 0 0 0 0 0 0 0 0 0 0 0 0 0 0 0 0 0 0 0 0 0 0 0 0 0 0 0 0 0 0 0 0 0 0 0 0 0 0 0 0 0 0 0 
0 0 0 0 0 0 0 0 0 1 0 0 0 0 
-103 -193 -105 -159 -102 -43 -96 12 -77 111 -61 188 -51 237 -21 322 4 372 50 430 77 455 123 484 172 498 241 496 278 486 365 421 400 377 428 326 457 239 472 196 492 104 500 -7 500 -65 493 -152 484 -232 472 -295 0 0 0 0 0 0 0 0 0 0 0 0 0 0 0 0 0 0 0 0 0 0 0 0 0 0 0 0 0 0 0 0 0 0 0 0 0 0 0 0 0 0 0 0 0 0 0 0 0 0 0 0 0 0 0 0 0 0 0 0 0 0 0 0 0 0 0 0 0 0 0 0 0 0 0 0 0 0 0 0 0 0 0 0 0 0 0 0 0 0 0 0 0 0 0 0 0 0 
0 0 0 0 0 0 0 0 0 1 0 0 0 0 
-119 -287 -125 -258 -136 -166 -139 -109 -135 -23 -125 64 -107 156 -86 225 -71 270 -45 327 -7 394 17 422 68 463 131 491 167 496 222 498 295 484 343 460 369 439 416 382 448 311 462 268 487 180 495 123 500 38 498 -59 492 -149 478 -228 0 0 0 0 0 0 0 0 0 0 0 0 0 0 0 0 0 0 0 0 0 0 0 0 0 0 0 0 0 0 0 0 0 0 0 0 0 0 0 0 0 0 0 0 0 0 0 0 0 0 0 0 0 0 0 0 0 0 0 0 0 0 0 0 0 0 0 0 0 0 0 0 0 0 0 0 0 0 0 0 0 0 0 0 0 0 0 0 0 0 0 0 0 0 
0 0 0 0 0 0 0 0 0 1 0 0 0 0 
-122 -162 -126 -135 -131 -66 -123 45 -117 77 -103 153 -75 233 -47 284 -7 346 13 373 75 435 117 463 148 481 201 497 252 500 321 477 352 456 400 408 430 360 456 298 478 243 489 192 500 91 496 -20 482 -119 473 -167 461 -229 0 0 0 0 0 0 0 0 0 0 0 0 0 0 0 0 0 0 0 0 0 0 0 0 0 0 0 0 0 0 0 0 0 0 0 0 0 0 0 0 0 0 0 0 0 0 0 0 0 0 0 0 0 0 0 0 0 0 0 0 0 0 0 0 0 0 0 0 0 0 0 0 0 0 0 0 0 0 0 0 0 0 0 0 0 0 0 0 0 0 0 0 0 0 0 0 
0 0 0 0 0 0 0 0 0 1 0 0 0 0 
