-154 500 -159 479 -164 430 -164 402 -162 348 -161 306 -153 225 -142 144 -122 48 -102 -16 -76 -79 -52 -139 -21 -188 9 -241 32 -272 70 -306 104 -327 147 -344 214 -341 274 -313 329 -262 360 -220 400 -155 423 -102 450 -18 473 46 484 90 493 190 498 283 500 348 0 0 0 0 0 0 0 0 0 0 0 0 0 0 0 0 0 0 0 0 0 0 0 0 0 0 0 0 0 0 0 0 0 0 0 0 0 0 0 0 0 0 0 0 0 0 0 0 0 0 0 0 0 0 0 0 0 0 0 0 0 0 0 0 0 0 0 0 0 0 0 0 0 0 0 0 0 0 0 0 0 0 0 0 0 0 0 0 0 0 
0 0 0 0 0 0 0 0 1 0 0 0 0 0 
-151 498 -159 470 -167 426 -176 342 -173 201 -159 110 -142 40 -123 -21 -86 -110 -57 -167 -27 -215 -6 -251 30 -287 75 -318 123 -340 187 -333 239 -314 284 -290 329 -256 374 -208 428 -136 445 -103 481 0 495 69 500 127 500 220 493 302 479 376 467 414 465 419 0 0 0 0 0 0 0 0 0 0 0 0 0 0 0 0 0 0 0 0 0 0 0 0 0 0 0 0 0 0 0 0 0 0 0 0 0 0 0 0 0 0 0 0 0 0 0 0 0 0 0 0 0 0 0 0 0 0 0 0 0 0 0 0 0 0 0 0 0 0 0 0 0 0 0 0 0 0 0 0 0 0 0 0 0 0 0 0 0 0 
0 0 0 0 0 0 0 0 1 0 0 0 0 0 
-225 493 -227 469 -225 409 -219 323 -207 222 -193 156 -178 90 -157 24 -138 -30 -115 -90 -85 -140 -57 -191 -27 -233 6 -273 48 -299 111 -323 145 -330 218 -323 243 -312 266 -303 320 -266 342 -240 390 -182 415 -136 454 -46 466 -4 481 66 491 140 497 215 499 295 493 372 482 447 454 499 0 0 0 0 0 0 0 0 0 0 0 0 0 0 0 0 0 0 0 0 0 0 0 0 0 0 0 0 0 0 0 0 0 0 0 0 0 0 0 0 0 0 0 0 0 0 0 0 0 0 0 0 0 0 0 0 0 0 0 0 0 0 0 0 0 0 0 0 0 0 0 0 0 0 0 0 0 0 0 0 0 0 0 0 
0 0 0 0 0 0 0 0 1 0 0 0 0 0 
-152 500 -155 477 -163 430 -172 358 -174 261 -159 139 -150 92 -131 4 -104 -81 -91 -119 -62 -193 -35 -245 -16 -274 19 -308 59 -337 101 -353 162 -351 211 -337 257 -315 316 -265 338 -236 384 -162 400 -123 426 -58 438 -20 463 83 472 137 483 209 491 283 499 389 494 432 0 0 0 0 0 0 0 0 0 0 0 0 0 0 0 0 0 0 0 0 0 0 0 0 0 0 0 0 0 0 0 0 0 0 0 0 0 0 0 0 0 0 0 0 0 0 0 0 0 0 0 0 0 0 0 0 0 0 0 0 0 0 0 0 0 0 0 0 0 0 0 0 0 0 0 0 0 0 0 0 0 0 0 0 0 0 0 0 
0 0 0 0 0 0 0 0 1 0 0 0 0 0 
-183 500 -192 474 -204 401 -204 301 -189 151 -168 63 -148 2 -128 -63 -105 -123 -71 -186 -35 -252 -1 -292 48 -336 73 -348 114 -362 174 -362 220 -350 266 -327 325 -278 373 -212 409 -147 425 -107 446 -46 455 -16 460 0 470 37 478 86 489 165 496 242 500 313 500 371 496 436 0 0 0 0 0 0 0 0 0 0 0 0 0 0 0 0 0 0 0 0 0 0 0 0 0 0 0 0 0 0 0 0 0 0 0 0 0 0 0 0 0 0 0 0 0 0 0 0 0 0 0 0 0 0 0 0 0 0 0 0 0 0 0 0 0 0 0 0 0 0 0 0 0 0 0 0 0 0 0 0 0 0 0 0 0 0 
0 0 0 0 0 0 0 0 1 0 0 0 0 0 
-213 498 -217 470 -220 408 -211 294 -196 199 -186 148 -154 41 -139 2 -125 -34 -104 -92 -71 -160 -37 -208 -6 -252 19 -278 62 -308 107 -334 163 -343 225 -327 269 -306 319 -262 352 -220 391 -155 408 -118 437 -39 452 4 470 71 488 157 496 227 499 301 499 380 0 0 0 0 0 0 0 0 0 0 0 0 0 0 0 0 0 0 0 0 0 0 0 0 0 0 0 0 0 0 0 0 0 0 0 0 0 0 0 0 0 0 0 0 0 0 0 0 0 0 0 0 0 0 0 0 0 0 0 0 0 0 0 0 0 0 0 0 0 0 0 0 0 0 0 0 0 0 0 0 0 0 0 0 0 0 0 0 0 0 
0 0 0 0 0 0 0 0 1 0 0 0 0 0 
-139 456 -145 429 -159 375 -175 308 -176 230 -160 109 -152 60 -117 -44 -93 -107 -66 -165 -35 -217 -7 -266 22 -306 56 -346 80 -369 119 -387 166 -387 231 -366 251 -355 290 -324 337 -281 357 -250 386 -199 403 -161 428 -82 439 -38 459 53 471 98 484 167 492 223 498 297 499 373 494 451 474 498 0 0 0 0 0 0 0 0 0 0 0 0 0 0 0 0 0 0 0 0 0 0 0 0 0 0 0 0 0 0 0 0 0 0 0 0 0 0 0 0 0 0 0 0 0 0 0 0 0 0 0 0 0 0 0 0 0 0 0 0 0 0 0 0 0 0 0 0 0 0 0 0 0 0 0 0 0 0 0 0 0 0 
0 0 0 0 0 0 0 0 1 0 0 0 0 0 
-175 498 -184 457 -187 406 -175 264 -157 176 -128 44 -122 23 -93 -46 -49 -155 -39 -171 -2 -245 29 -290 73 -336 105 -354 140 -366 210 -359 241 -345 296 -308 343 -257 375 -213 402 -164 429 -109 451 -46 463 0 486 111 495 160 500 222 498 245 498 269 491 343 479 422 0 0 0 0 0 0 0 0 0 0 0 0 0 0 0 0 0 0 0 0 0 0 0 0 0 0 0 0 0 0 0 0 0 0 0 0 0 0 0 0 0 0 0 0 0 0 0 0 0 0 0 0 0 0 0 0 0 0 0 0 0 0 0 0 0 0 0 0 0 0 0 0 0 0 0 0 0 0 0 0 0 0 0 0 0 0 0 0 
0 0 0 0 0 0 0 0 1 0 0 0 0 0 
-170 500 -181 478 -196 425 -197 306 -188 217 -172 136 -156 64 -135 0 -114 -62 -84 -119 -56 -169 -20 -212 11 -253 62 -289 114 -294 184 -277 230 -255 283 -220 322 -184 375 -117 404 -64 430 -11 453 47 466 95 491 248 499 346 494 416 0 0 0 0 0 0 0 0 0 0 0 0 0 0 0 0 0 0 0 0 0 0 0 0 0 0 0 0 0 0 0 0 0 0 0 0 0 0 0 0 0 0 0 0 0 0 0 0 0 0 0 0 0 0 0 0 0 0 0 0 0 0 0 0 0 0 0 0 0 0 0 0 0 0 0 0 0 0 0 0 0 0 0 0 0 0 0 0 0 0 0 0 0 0 0 0 
0 0 0 0 0 0 0 0 1 0 0 0 0 0 
-197 500 -198 477 -200 420 -198 322 -194 236 -183 129 -173 56 -149 -38 -130 -97 -114 -138 -74 -222 -46 -270 -9 -309 40 -352 76 -370 85 -375 99 -377 155 -377 214 -356 256 -331 296 -300 354 -236 395 -181 425 -134 456 -65 481 22 490 72 498 152 500 240 495 327 481 400 458 459 0 0 0 0 0 0 0 0 0 0 0 0 0 0 0 0 0 0 0 0 0 0 0 0 0 0 0 0 0 0 0 0 0 0 0 0 0 0 0 0 0 0 0 0 0 0 0 0 0 0 0 0 0 0 0 0 0 0 0 0 0 0 0 0 0 0 0 0 0 0 0 0 0 0 0 0 0 0 0 0 0 0 0 0 0 0 
0 0 0 0 0 0 0 0 1 0 0 0 0 0 
