500 500 500 500 500 500 500 500 500 500 363 363 363 363 500 500 500 500 500 500 204 204 -343 500 -343 500 -232 500 -140 500 -45 500 51 363 148 363 245 500 337 500 437 500 500 204 -161 -349 -161 -349 -147 -243 -135 -155 -129 -64 -121 28 -116 121 -108 215 -101 303 -97 398 -93 458 500 492 500 500 0 0 0 0 0 0 0 0 0 0 0 0 0 0 0 0 0 0 0 0 0 0 0 0 0 0 0 0 0 0 0 0 0 0 0 0 0 0 0 0 0 0 0 0 0 0 0 0 0 0 0 0 0 0 0 0 0 0 0 0 0 0 0 0 0 0 0 0 0 0 0 0 0 0 0 0 0 0 0 0 
0 0 0 0 0 0 0 0 0 0 0 0 0 0 0 0 1 0 0 0 0 0 
204 204 363 363 363 363 363 363 500 500 363 363 363 363 363 363 500 500 500 500 363 363 -428 204 -428 204 -312 363 -221 363 -130 363 -4 500 54 363 142 363 229 363 325 500 386 500 472 363 500 363 455 -428 455 -428 465 -312 470 -221 470 -130 475 -4 477 54 480 142 485 229 492 325 497 386 497 472 500 500 0 0 0 0 0 0 0 0 0 0 0 0 0 0 0 0 0 0 0 0 0 0 0 0 0 0 0 0 0 0 0 0 0 0 0 0 0 0 0 0 0 0 0 0 0 0 0 0 0 0 0 0 0 0 0 0 0 0 0 0 0 0 0 0 0 0 0 0 0 0 0 0 0 0 0 0 
0 0 0 0 0 0 0 0 0 0 0 0 0 0 0 0 1 0 0 0 0 0 
204 204 363 363 500 500 500 500 500 500 500 500 500 500 500 500 500 500 500 500 -434 204 -434 204 -348 363 -204 500 -109 500 -15 500 109 500 149 500 261 500 340 500 421 500 500 0 115 -441 115 -441 113 -365 120 -237 126 -153 133 -69 136 41 138 76 143 176 149 246 156 318 159 388 499 500 499 500 0 0 0 0 0 0 0 0 0 0 0 0 0 0 0 0 0 0 0 0 0 0 0 0 0 0 0 0 0 0 0 0 0 0 0 0 0 0 0 0 0 0 0 0 0 0 0 0 0 0 0 0 0 0 0 0 0 0 0 0 0 0 0 0 0 0 0 0 0 0 0 0 0 0 0 0 0 0 
0 0 0 0 0 0 0 0 0 0 0 0 0 0 0 0 1 0 0 0 0 0 
204 204 363 363 204 204 204 204 500 500 500 500 500 500 500 500 204 204 363 363 204 204 204 204 -406 204 -406 204 -302 363 -220 204 -139 204 -59 500 24 500 105 500 185 500 264 204 337 363 364 204 364 204 498 0 498 0 131 -406 131 -406 137 -302 142 -220 146 -139 149 -59 152 24 154 105 157 185 160 264 160 337 159 364 159 364 499 498 499 498 499 498 0 0 0 0 0 0 0 0 0 0 0 0 0 0 0 0 0 0 0 0 0 0 0 0 0 0 0 0 0 0 0 0 0 0 0 0 0 0 0 0 0 0 0 0 0 0 0 0 0 0 0 0 0 0 0 0 0 0 0 0 0 0 0 0 
0 0 0 0 0 0 0 0 0 0 0 0 0 0 0 0 1 0 0 0 0 0 
387 387 387 387 387 387 265 265 387 387 489 489 387 387 265 265 122 122 387 387 387 387 265 265 265 265 122 122 -61 -61 -303 387 -303 387 -303 387 -183 265 -133 387 -66 489 8 387 66 265 163 122 211 387 275 387 355 265 428 265 484 122 500 -61 364 -61 364 -61 499 -396 -116 -303 -116 -303 -116 -303 -93 -183 -83 -133 -72 -66 -64 8 -57 66 -46 163 -39 211 -31 275 -22 355 -19 428 -15 484 -15 500 239 364 239 364 0 0 0 0 0 0 0 0 0 0 0 0 0 0 0 0 0 0 0 0 0 0 0 0 0 0 0 0 0 0 0 0 0 0 0 0 0 0 0 0 0 0 0 0 0 0 0 0 0 0 
0 0 0 0 0 0 0 0 0 0 0 0 0 0 0 0 1 0 0 0 0 0 
