500 500 204 204 363 363 363 363 500 500 500 500 500 500 363 363 498 500 372 500 275 204 169 363 61 363 -28 500 -141 500 -228 500 -295 363 500 498 500 498 496 372 496 275 481 169 470 61 463 -28 463 -141 459 -228 463 -295 463 -367 463 -367 0 0 0 0 0 0 0 0 0 0 0 0 0 0 0 0 0 0 0 0 0 0 0 0 0 0 0 0 0 0 0 0 0 0 0 0 0 0 0 0 0 0 0 0 0 0 0 0 0 0 0 0 0 0 0 0 0 0 0 0 0 0 0 0 0 0 0 0 0 0 0 0 0 0 0 0 0 0 0 0 0 0 0 0 0 0 0 0 0 0 0 0 
0 0 0 0 0 0 0 0 0 0 0 0 0 0 0 0 0 1 0 0 0 0 
204 204 500 500 500 500 500 500 500 500 500 500 500 500 204 204 204 204 204 204 498 204 498 204 394 500 292 500 200 500 84 500 -21 500 -108 500 -191 204 -263 204 -263 204 -263 204 492 498 492 498 498 394 494 292 492 200 487 84 487 -21 487 -108 492 -191 498 -263 498 -263 498 -263 118 -336 118 -336 0 0 0 0 0 0 0 0 0 0 0 0 0 0 0 0 0 0 0 0 0 0 0 0 0 0 0 0 0 0 0 0 0 0 0 0 0 0 0 0 0 0 0 0 0 0 0 0 0 0 0 0 0 0 0 0 0 0 0 0 0 0 0 0 0 0 0 0 0 0 0 0 0 0 0 0 0 0 
0 0 0 0 0 0 0 0 0 0 0 0 0 0 0 0 0 1 0 0 0 0 
363 363 363 363 363 363 363 363 363 363 204 204 500 500 500 500 500 500 500 500 363 363 363 363 363 363 204 204 500 363 500 363 402 363 334 363 252 363 181 204 163 500 146 500 126 500 48 500 -26 363 -101 363 -188 363 -283 204 -300 0 497 498 499 466 499 466 491 372 481 306 468 226 462 158 461 141 461 124 461 104 464 29 468 -42 470 -115 468 -199 467 -291 467 -308 187 -336 187 -336 0 0 0 0 0 0 0 0 0 0 0 0 0 0 0 0 0 0 0 0 0 0 0 0 0 0 0 0 0 0 0 0 0 0 0 0 0 0 0 0 0 0 0 0 0 0 0 0 0 0 0 0 0 0 0 0 
0 0 0 0 0 0 0 0 0 0 0 0 0 0 0 0 0 1 0 0 0 0 
363 363 500 500 500 500 363 363 500 500 500 500 500 500 500 500 363 363 363 363 0 0 500 0 440 363 385 500 304 500 206 363 112 500 17 500 -63 500 -140 500 -214 363 -300 363 -387 0 -387 0 500 500 500 500 471 440 461 385 449 304 438 206 432 112 430 17 432 -63 435 -140 435 -214 433 -300 427 -387 427 -387 -100 -455 -100 -455 0 0 0 0 0 0 0 0 0 0 0 0 0 0 0 0 0 0 0 0 0 0 0 0 0 0 0 0 0 0 0 0 0 0 0 0 0 0 0 0 0 0 0 0 0 0 0 0 0 0 0 0 0 0 0 0 0 0 0 0 0 0 0 0 0 0 0 0 0 0 
0 0 0 0 0 0 0 0 0 0 0 0 0 0 0 0 0 1 0 0 0 0 
500 500 500 500 363 363 363 363 500 500 363 363 204 204 204 204 204 204 498 500 395 500 296 500 235 363 129 363 21 500 -49 363 -131 204 -216 204 -298 204 499 498 499 498 499 395 493 296 488 235 483 129 475 21 472 -49 469 -131 468 -216 463 -298 169 -397 169 -397 0 0 0 0 0 0 0 0 0 0 0 0 0 0 0 0 0 0 0 0 0 0 0 0 0 0 0 0 0 0 0 0 0 0 0 0 0 0 0 0 0 0 0 0 0 0 0 0 0 0 0 0 0 0 0 0 0 0 0 0 0 0 0 0 0 0 0 0 0 0 0 0 0 0 0 0 0 0 0 0 0 0 0 0 0 0 
0 0 0 0 0 0 0 0 0 0 0 0 0 0 0 0 0 1 0 0 0 0 
