154 363 83 363 95 500 95 500 107 500 119 363 130 363 154 363 214 363 285 363 321 363 392 363 452 500 500 204 -151 202 -133 154 -52 83 -20 95 19 95 89 107 123 119 178 130 232 154 300 214 347 285 376 321 418 392 464 452 500 500 500 500 0 0 0 0 0 0 0 0 0 0 0 0 0 0 0 0 0 0 0 0 0 0 0 0 0 0 0 0 0 0 0 0 0 0 0 0 0 0 0 0 0 0 0 0 0 0 0 0 0 0 0 0 0 0 0 0 0 0 0 0 0 0 0 0 0 0 0 0 0 0 0 0 0 0 0 0 0 0 0 0 0 0 0 0 0 0 0 0 0 0 
0 0 0 0 0 0 0 0 0 0 0 0 0 0 0 1 0 0 0 0 0 0 
363 363 204 204 500 500 500 500 500 500 500 500 500 500 500 500 500 500 363 363 344 204 388 363 422 204 455 500 477 500 488 500 477 500 477 500 466 500 455 500 455 363 488 363 500 204 -161 329 -161 329 -70 373 -12 406 39 439 86 461 152 472 219 461 271 461 337 450 389 439 438 439 487 472 491 483 500 494 0 0 0 0 0 0 0 0 0 0 0 0 0 0 0 0 0 0 0 0 0 0 0 0 0 0 0 0 0 0 0 0 0 0 0 0 0 0 0 0 0 0 0 0 0 0 0 0 0 0 0 0 0 0 0 0 0 0 0 0 0 0 0 0 0 0 0 0 0 0 0 0 0 0 
0 0 0 0 0 0 0 0 0 0 0 0 0 0 0 1 0 0 0 0 0 0 
363 363 500 500 204 204 363 363 363 363 204 204 363 363 363 363 204 204 204 204 363 363 204 204 204 204 488 363 488 363 495 500 500 204 500 363 495 363 488 204 478 363 457 363 457 363 448 204 441 204 436 363 436 204 436 204 436 204 436 204 436 0 -218 121 -171 488 -171 488 -91 495 -49 500 -10 500 62 495 112 488 166 478 239 457 239 457 276 448 351 441 398 436 408 436 413 436 423 436 432 436 437 436 495 -385 500 -385 0 0 0 0 0 0 0 0 0 0 0 0 0 0 0 0 0 0 0 0 0 0 0 0 0 0 0 0 0 0 0 0 0 0 0 0 0 0 0 0 0 0 0 0 0 0 
0 0 0 0 0 0 0 0 0 0 0 0 0 0 0 1 0 0 0 0 0 0 
204 204 500 500 363 363 204 204 204 204 204 204 363 363 363 363 500 500 363 363 204 204 363 363 363 363 499 204 491 500 484 363 482 204 475 204 468 204 459 363 452 363 434 500 414 363 403 204 394 363 390 363 390 0 -203 499 -203 499 -151 491 -75 484 -36 482 36 475 124 468 160 459 203 452 268 434 331 414 383 403 434 394 472 390 500 390 500 390 500 390 0 0 0 0 0 0 0 0 0 0 0 0 0 0 0 0 0 0 0 0 0 0 0 0 0 0 0 0 0 0 0 0 0 0 0 0 0 0 0 0 0 0 0 0 0 0 0 0 0 0 0 0 0 0 0 0 0 0 0 0 0 0 
0 0 0 0 0 0 0 0 0 0 0 0 0 0 0 1 0 0 0 0 0 0 
363 363 204 204 363 363 363 363 363 363 363 363 500 500 363 363 363 363 363 363 363 363 363 363 470 363 475 363 489 204 494 363 494 363 498 363 496 363 496 500 498 363 496 363 494 363 491 363 491 363 -182 470 -182 470 -161 475 -85 489 -48 494 10 494 79 498 158 496 200 496 257 498 317 496 373 494 426 491 474 491 500 494 0 0 0 0 0 0 0 0 0 0 0 0 0 0 0 0 0 0 0 0 0 0 0 0 0 0 0 0 0 0 0 0 0 0 0 0 0 0 0 0 0 0 0 0 0 0 0 0 0 0 0 0 0 0 0 0 0 0 0 0 0 0 0 0 0 0 0 0 0 0 
0 0 0 0 0 0 0 0 0 0 0 0 0 0 0 1 0 0 0 0 0 0 
