488 -331 471 -331 433 -331 346 -328 257 -321 162 -299 106 -269 37 -214 -53 -107 -81 -52 -98 6 -115 162 -110 223 -67 342 -24 399 -1 429 37 465 88 486 159 497 237 500 318 495 360 488 430 479 499 468 0 0 0 0 0 0 0 0 0 0 0 0 0 0 0 0 0 0 0 0 0 0 0 0 0 0 0 0 0 0 0 0 0 0 0 0 0 0 0 0 0 0 0 0 0 0 0 0 0 0 0 0 0 0 0 0 0 0 0 0 0 0 0 0 0 0 0 0 0 0 0 0 0 0 0 0 0 0 0 0 0 0 0 0 0 0 0 0 0 0 0 0 0 0 0 0 0 0 0 0 0 0 
0 0 0 0 0 0 0 0 0 0 0 0 0 0 0 0 0 0 0 1 0 0 
450 -352 435 -358 365 -365 302 -367 243 -354 190 -336 141 -319 95 -293 49 -258 7 -227 -26 -192 -59 -150 -107 -78 -123 -39 -141 24 -148 87 -134 161 -110 216 -68 273 -34 312 6 343 60 382 101 415 134 433 180 448 235 461 305 474 379 487 449 496 499 498 0 0 0 0 0 0 0 0 0 0 0 0 0 0 0 0 0 0 0 0 0 0 0 0 0 0 0 0 0 0 0 0 0 0 0 0 0 0 0 0 0 0 0 0 0 0 0 0 0 0 0 0 0 0 0 0 0 0 0 0 0 0 0 0 0 0 0 0 0 0 0 0 0 0 0 0 0 0 0 0 0 0 0 0 0 0 0 0 0 0 
0 0 0 0 0 0 0 0 0 0 0 0 0 0 0 0 0 0 0 1 0 0 
499 -346 469 -360 414 -368 369 -366 280 -351 227 -335 170 -317 116 -297 59 -260 11 -226 -35 -188 -77 -144 -112 -104 -141 -53 -167 -2 -185 57 -190 106 -182 186 -153 257 -119 304 -83 340 -40 373 16 411 43 433 90 455 143 468 169 475 183 477 243 486 285 493 343 497 408 500 458 497 0 0 0 0 0 0 0 0 0 0 0 0 0 0 0 0 0 0 0 0 0 0 0 0 0 0 0 0 0 0 0 0 0 0 0 0 0 0 0 0 0 0 0 0 0 0 0 0 0 0 0 0 0 0 0 0 0 0 0 0 0 0 0 0 0 0 0 0 0 0 0 0 0 0 0 0 0 0 0 0 0 0 0 0 
0 0 0 0 0 0 0 0 0 0 0 0 0 0 0 0 0 0 0 1 0 0 
473 -382 451 -387 414 -389 349 -385 291 -369 239 -354 190 -334 144 -312 76 -264 55 -245 15 -212 -20 -168 -51 -126 -71 -91 -88 -50 -107 13 -107 100 -85 188 -57 236 -1 297 21 323 77 378 116 413 149 431 208 455 260 470 330 481 405 492 464 498 500 498 0 0 0 0 0 0 0 0 0 0 0 0 0 0 0 0 0 0 0 0 0 0 0 0 0 0 0 0 0 0 0 0 0 0 0 0 0 0 0 0 0 0 0 0 0 0 0 0 0 0 0 0 0 0 0 0 0 0 0 0 0 0 0 0 0 0 0 0 0 0 0 0 0 0 0 0 0 0 0 0 0 0 0 0 0 0 0 0 0 0 
0 0 0 0 0 0 0 0 0 0 0 0 0 0 0 0 0 0 0 1 0 0 
482 -375 464 -373 378 -353 342 -344 277 -323 239 -310 166 -266 124 -235 84 -207 45 -168 10 -128 -10 -98 -42 -43 -65 8 -77 50 -90 117 -88 207 -68 264 -38 314 6 364 52 406 110 436 163 449 232 467 283 486 339 497 398 500 454 497 500 500 0 0 0 0 0 0 0 0 0 0 0 0 0 0 0 0 0 0 0 0 0 0 0 0 0 0 0 0 0 0 0 0 0 0 0 0 0 0 0 0 0 0 0 0 0 0 0 0 0 0 0 0 0 0 0 0 0 0 0 0 0 0 0 0 0 0 0 0 0 0 0 0 0 0 0 0 0 0 0 0 0 0 0 0 0 0 0 0 0 0 0 0 
0 0 0 0 0 0 0 0 0 0 0 0 0 0 0 0 0 0 0 1 0 0 
