115 135 113 187 115 216 136 341 159 390 196 445 240 485 300 500 384 445 426 375 460 291 483 208 497 130 499 31 484 -69 465 -112 419 -156 350 -173 274 -170 208 -161 168 -132 132 -66 109 5 93 98 0 0 0 0 0 0 0 0 0 0 0 0 0 0 0 0 0 0 0 0 0 0 0 0 0 0 0 0 0 0 0 0 0 0 0 0 0 0 0 0 0 0 0 0 0 0 0 0 0 0 0 0 0 0 0 0 0 0 0 0 0 0 0 0 0 0 0 0 0 0 0 0 0 0 0 0 0 0 0 0 0 0 0 0 0 0 0 0 0 0 0 0 0 0 0 0 0 0 0 0 0 0 
0 0 0 0 0 0 0 0 0 1 0 0 0 0 0 0 0 0 0 0 0 0 
19 103 47 209 61 251 83 310 112 373 147 427 186 474 234 497 304 500 379 455 419 406 455 339 480 266 491 209 499 111 490 18 455 -93 439 -121 384 -181 352 -199 308 -212 243 -204 186 -176 139 -137 103 -82 67 -2 54 44 39 111 39 150 0 0 0 0 0 0 0 0 0 0 0 0 0 0 0 0 0 0 0 0 0 0 0 0 0 0 0 0 0 0 0 0 0 0 0 0 0 0 0 0 0 0 0 0 0 0 0 0 0 0 0 0 0 0 0 0 0 0 0 0 0 0 0 0 0 0 0 0 0 0 0 0 0 0 0 0 0 0 0 0 0 0 0 0 0 0 0 0 0 0 0 0 
0 0 0 0 0 0 0 0 0 1 0 0 0 0 0 0 0 0 0 0 0 0 
45 237 78 325 100 366 150 431 197 475 216 488 280 498 349 470 397 423 443 354 463 307 489 214 500 103 479 -25 443 -113 395 -175 364 -204 315 -237 256 -250 179 -219 148 -193 93 -108 64 -43 40 18 31 95 0 0 0 0 0 0 0 0 0 0 0 0 0 0 0 0 0 0 0 0 0 0 0 0 0 0 0 0 0 0 0 0 0 0 0 0 0 0 0 0 0 0 0 0 0 0 0 0 0 0 0 0 0 0 0 0 0 0 0 0 0 0 0 0 0 0 0 0 0 0 0 0 0 0 0 0 0 0 0 0 0 0 0 0 0 0 0 0 0 0 0 0 0 0 0 0 0 0 0 0 
0 0 0 0 0 0 0 0 0 1 0 0 0 0 0 0 0 0 0 0 0 0 
32 181 64 274 92 339 126 393 152 427 194 471 243 497 314 500 388 448 428 406 456 344 473 295 500 170 500 77 489 -18 465 -93 442 -132 392 -189 348 -225 296 -251 225 -256 152 -225 111 -183 72 -132 46 -69 27 2 15 80 20 155 0 0 0 0 0 0 0 0 0 0 0 0 0 0 0 0 0 0 0 0 0 0 0 0 0 0 0 0 0 0 0 0 0 0 0 0 0 0 0 0 0 0 0 0 0 0 0 0 0 0 0 0 0 0 0 0 0 0 0 0 0 0 0 0 0 0 0 0 0 0 0 0 0 0 0 0 0 0 0 0 0 0 0 0 0 0 0 0 0 0 0 0 0 0 
0 0 0 0 0 0 0 0 0 1 0 0 0 0 0 0 0 0 0 0 0 0 
9 37 15 93 38 197 60 269 93 338 127 394 182 450 232 485 272 498 361 480 400 458 459 397 478 349 497 266 499 141 480 26 424 -106 344 -189 308 -210 232 -221 152 -181 95 -120 59 -61 38 -13 1 72 -38 205 0 0 0 0 0 0 0 0 0 0 0 0 0 0 0 0 0 0 0 0 0 0 0 0 0 0 0 0 0 0 0 0 0 0 0 0 0 0 0 0 0 0 0 0 0 0 0 0 0 0 0 0 0 0 0 0 0 0 0 0 0 0 0 0 0 0 0 0 0 0 0 0 0 0 0 0 0 0 0 0 0 0 0 0 0 0 0 0 0 0 0 0 0 0 0 0 0 0 
0 0 0 0 0 0 0 0 0 1 0 0 0 0 0 0 0 0 0 0 0 0 
