500 315 500 315 379 499 309 315 213 499 85 499 15 315 -90 315 -185 499 -283 499 -369 499 -407 78 500 384 23 500 23 500 27 379 29 309 30 213 34 85 32 15 32 -90 34 -185 34 -283 32 -369 30 -407 30 -407 0 0 0 0 0 0 0 0 0 0 0 0 0 0 0 0 0 0 0 0 0 0 0 0 0 0 0 0 0 0 0 0 0 0 0 0 0 0 0 0 0 0 0 0 0 0 0 0 0 0 0 0 0 0 0 0 0 0 0 0 0 0 0 0 0 0 0 0 0 0 0 0 0 0 0 0 0 0 0 0 0 0 0 0 0 0 0 0 0 0 0 0 0 0 0 0 0 0 
0 0 0 0 0 0 0 0 0 0 0 0 0 1 0 0 0 0 0 0 0 0 
498 363 440 500 416 363 334 363 272 363 169 204 150 363 108 363 30 363 -30 363 -110 363 -188 500 -258 500 -329 500 -369 0 499 498 499 498 495 440 495 416 492 334 490 272 485 169 483 150 480 108 471 30 467 -30 461 -110 457 -188 452 -258 445 -329 433 -369 -20 -364 -20 -364 0 0 0 0 0 0 0 0 0 0 0 0 0 0 0 0 0 0 0 0 0 0 0 0 0 0 0 0 0 0 0 0 0 0 0 0 0 0 0 0 0 0 0 0 0 0 0 0 0 0 0 0 0 0 0 0 0 0 0 0 0 0 0 0 0 0 0 0 0 0 0 0 0 0 0 0 0 0 0 0 0 0 0 0 
0 0 0 0 0 0 0 0 0 0 0 0 0 1 0 0 0 0 0 0 0 0 
421 500 425 474 438 424 455 356 468 299 478 212 488 125 495 58 495 -23 495 -94 498 -214 495 -266 491 -344 481 -398 481 -398 500 500 474 363 424 363 356 363 299 363 212 500 125 500 58 500 -23 500 -94 500 -214 363 -266 363 -344 363 -398 204 0 0 0 0 0 0 0 0 0 0 0 0 0 0 0 0 0 0 0 0 0 0 0 0 0 0 0 0 0 0 0 0 0 0 0 0 0 0 0 0 0 0 0 0 0 0 0 0 0 0 0 0 0 0 0 0 0 0 0 0 0 0 0 0 0 0 0 0 0 0 0 0 0 0 0 0 0 0 0 0 0 0 0 0 0 0 0 0 0 0 0 0 
0 0 0 0 0 0 0 0 0 0 0 0 0 1 0 0 0 0 0 0 0 0 
499 489 395 387 290 387 188 387 88 387 -10 265 -107 387 -217 387 -303 387 118 499 118 499 120 395 122 290 125 188 125 88 122 -10 120 -107 120 -217 118 -303 500 -349 500 -349 0 0 0 0 0 0 0 0 0 0 0 0 0 0 0 0 0 0 0 0 0 0 0 0 0 0 0 0 0 0 0 0 0 0 0 0 0 0 0 0 0 0 0 0 0 0 0 0 0 0 0 0 0 0 0 0 0 0 0 0 0 0 0 0 0 0 0 0 0 0 0 0 0 0 0 0 0 0 0 0 0 0 0 0 0 0 0 0 0 0 0 0 0 0 0 0 0 0 0 0 0 0 0 0 0 0 0 0 
0 0 0 0 0 0 0 0 0 0 0 0 0 1 0 0 0 0 0 0 0 0 
500 500 500 476 496 385 486 299 479 184 476 100 465 -9 458 -86 445 -161 428 -224 410 -289 407 -294 500 363 476 363 385 363 299 363 184 363 100 363 -9 363 -86 363 -161 500 -224 500 -289 204 0 0 0 0 0 0 0 0 0 0 0 0 0 0 0 0 0 0 0 0 0 0 0 0 0 0 0 0 0 0 0 0 0 0 0 0 0 0 0 0 0 0 0 0 0 0 0 0 0 0 0 0 0 0 0 0 0 0 0 0 0 0 0 0 0 0 0 0 0 0 0 0 0 0 0 0 0 0 0 0 0 0 0 0 0 0 0 0 0 0 0 0 0 0 0 0 0 0 0 0 0 0 0 0 
0 0 0 0 0 0 0 0 0 0 0 0 0 1 0 0 0 0 0 0 0 0 
