-5 -318 -2 -290 -2 -237 -2 -152 0 -72 0 8 0 111 0 194 5 290 10 351 12 373 17 412 20 432 28 500 500 467 500 467 500 486 117 -383 121 -358 129 -298 132 -222 137 -142 137 -64 135 39 135 105 137 234 139 294 139 314 139 335 140 356 139 439 499 475 499 485 497 498 496 -345 496 -345 498 -274 498 -180 496 -88 496 -4 496 96 500 165 498 283 496 372 496 395 496 414 496 414 496 498 0 0 0 0 0 0 0 0 0 0 0 0 0 0 0 0 0 0 0 0 0 0 0 0 0 0 0 0 0 0 0 0 0 0 0 0 0 0 0 0 0 0 0 0 0 0 0 0 0 0 0 0 0 0 
0 0 1 0 
-14 -357 -14 -357 0 -272 7 -186 14 -84 23 -23 35 77 42 136 42 155 44 175 54 274 61 380 65 461 68 500 498 452 498 474 496 482 496 482 169 -434 169 -434 181 -340 184 -254 185 -166 185 -96 189 -13 189 31 190 81 190 103 192 189 190 299 192 364 192 472 499 488 497 500 491 -380 491 -276 495 -186 496 -69 496 -29 498 57 500 103 500 154 500 175 498 264 496 343 493 407 487 499 0 0 0 0 0 0 0 0 0 0 0 0 0 0 0 0 0 0 0 0 0 0 0 0 0 0 0 0 0 0 0 0 0 0 0 0 0 0 0 0 0 0 0 0 0 0 0 0 0 0 0 0 0 0 0 0 
0 0 1 0 
471 -344 -148 -326 -148 -326 -145 -300 -143 -278 -142 -257 -140 -235 -135 -128 -135 -69 -125 52 -120 106 -112 211 -110 246 -107 331 -100 435 -97 485 -99 496 211 498 211 498 499 494 499 494 155 -350 155 -350 158 -331 161 -309 165 -289 166 -270 171 -189 174 -106 183 -6 189 71 198 145 201 185 209 289 212 348 212 461 211 498 500 483 498 492 467 -340 469 -311 469 -311 474 -287 476 -267 477 -250 481 -165 487 -75 490 0 494 88 497 159 497 227 495 294 497 380 499 431 497 500 0 0 0 0 0 0 0 0 0 0 0 0 0 0 0 0 0 0 0 0 0 0 0 0 0 0 0 0 0 0 0 0 0 0 0 0 0 0 0 0 
0 0 1 0 
84 -356 95 -330 118 -267 132 -217 155 -104 162 -50 175 45 184 126 191 254 196 315 205 395 214 480 500 450 497 467 497 500 189 -401 196 -377 212 -309 225 -258 252 -156 265 -81 274 -8 283 75 289 203 290 258 292 348 294 384 500 467 496 498 419 -348 419 -348 428 -299 439 -221 453 -105 470 0 482 83 490 152 499 289 499 353 497 479 499 498 0 0 0 0 0 0 0 0 0 0 0 0 0 0 0 0 0 0 0 0 0 0 0 0 0 0 0 0 0 0 0 0 0 0 0 0 0 0 0 0 0 0 0 0 0 0 0 0 0 0 0 0 0 0 0 0 0 0 0 0 0 0 0 0 0 0 0 0 
0 0 1 0 
500 -254 500 -180 500 -64 500 24 497 96 492 206 492 225 492 245 490 312 483 430 483 500 55 -353 60 -269 57 -182 57 -100 57 8 55 72 48 155 48 175 43 221 41 278 33 381 31 471 500 500 491 -353 491 -353 498 -273 499 -184 498 -114 495 -32 490 49 483 127 480 147 478 167 470 242 463 318 458 396 450 466 445 498 445 498 0 0 0 0 0 0 0 0 0 0 0 0 0 0 0 0 0 0 0 0 0 0 0 0 0 0 0 0 0 0 0 0 0 0 0 0 0 0 0 0 0 0 0 0 0 0 0 0 0 0 0 0 0 0 0 0 0 0 0 0 0 0 0 0 0 0 0 0 0 0 
0 0 1 0 
466 -388 491 -248 496 -186 496 -93 498 -25 498 90 498 183 489 288 484 348 475 439 475 500 499 -355 499 -355 499 -248 499 -158 497 -98 495 -4 492 100 490 161 484 261 479 317 470 402 465 454 193 478 193 498 499 -359 -136 -355 -136 -355 -123 -224 -121 -168 -118 -84 -116 0 -116 105 -121 187 -128 288 -131 349 -136 448 -135 480 462 437 460 452 452 500 0 0 0 0 0 0 0 0 0 0 0 0 0 0 0 0 0 0 0 0 0 0 0 0 0 0 0 0 0 0 0 0 0 0 0 0 0 0 0 0 0 0 0 0 0 0 0 0 0 0 0 0 0 0 0 0 0 0 0 0 0 0 0 0 0 0 0 0 
0 0 1 0 
215 -421 215 -421 227 -332 231 -230 231 -117 231 -55 229 33 227 101 227 188 227 248 227 337 229 405 499 498 499 498 500 -384 -119 -369 -119 -369 -107 -285 -106 -183 -104 -71 -106 -10 -107 75 -109 164 -107 222 -107 311 -107 393 -104 462 212 460 212 475 472 498 472 498 494 -374 495 -351 499 -260 497 -153 492 -41 490 23 487 111 485 181 487 279 483 339 482 437 478 500 0 0 0 0 0 0 0 0 0 0 0 0 0 0 0 0 0 0 0 0 0 0 0 0 0 0 0 0 0 0 0 0 0 0 0 0 0 0 0 0 0 0 0 0 0 0 0 0 0 0 0 0 0 0 0 0 0 0 0 0 0 0 0 0 
0 0 1 0 
-110 -305 -110 -305 -92 -230 -85 -150 -87 -123 -87 -30 -91 64 -100 172 -103 241 -108 320 -114 440 -112 497 196 462 198 493 500 500 500 500 194 -367 194 -367 213 -309 222 -227 223 -195 222 -111 218 -17 209 64 202 158 197 238 194 340 194 423 500 469 498 498 486 -333 493 -280 500 -200 500 -150 498 -76 494 21 488 104 479 223 477 288 472 392 472 500 0 0 0 0 0 0 0 0 0 0 0 0 0 0 0 0 0 0 0 0 0 0 0 0 0 0 0 0 0 0 0 0 0 0 0 0 0 0 0 0 0 0 0 0 0 0 0 0 0 0 0 0 0 0 0 0 0 0 0 0 0 0 0 0 0 0 0 0 
0 0 1 0 
-120 -332 -120 -332 -100 -249 -86 -172 -81 -98 -74 -13 -69 70 -65 157 -62 223 -58 306 -51 415 -48 494 500 498 500 498 500 498 500 498 113 -368 140 -281 146 -226 149 -144 155 -59 160 29 161 118 163 187 163 286 163 350 163 437 500 498 500 498 470 -320 480 -223 486 -158 494 -71 497 12 499 84 499 173 497 258 496 362 496 406 499 498 0 0 0 0 0 0 0 0 0 0 0 0 0 0 0 0 0 0 0 0 0 0 0 0 0 0 0 0 0 0 0 0 0 0 0 0 0 0 0 0 0 0 0 0 0 0 0 0 0 0 0 0 0 0 0 0 0 0 0 0 0 0 0 0 0 0 0 0 0 0 
0 0 1 0 
481 -238 491 -90 496 -16 498 98 496 169 488 309 488 446 486 498 489 -328 495 -205 496 -96 496 -30 498 66 500 158 500 219 493 359 492 399 123 432 123 470 123 498 -242 -290 -242 -290 -236 -151 -232 -69 -231 10 -224 116 -220 173 -213 270 -207 396 -207 456 499 400 497 417 486 474 478 500 478 500 0 0 0 0 0 0 0 0 0 0 0 0 0 0 0 0 0 0 0 0 0 0 0 0 0 0 0 0 0 0 0 0 0 0 0 0 0 0 0 0 0 0 0 0 0 0 0 0 0 0 0 0 0 0 0 0 0 0 0 0 0 0 0 0 0 0 0 0 0 0 0 0 0 0 0 0 0 0 0 0 
0 0 1 0 
