-260 336 -260 336 -180 361 -113 374 -40 376 37 376 97 376 158 73 188 75 229 79 302 81 357 81 416 85 500 500 500 500 500 500 500 500 -181 162 -132 230 -78 273 -5 299 69 341 119 376 490 478 499 495 -232 327 -195 362 -134 404 -74 428 11 439 65 449 187 -139 229 -135 257 -135 349 -135 383 -132 437 -118 447 498 447 498 499 -87 0 0 0 0 0 0 0 0 0 0 0 0 0 0 0 0 0 0 0 0 0 0 0 0 0 0 0 0 0 0 0 0 0 0 0 0 0 0 0 0 0 0 0 0 0 0 0 0 0 0 0 0 0 0 0 0 0 0 0 0 0 0 0 0 0 0 0 0 0 0 
0 1 0 0 
-163 350 -94 462 -44 500 36 475 96 450 143 400 190 362 236 362 269 362 354 337 387 337 415 350 462 375 499 412 -274 461 -207 481 -157 489 -86 489 -25 481 -1 477 52 473 123 461 142 461 204 469 230 469 275 477 297 481 334 497 423 -191 440 -183 469 -155 499 -106 499 -106 -315 480 -315 480 -264 492 -196 500 -125 500 -66 492 -35 485 19 478 75 476 116 473 204 476 236 476 264 478 311 480 344 488 369 95 381 102 416 133 429 150 429 150 499 -269 499 -269 0 0 0 0 0 0 0 0 0 0 0 0 0 0 0 0 0 0 0 0 0 0 0 0 0 0 0 0 0 0 0 0 0 0 0 0 0 0 0 0 
0 1 0 0 
-142 449 -59 376 23 362 107 376 171 405 224 405 284 420 366 434 413 449 499 492 -231 450 -231 450 -189 450 -90 454 -10 459 51 475 101 483 164 495 234 499 297 495 370 499 491 -209 499 -204 -264 484 -264 484 -158 481 -80 481 -24 484 69 489 110 489 187 491 269 496 330 496 409 498 416 101 426 103 500 -325 500 -325 0 0 0 0 0 0 0 0 0 0 0 0 0 0 0 0 0 0 0 0 0 0 0 0 0 0 0 0 0 0 0 0 0 0 0 0 0 0 0 0 0 0 0 0 0 0 0 0 0 0 0 0 0 0 0 0 0 0 0 0 0 0 0 0 0 0 0 0 0 0 0 0 0 0 
0 1 0 0 
-244 453 -244 453 -160 457 -88 448 0 436 40 428 100 428 173 420 203 416 245 420 313 428 347 436 382 440 395 444 442 461 490 489 499 497 499 497 499 497 -155 357 -155 357 -77 385 -19 371 58 285 109 257 167 242 222 242 249 242 301 271 347 314 381 342 415 385 443 428 466 457 499 500 499 500 499 500 -201 498 -108 496 -75 496 55 484 117 477 131 474 216 469 278 469 328 472 351 474 421 481 500 486 0 0 0 0 0 0 0 0 0 0 0 0 0 0 0 0 0 0 0 0 0 0 0 0 0 0 0 0 0 0 0 0 0 0 0 0 0 0 0 0 0 0 0 0 0 0 0 0 0 0 0 0 
0 1 0 0 
-274 62 -279 496 -279 496 -195 498 -151 498 -82 489 -15 479 66 477 137 482 198 486 272 491 334 491 431 494 480 496 475 88 499 93 -191 486 -174 500 -102 500 -73 472 20 375 64 333 107 319 161 333 231 375 270 402 344 430 423 444 500 458 -195 -211 -285 455 -285 455 -215 483 -188 491 -101 479 -53 471 -2 463 82 475 123 479 182 487 250 487 351 491 406 500 499 -219 0 0 0 0 0 0 0 0 0 0 0 0 0 0 0 0 0 0 0 0 0 0 0 0 0 0 0 0 0 0 0 0 0 0 0 0 0 0 0 0 0 0 0 0 0 0 0 0 0 0 0 0 0 0 0 0 0 0 0 0 0 0 
0 1 0 0 
-20 421 68 491 152 473 230 456 299 421 482 263 499 245 -253 497 -193 493 -120 488 -32 484 25 475 58 470 140 -262 181 -276 232 -289 235 429 235 429 400 -303 421 -298 470 -280 493 -276 499 -276 499 -276 -263 498 -263 498 -154 498 -92 498 -7 498 60 493 69 493 90 37 106 37 178 27 298 456 298 456 374 12 386 12 443 30 477 47 499 57 499 57 499 57 0 0 0 0 0 0 0 0 0 0 0 0 0 0 0 0 0 0 0 0 0 0 0 0 0 0 0 0 0 0 0 0 0 0 0 0 0 0 0 0 0 0 0 0 0 0 0 0 0 0 0 0 0 0 0 0 0 0 0 0 0 0 0 0 
0 1 0 0 
-194 468 -194 468 -194 468 -180 486 -104 495 -36 477 37 450 117 423 161 414 223 405 264 387 357 369 422 360 462 360 482 369 496 378 500 378 -259 498 -259 498 -235 133 -235 133 -219 133 -169 125 -78 103 -9 87 77 68 137 59 176 51 235 43 311 35 385 32 437 32 456 32 473 40 473 43 499 -231 499 -231 -212 498 -212 498 -142 465 -48 440 6 432 86 423 142 415 212 409 267 404 355 393 416 393 461 396 490 404 500 409 0 0 0 0 0 0 0 0 0 0 0 0 0 0 0 0 0 0 0 0 0 0 0 0 0 0 0 0 0 0 0 0 0 0 0 0 0 0 0 0 0 0 0 0 0 0 0 0 
0 1 0 0 
-180 500 -180 500 -180 500 -1 473 56 469 90 469 209 461 279 458 327 458 413 461 499 480 -149 -77 -149 -77 -201 470 -201 470 -133 -81 -126 -85 55 -129 98 -129 149 -133 244 -137 306 -140 357 -137 431 -125 485 -107 431 451 441 455 500 500 -192 496 -192 496 -165 -227 -150 -230 -137 494 -137 494 -19 491 71 486 78 486 192 486 253 484 309 486 380 496 407 498 440 -247 440 -247 500 -235 469 153 469 153 0 0 0 0 0 0 0 0 0 0 0 0 0 0 0 0 0 0 0 0 0 0 0 0 0 0 0 0 0 0 0 0 0 0 0 0 0 0 0 0 0 0 0 0 0 0 0 0 0 0 0 0 0 0 0 0 
0 1 0 0 
-75 446 -4 450 81 466 196 478 237 482 296 482 407 486 498 498 -152 -244 -84 -248 -44 -248 27 -244 116 -228 147 -228 206 -220 264 -213 338 -189 312 480 341 480 424 484 500 500 -254 467 -254 467 -192 474 -140 477 -72 479 42 486 66 486 134 489 219 496 284 498 377 -295 388 -291 442 -281 499 -279 0 0 0 0 0 0 0 0 0 0 0 0 0 0 0 0 0 0 0 0 0 0 0 0 0 0 0 0 0 0 0 0 0 0 0 0 0 0 0 0 0 0 0 0 0 0 0 0 0 0 0 0 0 0 0 0 0 0 0 0 0 0 0 0 0 0 0 0 0 0 0 0 0 0 0 0 0 0 0 0 
0 1 0 0 
-196 500 -76 473 -20 461 3 454 101 440 247 454 247 454 247 454 247 454 247 454 247 454 467 480 467 480 499 485 499 485 -165 405 -165 405 -67 316 -15 277 36 257 94 237 94 237 191 237 191 237 215 247 228 247 239 257 270 287 366 415 376 425 400 445 427 475 435 485 489 495 499 485 499 485 499 485 -272 498 -224 83 -220 83 -220 83 -157 71 -100 64 -56 59 2 54 2 54 98 57 124 57 124 57 175 64 198 66 198 66 290 78 315 80 364 90 374 92 384 95 469 114 491 123 499 125 499 125 499 125 499 125 0 0 0 0 0 0 0 0 0 0 0 0 0 0 0 0 0 0 0 0 0 0 0 0 
0 1 0 0 
