110 150 22
499 17 475 20 410 12 356 5 299 0 223 -7 183 -10 123 -12 64 -10 19 7 -11 40 -26 106 -28 205 -23 304 -17 388 -9 500 0 0 0 0 0 0 0 0 0 0 0 0 0 0 0 0 0 0 0 0 0 0 0 0 0 0 0 0 0 0 0 0 0 0 0 0 0 0 0 0 0 0 0 0 0 0 0 0 0 0 0 0 0 0 0 0 0 0 0 0 0 0 0 0 0 0 0 0 0 0 0 0 0 0 0 0 0 0 0 0 0 0 0 0 0 0 0 0 0 0 0 0 0 0 0 0 0 0 0 0 0 0 0 0 0 0 0 0 0 0 0 0 0 0 0 0 0 0 
1 0 0 0 0 0 0 0 0 0 0 0 0 0 0 0 0 0 0 0 0 0 
499 49 482 49 411 52 353 52 296 52 239 46 200 38 143 32 88 24 34 24 -13 35 -51 98 -58 191 -52 326 -44 413 -35 498 0 0 0 0 0 0 0 0 0 0 0 0 0 0 0 0 0 0 0 0 0 0 0 0 0 0 0 0 0 0 0 0 0 0 0 0 0 0 0 0 0 0 0 0 0 0 0 0 0 0 0 0 0 0 0 0 0 0 0 0 0 0 0 0 0 0 0 0 0 0 0 0 0 0 0 0 0 0 0 0 0 0 0 0 0 0 0 0 0 0 0 0 0 0 0 0 0 0 0 0 0 0 0 0 0 0 0 0 0 0 0 0 0 0 0 0 0 0 
1 0 0 0 0 0 0 0 0 0 0 0 0 0 0 0 0 0 0 0 0 0 
500 16 485 9 427 -4 388 -16 327 -30 271 -39 217 -49 153 -60 100 -63 37 -49 -3 -14 -32 39 -54 126 -64 238 -67 299 -62 414 -51 498 0 0 0 0 0 0 0 0 0 0 0 0 0 0 0 0 0 0 0 0 0 0 0 0 0 0 0 0 0 0 0 0 0 0 0 0 0 0 0 0 0 0 0 0 0 0 0 0 0 0 0 0 0 0 0 0 0 0 0 0 0 0 0 0 0 0 0 0 0 0 0 0 0 0 0 0 0 0 0 0 0 0 0 0 0 0 0 0 0 0 0 0 0 0 0 0 0 0 0 0 0 0 0 0 0 0 0 0 0 0 0 0 0 0 0 0 
1 0 0 0 0 0 0 0 0 0 0 0 0 0 0 0 0 0 0 0 0 0 
499 30 481 19 439 4 387 -7 335 -19 294 -23 242 -26 156 -19 124 -9 76 4 36 30 -3 85 -21 159 -19 263 -10 351 -3 432 3 498 0 0 0 0 0 0 0 0 0 0 0 0 0 0 0 0 0 0 0 0 0 0 0 0 0 0 0 0 0 0 0 0 0 0 0 0 0 0 0 0 0 0 0 0 0 0 0 0 0 0 0 0 0 0 0 0 0 0 0 0 0 0 0 0 0 0 0 0 0 0 0 0 0 0 0 0 0 0 0 0 0 0 0 0 0 0 0 0 0 0 0 0 0 0 0 0 0 0 0 0 0 0 0 0 0 0 0 0 0 0 0 0 0 0 0 0 
1 0 0 0 0 0 0 0 0 0 0 0 0 0 0 0 0 0 0 0 0 0 
499 35 482 31 424 28 346 23 300 21 216 23 177 26 118 38 68 59 29 95 -3 172 -9 223 -11 342 -11 410 -9 498 0 0 0 0 0 0 0 0 0 0 0 0 0 0 0 0 0 0 0 0 0 0 0 0 0 0 0 0 0 0 0 0 0 0 0 0 0 0 0 0 0 0 0 0 0 0 0 0 0 0 0 0 0 0 0 0 0 0 0 0 0 0 0 0 0 0 0 0 0 0 0 0 0 0 0 0 0 0 0 0 0 0 0 0 0 0 0 0 0 0 0 0 0 0 0 0 0 0 0 0 0 0 0 0 0 0 0 0 0 0 0 0 0 0 0 0 0 0 0 0 
1 0 0 0 0 0 0 0 0 0 0 0 0 0 0 0 0 0 0 0 0 0 
499 359 470 381 440 403 400 429 343 455 322 466 265 485 207 496 148 500 95 481 50 448 6 355 -16 266 -30 151 -30 -37 -25 -159 -13 -266 0 0 0 0 0 0 0 0 0 0 0 0 0 0 0 0 0 0 0 0 0 0 0 0 0 0 0 0 0 0 0 0 0 0 0 0 0 0 0 0 0 0 0 0 0 0 0 0 0 0 0 0 0 0 0 0 0 0 0 0 0 0 0 0 0 0 0 0 0 0 0 0 0 0 0 0 0 0 0 0 0 0 0 0 0 0 0 0 0 0 0 0 0 0 0 0 0 0 0 0 0 0 0 0 0 0 0 0 0 0 0 0 0 0 0 0 
0 1 0 0 0 0 0 0 0 0 0 0 0 0 0 0 0 0 0 0 0 0 
499 427 479 435 434 454 378 465 321 473 263 484 205 492 148 500 92 488 28 435 1 393 -34 282 -44 206 -46 72 -39 -64 -28 -179 0 0 0 0 0 0 0 0 0 0 0 0 0 0 0 0 0 0 0 0 0 0 0 0 0 0 0 0 0 0 0 0 0 0 0 0 0 0 0 0 0 0 0 0 0 0 0 0 0 0 0 0 0 0 0 0 0 0 0 0 0 0 0 0 0 0 0 0 0 0 0 0 0 0 0 0 0 0 0 0 0 0 0 0 0 0 0 0 0 0 0 0 0 0 0 0 0 0 0 0 0 0 0 0 0 0 0 0 0 0 0 0 0 0 0 0 0 0 
0 1 0 0 0 0 0 0 0 0 0 0 0 0 0 0 0 0 0 0 0 0 
500 375 483 371 473 375 454 382 416 397 362 427 326 442 267 468 226 483 165 498 114 498 47 453 6 356 -16 252 -27 171 -37 48 -42 -118 -40 -241 0 0 0 0 0 0 0 0 0 0 0 0 0 0 0 0 0 0 0 0 0 0 0 0 0 0 0 0 0 0 0 0 0 0 0 0 0 0 0 0 0 0 0 0 0 0 0 0 0 0 0 0 0 0 0 0 0 0 0 0 0 0 0 0 0 0 0 0 0 0 0 0 0 0 0 0 0 0 0 0 0 0 0 0 0 0 0 0 0 0 0 0 0 0 0 0 0 0 0 0 0 0 0 0 0 0 0 0 0 0 0 0 0 0 
0 1 0 0 0 0 0 0 0 0 0 0 0 0 0 0 0 0 0 0 0 0 
499 417 478 421 442 432 393 444 353 455 296 471 222 490 162 498 81 459 45 383 14 210 6 84 0 -61 0 -187 0 0 0 0 0 0 0 0 0 0 0 0 0 0 0 0 0 0 0 0 0 0 0 0 0 0 0 0 0 0 0 0 0 0 0 0 0 0 0 0 0 0 0 0 0 0 0 0 0 0 0 0 0 0 0 0 0 0 0 0 0 0 0 0 0 0 0 0 0 0 0 0 0 0 0 0 0 0 0 0 0 0 0 0 0 0 0 0 0 0 0 0 0 0 0 0 0 0 0 0 0 0 0 0 0 0 0 0 0 0 0 0 0 0 0 0 0 0 0 0 0 0 
0 1 0 0 0 0 0 0 0 0 0 0 0 0 0 0 0 0 0 0 0 0 
499 377 482 388 438 418 384 451 316 477 259 496 182 500 130 481 66 440 32 370 6 248 4 -7 17 -159 26 -248 0 0 0 0 0 0 0 0 0 0 0 0 0 0 0 0 0 0 0 0 0 0 0 0 0 0 0 0 0 0 0 0 0 0 0 0 0 0 0 0 0 0 0 0 0 0 0 0 0 0 0 0 0 0 0 0 0 0 0 0 0 0 0 0 0 0 0 0 0 0 0 0 0 0 0 0 0 0 0 0 0 0 0 0 0 0 0 0 0 0 0 0 0 0 0 0 0 0 0 0 0 0 0 0 0 0 0 0 0 0 0 0 0 0 0 0 0 0 0 0 0 0 
0 1 0 0 0 0 0 0 0 0 0 0 0 0 0 0 0 0 0 0 0 0 
-29 143 37 116 64 106 114 84 141 75 206 55 283 46 325 50 382 72 422 109 459 155 477 196 491 274 499 388 499 478 499 499 0 0 0 0 0 0 0 0 0 0 0 0 0 0 0 0 0 0 0 0 0 0 0 0 0 0 0 0 0 0 0 0 0 0 0 0 0 0 0 0 0 0 0 0 0 0 0 0 0 0 0 0 0 0 0 0 0 0 0 0 0 0 0 0 0 0 0 0 0 0 0 0 0 0 0 0 0 0 0 0 0 0 0 0 0 0 0 0 0 0 0 0 0 0 0 0 0 0 0 0 0 0 0 0 0 0 0 0 0 0 0 0 0 0 0 0 0 0 
0 0 1 0 0 0 0 0 0 0 0 0 0 0 0 0 0 0 0 0 0 0 
-44 147 -11 133 53 109 121 85 147 78 207 64 230 59 306 47 393 69 422 90 467 155 472 167 497 279 499 336 495 427 485 498 0 0 0 0 0 0 0 0 0 0 0 0 0 0 0 0 0 0 0 0 0 0 0 0 0 0 0 0 0 0 0 0 0 0 0 0 0 0 0 0 0 0 0 0 0 0 0 0 0 0 0 0 0 0 0 0 0 0 0 0 0 0 0 0 0 0 0 0 0 0 0 0 0 0 0 0 0 0 0 0 0 0 0 0 0 0 0 0 0 0 0 0 0 0 0 0 0 0 0 0 0 0 0 0 0 0 0 0 0 0 0 0 0 0 0 0 0 0 
0 0 1 0 0 0 0 0 0 0 0 0 0 0 0 0 0 0 0 0 0 0 
-54 116 -38 114 94 87 106 85 201 65 243 53 288 43 355 34 418 46 471 107 493 204 499 267 495 357 485 442 472 498 0 0 0 0 0 0 0 0 0 0 0 0 0 0 0 0 0 0 0 0 0 0 0 0 0 0 0 0 0 0 0 0 0 0 0 0 0 0 0 0 0 0 0 0 0 0 0 0 0 0 0 0 0 0 0 0 0 0 0 0 0 0 0 0 0 0 0 0 0 0 0 0 0 0 0 0 0 0 0 0 0 0 0 0 0 0 0 0 0 0 0 0 0 0 0 0 0 0 0 0 0 0 0 0 0 0 0 0 0 0 0 0 0 0 0 0 0 0 0 0 
0 0 1 0 0 0 0 0 0 0 0 0 0 0 0 0 0 0 0 0 0 0 
-88 133 -73 125 6 84 31 74 54 64 111 48 171 38 234 38 307 56 358 89 397 133 441 202 471 271 490 343 499 394 499 500 0 0 0 0 0 0 0 0 0 0 0 0 0 0 0 0 0 0 0 0 0 0 0 0 0 0 0 0 0 0 0 0 0 0 0 0 0 0 0 0 0 0 0 0 0 0 0 0 0 0 0 0 0 0 0 0 0 0 0 0 0 0 0 0 0 0 0 0 0 0 0 0 0 0 0 0 0 0 0 0 0 0 0 0 0 0 0 0 0 0 0 0 0 0 0 0 0 0 0 0 0 0 0 0 0 0 0 0 0 0 0 0 0 0 0 0 0 0 
0 0 1 0 0 0 0 0 0 0 0 0 0 0 0 0 0 0 0 0 0 0 
-99 173 -72 153 -20 131 6 122 80 97 108 89 153 72 242 55 340 75 376 89 445 142 468 181 493 251 499 349 490 421 473 500 0 0 0 0 0 0 0 0 0 0 0 0 0 0 0 0 0 0 0 0 0 0 0 0 0 0 0 0 0 0 0 0 0 0 0 0 0 0 0 0 0 0 0 0 0 0 0 0 0 0 0 0 0 0 0 0 0 0 0 0 0 0 0 0 0 0 0 0 0 0 0 0 0 0 0 0 0 0 0 0 0 0 0 0 0 0 0 0 0 0 0 0 0 0 0 0 0 0 0 0 0 0 0 0 0 0 0 0 0 0 0 0 0 0 0 0 0 0 
0 0 1 0 0 0 0 0 0 0 0 0 0 0 0 0 0 0 0 0 0 0 
-85 444 -66 444 56 462 103 480 166 491 232 498 319 491 387 459 431 412 460 327 493 103 496 -49 499 -163 0 0 0 0 0 0 0 0 0 0 0 0 0 0 0 0 0 0 0 0 0 0 0 0 0 0 0 0 0 0 0 0 0 0 0 0 0 0 0 0 0 0 0 0 0 0 0 0 0 0 0 0 0 0 0 0 0 0 0 0 0 0 0 0 0 0 0 0 0 0 0 0 0 0 0 0 0 0 0 0 0 0 0 0 0 0 0 0 0 0 0 0 0 0 0 0 0 0 0 0 0 0 0 0 0 0 0 0 0 0 0 0 0 0 0 0 0 0 0 0 0 0 0 0 
0 0 0 1 0 0 0 0 0 0 0 0 0 0 0 0 0 0 0 0 0 0 
-78 400 -62 404 8 431 35 438 106 458 200 482 245 489 308 500 343 496 411 455 439 417 478 315 495 212 500 133 496 68 488 -23 480 -99 470 -188 0 0 0 0 0 0 0 0 0 0 0 0 0 0 0 0 0 0 0 0 0 0 0 0 0 0 0 0 0 0 0 0 0 0 0 0 0 0 0 0 0 0 0 0 0 0 0 0 0 0 0 0 0 0 0 0 0 0 0 0 0 0 0 0 0 0 0 0 0 0 0 0 0 0 0 0 0 0 0 0 0 0 0 0 0 0 0 0 0 0 0 0 0 0 0 0 0 0 0 0 0 0 0 0 0 0 0 0 0 0 0 0 0 0 
0 0 0 1 0 0 0 0 0 0 0 0 0 0 0 0 0 0 0 0 0 0 
-22 454 0 457 95 478 141 484 223 491 306 498 370 498 444 474 477 417 500 323 498 158 489 33 480 -37 460 -164 446 -239 0 0 0 0 0 0 0 0 0 0 0 0 0 0 0 0 0 0 0 0 0 0 0 0 0 0 0 0 0 0 0 0 0 0 0 0 0 0 0 0 0 0 0 0 0 0 0 0 0 0 0 0 0 0 0 0 0 0 0 0 0 0 0 0 0 0 0 0 0 0 0 0 0 0 0 0 0 0 0 0 0 0 0 0 0 0 0 0 0 0 0 0 0 0 0 0 0 0 0 0 0 0 0 0 0 0 0 0 0 0 0 0 0 0 0 0 0 0 0 0 
0 0 0 1 0 0 0 0 0 0 0 0 0 0 0 0 0 0 0 0 0 0 
-54 500 -36 500 54 500 103 500 208 492 274 484 302 477 368 462 433 409 463 360 487 259 496 172 500 41 487 -127 479 -233 0 0 0 0 0 0 0 0 0 0 0 0 0 0 0 0 0 0 0 0 0 0 0 0 0 0 0 0 0 0 0 0 0 0 0 0 0 0 0 0 0 0 0 0 0 0 0 0 0 0 0 0 0 0 0 0 0 0 0 0 0 0 0 0 0 0 0 0 0 0 0 0 0 0 0 0 0 0 0 0 0 0 0 0 0 0 0 0 0 0 0 0 0 0 0 0 0 0 0 0 0 0 0 0 0 0 0 0 0 0 0 0 0 0 0 0 0 0 0 0 
0 0 0 1 0 0 0 0 0 0 0 0 0 0 0 0 0 0 0 0 0 0 
-47 432 -29 435 75 450 135 461 202 476 270 487 318 498 379 490 448 402 474 260 481 175 495 14 499 -65 495 -175 0 0 0 0 0 0 0 0 0 0 0 0 0 0 0 0 0 0 0 0 0 0 0 0 0 0 0 0 0 0 0 0 0 0 0 0 0 0 0 0 0 0 0 0 0 0 0 0 0 0 0 0 0 0 0 0 0 0 0 0 0 0 0 0 0 0 0 0 0 0 0 0 0 0 0 0 0 0 0 0 0 0 0 0 0 0 0 0 0 0 0 0 0 0 0 0 0 0 0 0 0 0 0 0 0 0 0 0 0 0 0 0 0 0 0 0 0 0 0 0 0 0 
0 0 0 1 0 0 0 0 0 0 0 0 0 0 0 0 0 0 0 0 0 0 
458 -270 430 -250 375 -199 330 -157 285 -113 234 -62 166 5 95 65 -1 136 -45 163 -96 208 -85 255 -7 300 46 330 74 342 131 369 255 407 371 446 397 455 499 500 0 0 0 0 0 0 0 0 0 0 0 0 0 0 0 0 0 0 0 0 0 0 0 0 0 0 0 0 0 0 0 0 0 0 0 0 0 0 0 0 0 0 0 0 0 0 0 0 0 0 0 0 0 0 0 0 0 0 0 0 0 0 0 0 0 0 0 0 0 0 0 0 0 0 0 0 0 0 0 0 0 0 0 0 0 0 0 0 0 0 0 0 0 0 0 0 0 0 0 0 0 0 0 0 0 0 0 0 0 0 
0 0 0 0 1 0 0 0 0 0 0 0 0 0 0 0 0 0 0 0 0 0 
499 -269 452 -242 392 -197 345 -168 299 -142 251 -105 201 -68 152 -36 102 7 49 42 1 65 -22 76 -72 100 -118 121 -131 158 -62 213 -20 248 44 287 92 313 145 340 192 372 241 398 273 414 328 440 376 464 425 482 467 498 0 0 0 0 0 0 0 0 0 0 0 0 0 0 0 0 0 0 0 0 0 0 0 0 0 0 0 0 0 0 0 0 0 0 0 0 0 0 0 0 0 0 0 0 0 0 0 0 0 0 0 0 0 0 0 0 0 0 0 0 0 0 0 0 0 0 0 0 0 0 0 0 0 0 0 0 0 0 0 0 0 0 0 0 0 0 0 0 0 0 0 0 0 0 0 0 
0 0 0 0 1 0 0 0 0 0 0 0 0 0 0 0 0 0 0 0 0 0 
500 -267 469 -240 416 -195 387 -173 321 -133 272 -98 223 -66 172 -37 118 -5 63 32 9 64 -37 88 -69 109 -120 147 -134 179 -53 245 -12 280 20 302 99 342 148 371 199 401 251 419 321 435 370 457 416 478 449 500 0 0 0 0 0 0 0 0 0 0 0 0 0 0 0 0 0 0 0 0 0 0 0 0 0 0 0 0 0 0 0 0 0 0 0 0 0 0 0 0 0 0 0 0 0 0 0 0 0 0 0 0 0 0 0 0 0 0 0 0 0 0 0 0 0 0 0 0 0 0 0 0 0 0 0 0 0 0 0 0 0 0 0 0 0 0 0 0 0 0 0 0 0 0 0 0 0 0 
0 0 0 0 1 0 0 0 0 0 0 0 0 0 0 0 0 0 0 0 0 0 
457 -291 414 -270 357 -235 314 -202 275 -177 230 -149 183 -111 135 -78 88 -48 42 -12 -2 20 -39 45 -77 86 -100 111 -122 139 -82 215 -45 250 7 270 57 293 127 331 173 354 220 372 285 400 333 422 380 445 441 468 479 488 500 498 0 0 0 0 0 0 0 0 0 0 0 0 0 0 0 0 0 0 0 0 0 0 0 0 0 0 0 0 0 0 0 0 0 0 0 0 0 0 0 0 0 0 0 0 0 0 0 0 0 0 0 0 0 0 0 0 0 0 0 0 0 0 0 0 0 0 0 0 0 0 0 0 0 0 0 0 0 0 0 0 0 0 0 0 0 0 0 0 0 0 0 0 0 0 
0 0 0 0 1 0 0 0 0 0 0 0 0 0 0 0 0 0 0 0 0 0 
457 -263 444 -261 379 -230 355 -215 311 -194 268 -167 223 -141 178 -110 131 -83 86 -52 42 -16 -1 11 -21 26 -63 59 -100 88 -128 107 -159 129 -185 155 -155 206 -97 239 -55 261 -1 292 55 323 104 345 162 371 208 390 271 417 305 424 357 438 418 462 459 479 500 498 0 0 0 0 0 0 0 0 0 0 0 0 0 0 0 0 0 0 0 0 0 0 0 0 0 0 0 0 0 0 0 0 0 0 0 0 0 0 0 0 0 0 0 0 0 0 0 0 0 0 0 0 0 0 0 0 0 0 0 0 0 0 0 0 0 0 0 0 0 0 0 0 0 0 0 0 0 0 0 0 0 0 0 0 0 0 
0 0 0 0 1 0 0 0 0 0 0 0 0 0 0 0 0 0 0 0 0 0 
500 286 478 286 407 290 369 298 307 310 244 322 180 330 114 346 47 362 16 370 -42 391 -79 407 -140 423 -78 459 -11 483 47 495 109 500 172 500 236 491 298 471 356 455 397 443 469 411 500 399 0 0 0 0 0 0 0 0 0 0 0 0 0 0 0 0 0 0 0 0 0 0 0 0 0 0 0 0 0 0 0 0 0 0 0 0 0 0 0 0 0 0 0 0 0 0 0 0 0 0 0 0 0 0 0 0 0 0 0 0 0 0 0 0 0 0 0 0 0 0 0 0 0 0 0 0 0 0 0 0 0 0 0 0 0 0 0 0 0 0 0 0 0 0 0 0 0 0 0 0 0 0 
0 0 0 0 1 0 0 0 0 0 0 0 0 0 0 0 0 0 0 0 0 0 
500 300 465 304 377 316 321 312 238 312 181 312 99 320 42 335 -13 351 -52 363 -123 375 -158 382 -194 394 -78 406 -19 417 39 425 93 441 148 460 208 468 267 480 320 492 359 496 422 500 0 0 0 0 0 0 0 0 0 0 0 0 0 0 0 0 0 0 0 0 0 0 0 0 0 0 0 0 0 0 0 0 0 0 0 0 0 0 0 0 0 0 0 0 0 0 0 0 0 0 0 0 0 0 0 0 0 0 0 0 0 0 0 0 0 0 0 0 0 0 0 0 0 0 0 0 0 0 0 0 0 0 0 0 0 0 0 0 0 0 0 0 0 0 0 0 0 0 0 0 0 0 0 0 
0 0 0 0 1 0 0 0 0 0 0 0 0 0 0 0 0 0 0 0 0 0 
499 335 465 339 378 358 327 369 256 381 204 392 146 400 89 403 14 400 -42 403 -99 396 -148 396 -164 415 -79 452 -23 460 17 460 80 460 136 456 209 464 251 467 323 483 377 490 433 498 0 0 0 0 0 0 0 0 0 0 0 0 0 0 0 0 0 0 0 0 0 0 0 0 0 0 0 0 0 0 0 0 0 0 0 0 0 0 0 0 0 0 0 0 0 0 0 0 0 0 0 0 0 0 0 0 0 0 0 0 0 0 0 0 0 0 0 0 0 0 0 0 0 0 0 0 0 0 0 0 0 0 0 0 0 0 0 0 0 0 0 0 0 0 0 0 0 0 0 0 0 0 0 0 
0 0 0 0 1 0 0 0 0 0 0 0 0 0 0 0 0 0 0 0 0 0 
500 59 463 66 304 125 187 181 123 198 59 214 0 231 -51 250 -85 264 -134 283 -123 303 -50 330 4 339 42 346 131 363 207 382 259 399 294 415 358 448 391 468 431 491 442 498 0 0 0 0 0 0 0 0 0 0 0 0 0 0 0 0 0 0 0 0 0 0 0 0 0 0 0 0 0 0 0 0 0 0 0 0 0 0 0 0 0 0 0 0 0 0 0 0 0 0 0 0 0 0 0 0 0 0 0 0 0 0 0 0 0 0 0 0 0 0 0 0 0 0 0 0 0 0 0 0 0 0 0 0 0 0 0 0 0 0 0 0 0 0 0 0 0 0 0 0 0 0 0 0 0 0 
0 0 0 0 1 0 0 0 0 0 0 0 0 0 0 0 0 0 0 0 0 0 
489 -32 466 -28 379 3 331 25 297 38 208 73 153 108 97 137 43 169 -6 189 -61 211 -124 256 -154 272 -189 298 -180 310 -81 330 -21 333 37 342 96 349 156 362 210 387 264 407 315 435 361 455 399 467 454 483 499 500 0 0 0 0 0 0 0 0 0 0 0 0 0 0 0 0 0 0 0 0 0 0 0 0 0 0 0 0 0 0 0 0 0 0 0 0 0 0 0 0 0 0 0 0 0 0 0 0 0 0 0 0 0 0 0 0 0 0 0 0 0 0 0 0 0 0 0 0 0 0 0 0 0 0 0 0 0 0 0 0 0 0 0 0 0 0 0 0 0 0 0 0 0 0 0 0 
0 0 0 0 1 0 0 0 0 0 0 0 0 0 0 0 0 0 0 0 0 0 
-151 56 -133 59 -67 76 -35 82 20 109 75 132 134 152 195 182 258 201 316 221 374 254 424 284 453 311 499 350 474 403 405 430 348 437 278 447 181 450 117 450 54 456 14 463 -57 480 -97 486 -158 500 0 0 0 0 0 0 0 0 0 0 0 0 0 0 0 0 0 0 0 0 0 0 0 0 0 0 0 0 0 0 0 0 0 0 0 0 0 0 0 0 0 0 0 0 0 0 0 0 0 0 0 0 0 0 0 0 0 0 0 0 0 0 0 0 0 0 0 0 0 0 0 0 0 0 0 0 0 0 0 0 0 0 0 0 0 0 0 0 0 0 0 0 0 0 0 0 0 0 0 0 
0 0 0 0 0 1 0 0 0 0 0 0 0 0 0 0 0 0 0 0 0 0 
-170 137 -135 144 -59 173 -4 191 54 212 110 234 166 252 222 270 293 292 347 314 414 335 453 346 500 361 422 389 343 404 329 407 250 422 183 429 114 440 45 444 -52 458 -108 480 -156 498 0 0 0 0 0 0 0 0 0 0 0 0 0 0 0 0 0 0 0 0 0 0 0 0 0 0 0 0 0 0 0 0 0 0 0 0 0 0 0 0 0 0 0 0 0 0 0 0 0 0 0 0 0 0 0 0 0 0 0 0 0 0 0 0 0 0 0 0 0 0 0 0 0 0 0 0 0 0 0 0 0 0 0 0 0 0 0 0 0 0 0 0 0 0 0 0 0 0 0 0 0 0 0 0 
0 0 0 0 0 1 0 0 0 0 0 0 0 0 0 0 0 0 0 0 0 0 
-198 108 -160 122 -78 149 -17 176 41 189 105 206 168 220 230 230 286 244 342 264 394 291 429 311 466 335 500 366 427 430 373 450 315 461 232 464 189 467 102 467 59 467 -20 474 -92 488 -126 498 0 0 0 0 0 0 0 0 0 0 0 0 0 0 0 0 0 0 0 0 0 0 0 0 0 0 0 0 0 0 0 0 0 0 0 0 0 0 0 0 0 0 0 0 0 0 0 0 0 0 0 0 0 0 0 0 0 0 0 0 0 0 0 0 0 0 0 0 0 0 0 0 0 0 0 0 0 0 0 0 0 0 0 0 0 0 0 0 0 0 0 0 0 0 0 0 0 0 0 0 0 0 
0 0 0 0 0 1 0 0 0 0 0 0 0 0 0 0 0 0 0 0 0 0 
-140 46 -104 54 -26 77 29 97 67 116 160 147 202 163 278 190 348 229 417 264 456 287 499 315 426 357 391 369 331 392 275 412 218 428 132 443 71 451 29 463 -29 482 -87 498 0 0 0 0 0 0 0 0 0 0 0 0 0 0 0 0 0 0 0 0 0 0 0 0 0 0 0 0 0 0 0 0 0 0 0 0 0 0 0 0 0 0 0 0 0 0 0 0 0 0 0 0 0 0 0 0 0 0 0 0 0 0 0 0 0 0 0 0 0 0 0 0 0 0 0 0 0 0 0 0 0 0 0 0 0 0 0 0 0 0 0 0 0 0 0 0 0 0 0 0 0 0 0 0 0 0 
0 0 0 0 0 1 0 0 0 0 0 0 0 0 0 0 0 0 0 0 0 0 
-134 56 -100 77 -26 125 27 155 82 185 136 215 213 245 271 262 345 288 401 310 455 336 499 366 435 422 375 439 335 448 249 456 203 456 134 461 50 461 8 469 -44 474 -59 474 -138 487 -179 500 0 0 0 0 0 0 0 0 0 0 0 0 0 0 0 0 0 0 0 0 0 0 0 0 0 0 0 0 0 0 0 0 0 0 0 0 0 0 0 0 0 0 0 0 0 0 0 0 0 0 0 0 0 0 0 0 0 0 0 0 0 0 0 0 0 0 0 0 0 0 0 0 0 0 0 0 0 0 0 0 0 0 0 0 0 0 0 0 0 0 0 0 0 0 0 0 0 0 0 0 0 0 
0 0 0 0 0 1 0 0 0 0 0 0 0 0 0 0 0 0 0 0 0 0 
226 -342 247 -296 283 -207 319 -107 342 -34 361 43 380 121 405 198 427 269 448 331 465 376 484 442 498 500 494 340 482 134 467 -61 465 -166 465 -315 469 -392 0 0 0 0 0 0 0 0 0 0 0 0 0 0 0 0 0 0 0 0 0 0 0 0 0 0 0 0 0 0 0 0 0 0 0 0 0 0 0 0 0 0 0 0 0 0 0 0 0 0 0 0 0 0 0 0 0 0 0 0 0 0 0 0 0 0 0 0 0 0 0 0 0 0 0 0 0 0 0 0 0 0 0 0 0 0 0 0 0 0 0 0 0 0 0 0 0 0 0 0 0 0 0 0 0 0 0 0 0 0 0 0 
0 0 0 0 0 0 1 0 0 0 0 0 0 0 0 0 0 0 0 0 0 0 
228 -314 259 -221 271 -182 291 -115 315 -16 333 64 345 149 361 233 373 338 380 394 392 466 406 500 418 317 420 228 424 137 432 40 440 -50 452 -144 464 -233 476 -305 486 -358 500 -413 0 0 0 0 0 0 0 0 0 0 0 0 0 0 0 0 0 0 0 0 0 0 0 0 0 0 0 0 0 0 0 0 0 0 0 0 0 0 0 0 0 0 0 0 0 0 0 0 0 0 0 0 0 0 0 0 0 0 0 0 0 0 0 0 0 0 0 0 0 0 0 0 0 0 0 0 0 0 0 0 0 0 0 0 0 0 0 0 0 0 0 0 0 0 0 0 0 0 0 0 0 0 0 0 0 0 
0 0 0 0 0 0 1 0 0 0 0 0 0 0 0 0 0 0 0 0 0 0 
321 -322 344 -219 365 -135 384 -61 397 17 405 94 416 175 422 254 424 313 429 421 427 500 435 407 441 307 450 223 456 133 463 39 465 -46 467 -125 467 -214 469 -276 477 -355 498 -445 0 0 0 0 0 0 0 0 0 0 0 0 0 0 0 0 0 0 0 0 0 0 0 0 0 0 0 0 0 0 0 0 0 0 0 0 0 0 0 0 0 0 0 0 0 0 0 0 0 0 0 0 0 0 0 0 0 0 0 0 0 0 0 0 0 0 0 0 0 0 0 0 0 0 0 0 0 0 0 0 0 0 0 0 0 0 0 0 0 0 0 0 0 0 0 0 0 0 0 0 0 0 0 0 0 0 
0 0 0 0 0 0 1 0 0 0 0 0 0 0 0 0 0 0 0 0 0 0 
264 -320 276 -265 305 -148 326 -65 343 23 359 117 374 205 384 289 397 377 403 434 415 500 430 450 438 335 438 260 442 148 444 44 449 -54 455 -153 465 -242 480 -333 498 -411 0 0 0 0 0 0 0 0 0 0 0 0 0 0 0 0 0 0 0 0 0 0 0 0 0 0 0 0 0 0 0 0 0 0 0 0 0 0 0 0 0 0 0 0 0 0 0 0 0 0 0 0 0 0 0 0 0 0 0 0 0 0 0 0 0 0 0 0 0 0 0 0 0 0 0 0 0 0 0 0 0 0 0 0 0 0 0 0 0 0 0 0 0 0 0 0 0 0 0 0 0 0 0 0 0 0 0 0 
0 0 0 0 0 0 1 0 0 0 0 0 0 0 0 0 0 0 0 0 0 0 
266 -347 277 -299 295 -210 314 -142 331 -70 343 -6 356 76 368 159 377 238 381 293 391 396 397 446 406 498 422 376 431 284 435 196 439 100 443 0 447 -100 458 -258 460 -286 481 -411 500 -472 0 0 0 0 0 0 0 0 0 0 0 0 0 0 0 0 0 0 0 0 0 0 0 0 0 0 0 0 0 0 0 0 0 0 0 0 0 0 0 0 0 0 0 0 0 0 0 0 0 0 0 0 0 0 0 0 0 0 0 0 0 0 0 0 0 0 0 0 0 0 0 0 0 0 0 0 0 0 0 0 0 0 0 0 0 0 0 0 0 0 0 0 0 0 0 0 0 0 0 0 0 0 0 0 
0 0 0 0 0 0 1 0 0 0 0 0 0 0 0 0 0 0 0 0 0 0 
377 500 373 473 377 420 390 305 402 204 411 156 426 52 445 -74 464 -182 472 -240 483 -314 487 -322 493 -194 497 -91 500 14 497 125 500 233 497 338 495 425 491 485 0 0 0 0 0 0 0 0 0 0 0 0 0 0 0 0 0 0 0 0 0 0 0 0 0 0 0 0 0 0 0 0 0 0 0 0 0 0 0 0 0 0 0 0 0 0 0 0 0 0 0 0 0 0 0 0 0 0 0 0 0 0 0 0 0 0 0 0 0 0 0 0 0 0 0 0 0 0 0 0 0 0 0 0 0 0 0 0 0 0 0 0 0 0 0 0 0 0 0 0 0 0 0 0 0 0 0 0 0 0 
0 0 0 0 0 0 0 1 0 0 0 0 0 0 0 0 0 0 0 0 0 0 
335 396 335 363 345 221 358 126 371 28 383 -62 394 -141 406 -215 417 -270 427 -345 433 -399 469 -288 484 -199 490 -117 496 -31 498 59 498 157 498 257 498 350 496 439 496 498 0 0 0 0 0 0 0 0 0 0 0 0 0 0 0 0 0 0 0 0 0 0 0 0 0 0 0 0 0 0 0 0 0 0 0 0 0 0 0 0 0 0 0 0 0 0 0 0 0 0 0 0 0 0 0 0 0 0 0 0 0 0 0 0 0 0 0 0 0 0 0 0 0 0 0 0 0 0 0 0 0 0 0 0 0 0 0 0 0 0 0 0 0 0 0 0 0 0 0 0 0 0 0 0 0 0 0 0 
0 0 0 0 0 0 0 1 0 0 0 0 0 0 0 0 0 0 0 0 0 0 
257 499 262 439 284 252 285 235 301 116 310 16 320 -84 335 -184 347 -274 355 -351 360 -415 368 -456 380 -327 393 -233 404 -148 418 -67 428 12 435 75 452 206 466 313 477 371 499 456 0 0 0 0 0 0 0 0 0 0 0 0 0 0 0 0 0 0 0 0 0 0 0 0 0 0 0 0 0 0 0 0 0 0 0 0 0 0 0 0 0 0 0 0 0 0 0 0 0 0 0 0 0 0 0 0 0 0 0 0 0 0 0 0 0 0 0 0 0 0 0 0 0 0 0 0 0 0 0 0 0 0 0 0 0 0 0 0 0 0 0 0 0 0 0 0 0 0 0 0 0 0 0 0 0 0 
0 0 0 0 0 0 0 1 0 0 0 0 0 0 0 0 0 0 0 0 0 0 
206 432 221 343 229 297 242 206 253 117 268 24 291 -90 310 -212 325 -294 336 -370 343 -416 359 -425 390 -317 406 -243 424 -133 434 -55 443 24 454 101 464 184 471 261 481 368 490 423 500 498 0 0 0 0 0 0 0 0 0 0 0 0 0 0 0 0 0 0 0 0 0 0 0 0 0 0 0 0 0 0 0 0 0 0 0 0 0 0 0 0 0 0 0 0 0 0 0 0 0 0 0 0 0 0 0 0 0 0 0 0 0 0 0 0 0 0 0 0 0 0 0 0 0 0 0 0 0 0 0 0 0 0 0 0 0 0 0 0 0 0 0 0 0 0 0 0 0 0 0 0 0 0 0 0 
0 0 0 0 0 0 0 1 0 0 0 0 0 0 0 0 0 0 0 0 0 0 
221 429 225 382 250 263 265 185 281 95 306 -30 319 -106 350 -274 362 -353 371 -396 379 -455 400 -407 421 -316 443 -159 450 -79 462 33 468 123 472 207 481 320 499 500 0 0 0 0 0 0 0 0 0 0 0 0 0 0 0 0 0 0 0 0 0 0 0 0 0 0 0 0 0 0 0 0 0 0 0 0 0 0 0 0 0 0 0 0 0 0 0 0 0 0 0 0 0 0 0 0 0 0 0 0 0 0 0 0 0 0 0 0 0 0 0 0 0 0 0 0 0 0 0 0 0 0 0 0 0 0 0 0 0 0 0 0 0 0 0 0 0 0 0 0 0 0 0 0 0 0 0 0 0 0 
0 0 0 0 0 0 0 1 0 0 0 0 0 0 0 0 0 0 0 0 0 0 
143 184 140 146 155 16 174 -35 212 -90 259 -126 318 -140 390 -137 452 -77 477 -33 500 74 494 179 465 316 424 418 359 484 285 498 219 449 195 404 164 338 160 322 0 0 0 0 0 0 0 0 0 0 0 0 0 0 0 0 0 0 0 0 0 0 0 0 0 0 0 0 0 0 0 0 0 0 0 0 0 0 0 0 0 0 0 0 0 0 0 0 0 0 0 0 0 0 0 0 0 0 0 0 0 0 0 0 0 0 0 0 0 0 0 0 0 0 0 0 0 0 0 0 0 0 0 0 0 0 0 0 0 0 0 0 0 0 0 0 0 0 0 0 0 0 0 0 0 0 0 0 0 0 
0 0 0 0 0 0 0 0 1 0 0 0 0 0 0 0 0 0 0 0 0 0 
95 245 93 167 106 32 124 -50 154 -128 179 -173 222 -221 288 -239 370 -206 416 -158 442 -122 475 -50 495 29 499 134 489 215 471 305 451 365 405 446 379 476 313 500 242 476 174 434 144 401 115 326 99 257 0 0 0 0 0 0 0 0 0 0 0 0 0 0 0 0 0 0 0 0 0 0 0 0 0 0 0 0 0 0 0 0 0 0 0 0 0 0 0 0 0 0 0 0 0 0 0 0 0 0 0 0 0 0 0 0 0 0 0 0 0 0 0 0 0 0 0 0 0 0 0 0 0 0 0 0 0 0 0 0 0 0 0 0 0 0 0 0 0 0 0 0 0 0 0 0 0 0 0 0 
0 0 0 0 0 0 0 0 1 0 0 0 0 0 0 0 0 0 0 0 0 0 
56 232 62 169 87 38 113 -43 142 -117 177 -183 202 -221 253 -254 325 -256 395 -202 423 -161 469 -54 491 27 499 120 493 226 471 311 432 396 387 445 339 486 300 500 228 494 175 459 122 387 103 346 74 248 58 161 0 0 0 0 0 0 0 0 0 0 0 0 0 0 0 0 0 0 0 0 0 0 0 0 0 0 0 0 0 0 0 0 0 0 0 0 0 0 0 0 0 0 0 0 0 0 0 0 0 0 0 0 0 0 0 0 0 0 0 0 0 0 0 0 0 0 0 0 0 0 0 0 0 0 0 0 0 0 0 0 0 0 0 0 0 0 0 0 0 0 0 0 0 0 0 0 0 0 
0 0 0 0 0 0 0 0 1 0 0 0 0 0 0 0 0 0 0 0 0 0 
58 177 63 116 91 0 117 -66 148 -121 176 -150 231 -171 307 -158 371 -119 412 -71 440 -39 481 39 499 140 485 261 464 335 443 375 395 444 367 473 317 500 260 500 196 457 157 417 129 378 93 304 75 227 67 148 0 0 0 0 0 0 0 0 0 0 0 0 0 0 0 0 0 0 0 0 0 0 0 0 0 0 0 0 0 0 0 0 0 0 0 0 0 0 0 0 0 0 0 0 0 0 0 0 0 0 0 0 0 0 0 0 0 0 0 0 0 0 0 0 0 0 0 0 0 0 0 0 0 0 0 0 0 0 0 0 0 0 0 0 0 0 0 0 0 0 0 0 0 0 0 0 0 0 
0 0 0 0 0 0 0 0 1 0 0 0 0 0 0 0 0 0 0 0 0 0 
42 134 52 69 84 -43 114 -107 157 -157 219 -180 316 -169 389 -131 461 -52 489 14 500 87 479 212 435 323 393 387 350 446 318 475 260 498 227 498 151 451 127 411 92 306 84 244 74 134 0 0 0 0 0 0 0 0 0 0 0 0 0 0 0 0 0 0 0 0 0 0 0 0 0 0 0 0 0 0 0 0 0 0 0 0 0 0 0 0 0 0 0 0 0 0 0 0 0 0 0 0 0 0 0 0 0 0 0 0 0 0 0 0 0 0 0 0 0 0 0 0 0 0 0 0 0 0 0 0 0 0 0 0 0 0 0 0 0 0 0 0 0 0 0 0 0 0 0 0 0 0 0 0 
0 0 0 0 0 0 0 0 1 0 0 0 0 0 0 0 0 0 0 0 0 0 
115 135 113 187 115 216 136 341 159 390 196 445 240 485 300 500 384 445 426 375 460 291 483 208 497 130 499 31 484 -69 465 -112 419 -156 350 -173 274 -170 208 -161 168 -132 132 -66 109 5 93 98 0 0 0 0 0 0 0 0 0 0 0 0 0 0 0 0 0 0 0 0 0 0 0 0 0 0 0 0 0 0 0 0 0 0 0 0 0 0 0 0 0 0 0 0 0 0 0 0 0 0 0 0 0 0 0 0 0 0 0 0 0 0 0 0 0 0 0 0 0 0 0 0 0 0 0 0 0 0 0 0 0 0 0 0 0 0 0 0 0 0 0 0 0 0 0 0 0 0 0 0 0 0 
0 0 0 0 0 0 0 0 0 1 0 0 0 0 0 0 0 0 0 0 0 0 
19 103 47 209 61 251 83 310 112 373 147 427 186 474 234 497 304 500 379 455 419 406 455 339 480 266 491 209 499 111 490 18 455 -93 439 -121 384 -181 352 -199 308 -212 243 -204 186 -176 139 -137 103 -82 67 -2 54 44 39 111 39 150 0 0 0 0 0 0 0 0 0 0 0 0 0 0 0 0 0 0 0 0 0 0 0 0 0 0 0 0 0 0 0 0 0 0 0 0 0 0 0 0 0 0 0 0 0 0 0 0 0 0 0 0 0 0 0 0 0 0 0 0 0 0 0 0 0 0 0 0 0 0 0 0 0 0 0 0 0 0 0 0 0 0 0 0 0 0 0 0 0 0 0 0 
0 0 0 0 0 0 0 0 0 1 0 0 0 0 0 0 0 0 0 0 0 0 
45 237 78 325 100 366 150 431 197 475 216 488 280 498 349 470 397 423 443 354 463 307 489 214 500 103 479 -25 443 -113 395 -175 364 -204 315 -237 256 -250 179 -219 148 -193 93 -108 64 -43 40 18 31 95 0 0 0 0 0 0 0 0 0 0 0 0 0 0 0 0 0 0 0 0 0 0 0 0 0 0 0 0 0 0 0 0 0 0 0 0 0 0 0 0 0 0 0 0 0 0 0 0 0 0 0 0 0 0 0 0 0 0 0 0 0 0 0 0 0 0 0 0 0 0 0 0 0 0 0 0 0 0 0 0 0 0 0 0 0 0 0 0 0 0 0 0 0 0 0 0 0 0 0 0 
0 0 0 0 0 0 0 0 0 1 0 0 0 0 0 0 0 0 0 0 0 0 
32 181 64 274 92 339 126 393 152 427 194 471 243 497 314 500 388 448 428 406 456 344 473 295 500 170 500 77 489 -18 465 -93 442 -132 392 -189 348 -225 296 -251 225 -256 152 -225 111 -183 72 -132 46 -69 27 2 15 80 20 155 0 0 0 0 0 0 0 0 0 0 0 0 0 0 0 0 0 0 0 0 0 0 0 0 0 0 0 0 0 0 0 0 0 0 0 0 0 0 0 0 0 0 0 0 0 0 0 0 0 0 0 0 0 0 0 0 0 0 0 0 0 0 0 0 0 0 0 0 0 0 0 0 0 0 0 0 0 0 0 0 0 0 0 0 0 0 0 0 0 0 0 0 0 0 
0 0 0 0 0 0 0 0 0 1 0 0 0 0 0 0 0 0 0 0 0 0 
9 37 15 93 38 197 60 269 93 338 127 394 182 450 232 485 272 498 361 480 400 458 459 397 478 349 497 266 499 141 480 26 424 -106 344 -189 308 -210 232 -221 152 -181 95 -120 59 -61 38 -13 1 72 -38 205 0 0 0 0 0 0 0 0 0 0 0 0 0 0 0 0 0 0 0 0 0 0 0 0 0 0 0 0 0 0 0 0 0 0 0 0 0 0 0 0 0 0 0 0 0 0 0 0 0 0 0 0 0 0 0 0 0 0 0 0 0 0 0 0 0 0 0 0 0 0 0 0 0 0 0 0 0 0 0 0 0 0 0 0 0 0 0 0 0 0 0 0 0 0 0 0 0 0 
0 0 0 0 0 0 0 0 0 1 0 0 0 0 0 0 0 0 0 0 0 0 
423 500 459 500 469 500 479 500 484 500 487 500 489 500 492 500 494 500 497 363 497 500 500 500 499 423 499 423 428 459 391 469 306 479 214 484 156 487 98 489 18 492 -20 494 -81 497 -125 497 -170 500 -107 -40 -107 -40 0 0 0 0 0 0 0 0 0 0 0 0 0 0 0 0 0 0 0 0 0 0 0 0 0 0 0 0 0 0 0 0 0 0 0 0 0 0 0 0 0 0 0 0 0 0 0 0 0 0 0 0 0 0 0 0 0 0 0 0 0 0 0 0 0 0 0 0 0 0 0 0 0 0 0 0 0 0 0 0 0 0 0 0 0 0 0 0 0 0 0 0 0 0 0 0 
0 0 0 0 0 0 0 0 0 0 1 0 0 0 0 0 0 0 0 0 0 0 
440 363 442 363 437 363 434 363 434 363 431 363 434 363 437 500 451 500 459 500 470 500 479 500 493 363 498 204 499 440 499 440 438 442 361 437 330 434 276 434 205 431 145 434 102 437 37 451 7 459 -42 470 -101 479 -174 493 -191 498 -131 -128 -131 -128 0 0 0 0 0 0 0 0 0 0 0 0 0 0 0 0 0 0 0 0 0 0 0 0 0 0 0 0 0 0 0 0 0 0 0 0 0 0 0 0 0 0 0 0 0 0 0 0 0 0 0 0 0 0 0 0 0 0 0 0 0 0 0 0 0 0 0 0 0 0 0 0 0 0 0 0 0 0 0 0 0 0 0 0 0 0 0 0 
0 0 0 0 0 0 0 0 0 0 1 0 0 0 0 0 0 0 0 0 0 0 
498 499 498 499 483 499 467 499 462 315 454 499 444 499 444 499 446 499 449 315 449 499 449 499 446 315 499 498 499 498 442 483 380 467 343 462 265 454 190 444 128 444 37 446 -22 449 -81 449 -131 449 -175 446 0 0 0 0 0 0 0 0 0 0 0 0 0 0 0 0 0 0 0 0 0 0 0 0 0 0 0 0 0 0 0 0 0 0 0 0 0 0 0 0 0 0 0 0 0 0 0 0 0 0 0 0 0 0 0 0 0 0 0 0 0 0 0 0 0 0 0 0 0 0 0 0 0 0 0 0 0 0 0 0 0 0 0 0 0 0 0 0 0 0 0 0 0 0 0 0 0 0 
0 0 0 0 0 0 0 0 0 0 1 0 0 0 0 0 0 0 0 0 0 0 
463 363 463 363 461 204 456 500 451 363 448 500 451 363 451 363 456 363 471 500 478 500 488 204 496 363 498 363 499 463 484 463 417 461 368 456 307 451 203 448 160 451 76 451 20 456 -41 471 -76 478 -138 488 -185 496 -233 498 -155 -80 -155 -80 0 0 0 0 0 0 0 0 0 0 0 0 0 0 0 0 0 0 0 0 0 0 0 0 0 0 0 0 0 0 0 0 0 0 0 0 0 0 0 0 0 0 0 0 0 0 0 0 0 0 0 0 0 0 0 0 0 0 0 0 0 0 0 0 0 0 0 0 0 0 0 0 0 0 0 0 0 0 0 0 0 0 0 0 0 0 0 0 0 0 
0 0 0 0 0 0 0 0 0 0 1 0 0 0 0 0 0 0 0 0 0 0 
419 363 419 363 424 363 431 500 436 500 441 500 446 363 443 204 448 204 453 500 465 500 475 363 485 204 500 204 500 419 484 419 431 424 374 431 316 436 257 441 199 446 137 443 57 448 18 453 -36 465 -92 475 -148 485 -197 500 -142 -204 -142 -204 0 0 0 0 0 0 0 0 0 0 0 0 0 0 0 0 0 0 0 0 0 0 0 0 0 0 0 0 0 0 0 0 0 0 0 0 0 0 0 0 0 0 0 0 0 0 0 0 0 0 0 0 0 0 0 0 0 0 0 0 0 0 0 0 0 0 0 0 0 0 0 0 0 0 0 0 0 0 0 0 0 0 0 0 0 0 0 0 0 0 
0 0 0 0 0 0 0 0 0 0 1 0 0 0 0 0 0 0 0 0 0 0 
498 363 490 363 483 363 469 204 459 363 446 363 441 500 436 363 422 204 409 363 404 500 396 500 394 204 394 363 -230 498 -191 490 -146 483 -79 469 -26 459 43 446 116 441 153 436 223 422 274 409 312 404 378 396 426 394 467 394 499 -261 499 -261 0 0 0 0 0 0 0 0 0 0 0 0 0 0 0 0 0 0 0 0 0 0 0 0 0 0 0 0 0 0 0 0 0 0 0 0 0 0 0 0 0 0 0 0 0 0 0 0 0 0 0 0 0 0 0 0 0 0 0 0 0 0 0 0 0 0 0 0 0 0 0 0 0 0 0 0 0 0 0 0 0 0 0 0 0 0 0 0 0 0 
0 0 0 0 0 0 0 0 0 0 0 1 0 0 0 0 0 0 0 0 0 0 
500 363 458 500 443 363 421 363 406 204 393 363 384 204 380 363 378 363 373 500 367 363 365 204 365 363 369 204 -200 500 -200 500 -147 458 -117 443 -57 421 -8 406 41 393 92 384 147 380 205 378 258 373 308 367 366 365 417 365 452 369 494 -210 500 -210 0 0 0 0 0 0 0 0 0 0 0 0 0 0 0 0 0 0 0 0 0 0 0 0 0 0 0 0 0 0 0 0 0 0 0 0 0 0 0 0 0 0 0 0 0 0 0 0 0 0 0 0 0 0 0 0 0 0 0 0 0 0 0 0 0 0 0 0 0 0 0 0 0 0 0 0 0 0 0 0 0 0 0 0 0 0 0 0 
0 0 0 0 0 0 0 0 0 0 0 1 0 0 0 0 0 0 0 0 0 0 
460 204 462 363 465 500 460 204 458 363 460 204 467 363 479 363 486 363 495 363 500 500 497 500 490 204 486 363 -214 460 -193 462 -155 465 -103 460 -42 458 37 460 98 467 156 479 214 486 273 495 332 500 399 497 447 490 499 486 0 0 0 0 0 0 0 0 0 0 0 0 0 0 0 0 0 0 0 0 0 0 0 0 0 0 0 0 0 0 0 0 0 0 0 0 0 0 0 0 0 0 0 0 0 0 0 0 0 0 0 0 0 0 0 0 0 0 0 0 0 0 0 0 0 0 0 0 0 0 0 0 0 0 0 0 0 0 0 0 0 0 0 0 0 0 0 0 0 0 0 0 0 0 
0 0 0 0 0 0 0 0 0 0 0 1 0 0 0 0 0 0 0 0 0 0 
427 363 427 363 432 500 437 500 440 363 442 363 450 500 462 363 475 363 482 500 490 363 497 363 499 363 495 363 499 0 -210 427 -197 427 -154 432 -78 437 -21 440 7 442 65 450 121 462 171 475 209 482 251 490 308 497 339 499 405 495 444 499 499 -129 499 -129 0 0 0 0 0 0 0 0 0 0 0 0 0 0 0 0 0 0 0 0 0 0 0 0 0 0 0 0 0 0 0 0 0 0 0 0 0 0 0 0 0 0 0 0 0 0 0 0 0 0 0 0 0 0 0 0 0 0 0 0 0 0 0 0 0 0 0 0 0 0 0 0 0 0 0 0 0 0 0 0 0 0 0 0 0 0 
0 0 0 0 0 0 0 0 0 0 0 1 0 0 0 0 0 0 0 0 0 0 
498 363 496 363 480 500 474 363 469 204 464 363 458 363 456 363 450 363 448 363 442 500 440 363 440 0 -196 498 -182 496 -88 480 -47 474 13 469 72 464 134 458 193 456 253 450 330 448 369 442 420 440 466 440 499 -257 499 -257 0 0 0 0 0 0 0 0 0 0 0 0 0 0 0 0 0 0 0 0 0 0 0 0 0 0 0 0 0 0 0 0 0 0 0 0 0 0 0 0 0 0 0 0 0 0 0 0 0 0 0 0 0 0 0 0 0 0 0 0 0 0 0 0 0 0 0 0 0 0 0 0 0 0 0 0 0 0 0 0 0 0 0 0 0 0 0 0 0 0 0 0 0 0 
0 0 0 0 0 0 0 0 0 0 0 1 0 0 0 0 0 0 0 0 0 0 
-347 122 -256 387 -177 489 -64 387 132 387 212 387 353 387 479 387 498 265 440 -349 440 -349 445 -258 451 -181 460 -69 478 125 483 205 490 344 500 469 500 488 500 488 500 498 0 0 0 0 0 0 0 0 0 0 0 0 0 0 0 0 0 0 0 0 0 0 0 0 0 0 0 0 0 0 0 0 0 0 0 0 0 0 0 0 0 0 0 0 0 0 0 0 0 0 0 0 0 0 0 0 0 0 0 0 0 0 0 0 0 0 0 0 0 0 0 0 0 0 0 0 0 0 0 0 0 0 0 0 0 0 0 0 0 0 0 0 0 0 0 0 0 0 0 0 0 0 0 0 0 0 0 0 
0 0 0 0 0 0 0 0 0 0 0 0 1 0 0 0 0 0 0 0 0 0 
-378 363 -378 363 -202 363 -109 363 -15 363 76 363 173 363 314 500 416 500 498 0 466 -364 16 -379 16 -379 23 -205 33 -113 40 -20 45 70 49 167 55 306 58 407 56 488 500 498 500 498 0 0 0 0 0 0 0 0 0 0 0 0 0 0 0 0 0 0 0 0 0 0 0 0 0 0 0 0 0 0 0 0 0 0 0 0 0 0 0 0 0 0 0 0 0 0 0 0 0 0 0 0 0 0 0 0 0 0 0 0 0 0 0 0 0 0 0 0 0 0 0 0 0 0 0 0 0 0 0 0 0 0 0 0 0 0 0 0 0 0 0 0 0 0 0 0 0 0 0 0 0 0 0 0 
0 0 0 0 0 0 0 0 0 0 0 0 1 0 0 0 0 0 0 0 0 0 
-388 122 -356 387 -253 387 -191 489 -105 387 -19 387 90 387 203 387 309 489 410 489 498 122 13 -389 15 -357 26 -255 31 -194 41 -109 50 -24 61 85 68 197 80 301 87 401 90 489 499 498 499 498 0 0 0 0 0 0 0 0 0 0 0 0 0 0 0 0 0 0 0 0 0 0 0 0 0 0 0 0 0 0 0 0 0 0 0 0 0 0 0 0 0 0 0 0 0 0 0 0 0 0 0 0 0 0 0 0 0 0 0 0 0 0 0 0 0 0 0 0 0 0 0 0 0 0 0 0 0 0 0 0 0 0 0 0 0 0 0 0 0 0 0 0 0 0 0 0 0 0 0 0 0 0 
0 0 0 0 0 0 0 0 0 0 0 0 1 0 0 0 0 0 0 0 0 0 
-379 204 -233 500 -178 500 -75 500 54 500 141 500 203 500 270 363 354 363 439 363 498 363 433 -383 433 -383 453 -241 459 -188 470 -88 481 37 486 121 490 181 493 246 497 328 499 410 495 467 493 498 0 0 0 0 0 0 0 0 0 0 0 0 0 0 0 0 0 0 0 0 0 0 0 0 0 0 0 0 0 0 0 0 0 0 0 0 0 0 0 0 0 0 0 0 0 0 0 0 0 0 0 0 0 0 0 0 0 0 0 0 0 0 0 0 0 0 0 0 0 0 0 0 0 0 0 0 0 0 0 0 0 0 0 0 0 0 0 0 0 0 0 0 0 0 0 0 0 0 0 0 0 0 
0 0 0 0 0 0 0 0 0 0 0 0 1 0 0 0 0 0 0 0 0 0 
-312 363 -171 204 -136 500 -58 363 45 363 154 500 262 363 344 500 453 204 498 0 472 -312 472 -312 483 -171 487 -136 491 -58 497 45 499 154 497 262 495 344 491 453 489 498 489 498 0 0 0 0 0 0 0 0 0 0 0 0 0 0 0 0 0 0 0 0 0 0 0 0 0 0 0 0 0 0 0 0 0 0 0 0 0 0 0 0 0 0 0 0 0 0 0 0 0 0 0 0 0 0 0 0 0 0 0 0 0 0 0 0 0 0 0 0 0 0 0 0 0 0 0 0 0 0 0 0 0 0 0 0 0 0 0 0 0 0 0 0 0 0 0 0 0 0 0 0 0 0 0 0 0 0 
0 0 0 0 0 0 0 0 0 0 0 0 1 0 0 0 0 0 0 0 0 0 
500 315 500 315 379 499 309 315 213 499 85 499 15 315 -90 315 -185 499 -283 499 -369 499 -407 78 500 384 23 500 23 500 27 379 29 309 30 213 34 85 32 15 32 -90 34 -185 34 -283 32 -369 30 -407 30 -407 0 0 0 0 0 0 0 0 0 0 0 0 0 0 0 0 0 0 0 0 0 0 0 0 0 0 0 0 0 0 0 0 0 0 0 0 0 0 0 0 0 0 0 0 0 0 0 0 0 0 0 0 0 0 0 0 0 0 0 0 0 0 0 0 0 0 0 0 0 0 0 0 0 0 0 0 0 0 0 0 0 0 0 0 0 0 0 0 0 0 0 0 0 0 0 0 0 0 
0 0 0 0 0 0 0 0 0 0 0 0 0 1 0 0 0 0 0 0 0 0 
498 363 440 500 416 363 334 363 272 363 169 204 150 363 108 363 30 363 -30 363 -110 363 -188 500 -258 500 -329 500 -369 0 499 498 499 498 495 440 495 416 492 334 490 272 485 169 483 150 480 108 471 30 467 -30 461 -110 457 -188 452 -258 445 -329 433 -369 -20 -364 -20 -364 0 0 0 0 0 0 0 0 0 0 0 0 0 0 0 0 0 0 0 0 0 0 0 0 0 0 0 0 0 0 0 0 0 0 0 0 0 0 0 0 0 0 0 0 0 0 0 0 0 0 0 0 0 0 0 0 0 0 0 0 0 0 0 0 0 0 0 0 0 0 0 0 0 0 0 0 0 0 0 0 0 0 0 0 
0 0 0 0 0 0 0 0 0 0 0 0 0 1 0 0 0 0 0 0 0 0 
421 500 425 474 438 424 455 356 468 299 478 212 488 125 495 58 495 -23 495 -94 498 -214 495 -266 491 -344 481 -398 481 -398 500 500 474 363 424 363 356 363 299 363 212 500 125 500 58 500 -23 500 -94 500 -214 363 -266 363 -344 363 -398 204 0 0 0 0 0 0 0 0 0 0 0 0 0 0 0 0 0 0 0 0 0 0 0 0 0 0 0 0 0 0 0 0 0 0 0 0 0 0 0 0 0 0 0 0 0 0 0 0 0 0 0 0 0 0 0 0 0 0 0 0 0 0 0 0 0 0 0 0 0 0 0 0 0 0 0 0 0 0 0 0 0 0 0 0 0 0 0 0 0 0 0 0 
0 0 0 0 0 0 0 0 0 0 0 0 0 1 0 0 0 0 0 0 0 0 
499 489 395 387 290 387 188 387 88 387 -10 265 -107 387 -217 387 -303 387 118 499 118 499 120 395 122 290 125 188 125 88 122 -10 120 -107 120 -217 118 -303 500 -349 500 -349 0 0 0 0 0 0 0 0 0 0 0 0 0 0 0 0 0 0 0 0 0 0 0 0 0 0 0 0 0 0 0 0 0 0 0 0 0 0 0 0 0 0 0 0 0 0 0 0 0 0 0 0 0 0 0 0 0 0 0 0 0 0 0 0 0 0 0 0 0 0 0 0 0 0 0 0 0 0 0 0 0 0 0 0 0 0 0 0 0 0 0 0 0 0 0 0 0 0 0 0 0 0 0 0 0 0 0 0 
0 0 0 0 0 0 0 0 0 0 0 0 0 1 0 0 0 0 0 0 0 0 
500 500 500 476 496 385 486 299 479 184 476 100 465 -9 458 -86 445 -161 428 -224 410 -289 407 -294 500 363 476 363 385 363 299 363 184 363 100 363 -9 363 -86 363 -161 500 -224 500 -289 204 0 0 0 0 0 0 0 0 0 0 0 0 0 0 0 0 0 0 0 0 0 0 0 0 0 0 0 0 0 0 0 0 0 0 0 0 0 0 0 0 0 0 0 0 0 0 0 0 0 0 0 0 0 0 0 0 0 0 0 0 0 0 0 0 0 0 0 0 0 0 0 0 0 0 0 0 0 0 0 0 0 0 0 0 0 0 0 0 0 0 0 0 0 0 0 0 0 0 0 0 0 0 0 0 
0 0 0 0 0 0 0 0 0 0 0 0 0 1 0 0 0 0 0 0 0 0 
489 489 265 265 387 387 265 265 265 265 387 387 387 387 265 265 122 122 265 265 387 387 265 265 387 387 139 387 215 489 240 265 291 387 329 265 354 265 379 387 430 387 455 265 481 122 493 265 481 387 455 265 430 387 499 139 499 139 416 215 393 240 342 291 311 329 287 354 246 379 190 430 153 455 96 481 42 493 -11 481 -56 455 -99 430 -103 430 -103 430 0 0 0 0 0 0 0 0 0 0 0 0 0 0 0 0 0 0 0 0 0 0 0 0 0 0 0 0 0 0 0 0 0 0 0 0 0 0 0 0 0 0 0 0 0 0 0 0 0 0 0 0 0 0 0 0 0 0 0 0 0 0 
0 0 0 0 0 0 0 0 0 0 0 0 0 0 1 0 0 0 0 0 0 0 
483 483 483 483 483 483 483 483 483 483 483 483 193 193 483 483 483 483 483 483 193 193 136 483 141 483 147 483 147 483 143 483 143 483 141 193 141 483 147 483 154 483 163 193 500 193 500 193 499 136 499 136 434 141 350 147 275 147 192 143 132 143 45 141 20 141 -54 147 -115 154 -158 163 -74 500 -74 500 -39 -330 -39 -330 0 0 0 0 0 0 0 0 0 0 0 0 0 0 0 0 0 0 0 0 0 0 0 0 0 0 0 0 0 0 0 0 0 0 0 0 0 0 0 0 0 0 0 0 0 0 0 0 0 0 0 0 0 0 0 0 0 0 0 0 0 0 0 0 0 0 0 0 0 0 
0 0 0 0 0 0 0 0 0 0 0 0 0 0 1 0 0 0 0 0 0 0 
204 204 500 500 500 500 500 500 500 500 204 204 204 204 204 204 204 204 204 204 363 363 500 204 500 204 500 204 471 500 465 500 456 500 454 500 454 204 454 204 456 204 465 204 476 204 482 363 491 0 499 500 499 500 499 500 464 471 451 465 399 456 317 454 274 454 210 454 132 456 61 465 1 476 -53 482 -90 491 -97 495 0 0 0 0 0 0 0 0 0 0 0 0 0 0 0 0 0 0 0 0 0 0 0 0 0 0 0 0 0 0 0 0 0 0 0 0 0 0 0 0 0 0 0 0 0 0 0 0 0 0 0 0 0 0 0 0 0 0 0 0 0 0 0 0 0 0 0 0 0 0 
0 0 0 0 0 0 0 0 0 0 0 0 0 0 1 0 0 0 0 0 0 0 
193 193 483 483 483 483 193 193 193 193 483 483 193 193 193 193 193 193 193 193 193 193 193 193 193 193 361 193 361 193 400 483 421 483 439 193 448 193 448 483 451 193 457 193 463 193 478 193 487 193 496 193 500 193 500 193 500 -268 418 361 418 361 370 400 314 421 253 439 181 448 148 448 93 451 33 457 -27 463 -108 478 -161 487 -222 496 -240 500 -240 500 -169 -141 -169 -141 0 0 0 0 0 0 0 0 0 0 0 0 0 0 0 0 0 0 0 0 0 0 0 0 0 0 0 0 0 0 0 0 0 0 0 0 0 0 0 0 0 0 0 0 0 0 0 0 0 0 0 0 0 0 0 0 0 0 
0 0 0 0 0 0 0 0 0 0 0 0 0 0 1 0 0 0 0 0 0 0 
363 363 500 500 204 204 500 500 204 204 204 204 204 204 204 204 363 363 204 204 460 363 460 363 451 500 447 204 447 500 449 204 454 204 460 204 469 204 478 363 491 204 500 204 499 460 499 460 440 451 395 447 324 447 262 449 188 454 114 460 55 469 1 478 -63 491 -86 500 -157 -312 -160 -310 0 0 0 0 0 0 0 0 0 0 0 0 0 0 0 0 0 0 0 0 0 0 0 0 0 0 0 0 0 0 0 0 0 0 0 0 0 0 0 0 0 0 0 0 0 0 0 0 0 0 0 0 0 0 0 0 0 0 0 0 0 0 0 0 0 0 0 0 0 0 0 0 0 0 0 0 0 0 
0 0 0 0 0 0 0 0 0 0 0 0 0 0 1 0 0 0 0 0 0 0 
154 363 83 363 95 500 95 500 107 500 119 363 130 363 154 363 214 363 285 363 321 363 392 363 452 500 500 204 -151 202 -133 154 -52 83 -20 95 19 95 89 107 123 119 178 130 232 154 300 214 347 285 376 321 418 392 464 452 500 500 500 500 0 0 0 0 0 0 0 0 0 0 0 0 0 0 0 0 0 0 0 0 0 0 0 0 0 0 0 0 0 0 0 0 0 0 0 0 0 0 0 0 0 0 0 0 0 0 0 0 0 0 0 0 0 0 0 0 0 0 0 0 0 0 0 0 0 0 0 0 0 0 0 0 0 0 0 0 0 0 0 0 0 0 0 0 0 0 0 0 0 0 
0 0 0 0 0 0 0 0 0 0 0 0 0 0 0 1 0 0 0 0 0 0 
363 363 204 204 500 500 500 500 500 500 500 500 500 500 500 500 500 500 363 363 344 204 388 363 422 204 455 500 477 500 488 500 477 500 477 500 466 500 455 500 455 363 488 363 500 204 -161 329 -161 329 -70 373 -12 406 39 439 86 461 152 472 219 461 271 461 337 450 389 439 438 439 487 472 491 483 500 494 0 0 0 0 0 0 0 0 0 0 0 0 0 0 0 0 0 0 0 0 0 0 0 0 0 0 0 0 0 0 0 0 0 0 0 0 0 0 0 0 0 0 0 0 0 0 0 0 0 0 0 0 0 0 0 0 0 0 0 0 0 0 0 0 0 0 0 0 0 0 0 0 0 0 
0 0 0 0 0 0 0 0 0 0 0 0 0 0 0 1 0 0 0 0 0 0 
363 363 500 500 204 204 363 363 363 363 204 204 363 363 363 363 204 204 204 204 363 363 204 204 204 204 488 363 488 363 495 500 500 204 500 363 495 363 488 204 478 363 457 363 457 363 448 204 441 204 436 363 436 204 436 204 436 204 436 204 436 0 -218 121 -171 488 -171 488 -91 495 -49 500 -10 500 62 495 112 488 166 478 239 457 239 457 276 448 351 441 398 436 408 436 413 436 423 436 432 436 437 436 495 -385 500 -385 0 0 0 0 0 0 0 0 0 0 0 0 0 0 0 0 0 0 0 0 0 0 0 0 0 0 0 0 0 0 0 0 0 0 0 0 0 0 0 0 0 0 0 0 0 0 
0 0 0 0 0 0 0 0 0 0 0 0 0 0 0 1 0 0 0 0 0 0 
204 204 500 500 363 363 204 204 204 204 204 204 363 363 363 363 500 500 363 363 204 204 363 363 363 363 499 204 491 500 484 363 482 204 475 204 468 204 459 363 452 363 434 500 414 363 403 204 394 363 390 363 390 0 -203 499 -203 499 -151 491 -75 484 -36 482 36 475 124 468 160 459 203 452 268 434 331 414 383 403 434 394 472 390 500 390 500 390 500 390 0 0 0 0 0 0 0 0 0 0 0 0 0 0 0 0 0 0 0 0 0 0 0 0 0 0 0 0 0 0 0 0 0 0 0 0 0 0 0 0 0 0 0 0 0 0 0 0 0 0 0 0 0 0 0 0 0 0 0 0 0 0 
0 0 0 0 0 0 0 0 0 0 0 0 0 0 0 1 0 0 0 0 0 0 
363 363 204 204 363 363 363 363 363 363 363 363 500 500 363 363 363 363 363 363 363 363 363 363 470 363 475 363 489 204 494 363 494 363 498 363 496 363 496 500 498 363 496 363 494 363 491 363 491 363 -182 470 -182 470 -161 475 -85 489 -48 494 10 494 79 498 158 496 200 496 257 498 317 496 373 494 426 491 474 491 500 494 0 0 0 0 0 0 0 0 0 0 0 0 0 0 0 0 0 0 0 0 0 0 0 0 0 0 0 0 0 0 0 0 0 0 0 0 0 0 0 0 0 0 0 0 0 0 0 0 0 0 0 0 0 0 0 0 0 0 0 0 0 0 0 0 0 0 0 0 0 0 
0 0 0 0 0 0 0 0 0 0 0 0 0 0 0 1 0 0 0 0 0 0 
500 500 500 500 500 500 500 500 500 500 363 363 363 363 500 500 500 500 500 500 204 204 -343 500 -343 500 -232 500 -140 500 -45 500 51 363 148 363 245 500 337 500 437 500 500 204 -161 -349 -161 -349 -147 -243 -135 -155 -129 -64 -121 28 -116 121 -108 215 -101 303 -97 398 -93 458 500 492 500 500 0 0 0 0 0 0 0 0 0 0 0 0 0 0 0 0 0 0 0 0 0 0 0 0 0 0 0 0 0 0 0 0 0 0 0 0 0 0 0 0 0 0 0 0 0 0 0 0 0 0 0 0 0 0 0 0 0 0 0 0 0 0 0 0 0 0 0 0 0 0 0 0 0 0 0 0 0 0 0 0 
0 0 0 0 0 0 0 0 0 0 0 0 0 0 0 0 1 0 0 0 0 0 
204 204 363 363 363 363 363 363 500 500 363 363 363 363 363 363 500 500 500 500 363 363 -428 204 -428 204 -312 363 -221 363 -130 363 -4 500 54 363 142 363 229 363 325 500 386 500 472 363 500 363 455 -428 455 -428 465 -312 470 -221 470 -130 475 -4 477 54 480 142 485 229 492 325 497 386 497 472 500 500 0 0 0 0 0 0 0 0 0 0 0 0 0 0 0 0 0 0 0 0 0 0 0 0 0 0 0 0 0 0 0 0 0 0 0 0 0 0 0 0 0 0 0 0 0 0 0 0 0 0 0 0 0 0 0 0 0 0 0 0 0 0 0 0 0 0 0 0 0 0 0 0 0 0 0 0 
0 0 0 0 0 0 0 0 0 0 0 0 0 0 0 0 1 0 0 0 0 0 
204 204 363 363 500 500 500 500 500 500 500 500 500 500 500 500 500 500 500 500 -434 204 -434 204 -348 363 -204 500 -109 500 -15 500 109 500 149 500 261 500 340 500 421 500 500 0 115 -441 115 -441 113 -365 120 -237 126 -153 133 -69 136 41 138 76 143 176 149 246 156 318 159 388 499 500 499 500 0 0 0 0 0 0 0 0 0 0 0 0 0 0 0 0 0 0 0 0 0 0 0 0 0 0 0 0 0 0 0 0 0 0 0 0 0 0 0 0 0 0 0 0 0 0 0 0 0 0 0 0 0 0 0 0 0 0 0 0 0 0 0 0 0 0 0 0 0 0 0 0 0 0 0 0 0 0 
0 0 0 0 0 0 0 0 0 0 0 0 0 0 0 0 1 0 0 0 0 0 
204 204 363 363 204 204 204 204 500 500 500 500 500 500 500 500 204 204 363 363 204 204 204 204 -406 204 -406 204 -302 363 -220 204 -139 204 -59 500 24 500 105 500 185 500 264 204 337 363 364 204 364 204 498 0 498 0 131 -406 131 -406 137 -302 142 -220 146 -139 149 -59 152 24 154 105 157 185 160 264 160 337 159 364 159 364 499 498 499 498 499 498 0 0 0 0 0 0 0 0 0 0 0 0 0 0 0 0 0 0 0 0 0 0 0 0 0 0 0 0 0 0 0 0 0 0 0 0 0 0 0 0 0 0 0 0 0 0 0 0 0 0 0 0 0 0 0 0 0 0 0 0 0 0 0 0 
0 0 0 0 0 0 0 0 0 0 0 0 0 0 0 0 1 0 0 0 0 0 
387 387 387 387 387 387 265 265 387 387 489 489 387 387 265 265 122 122 387 387 387 387 265 265 265 265 122 122 -61 -61 -303 387 -303 387 -303 387 -183 265 -133 387 -66 489 8 387 66 265 163 122 211 387 275 387 355 265 428 265 484 122 500 -61 364 -61 364 -61 499 -396 -116 -303 -116 -303 -116 -303 -93 -183 -83 -133 -72 -66 -64 8 -57 66 -46 163 -39 211 -31 275 -22 355 -19 428 -15 484 -15 500 239 364 239 364 0 0 0 0 0 0 0 0 0 0 0 0 0 0 0 0 0 0 0 0 0 0 0 0 0 0 0 0 0 0 0 0 0 0 0 0 0 0 0 0 0 0 0 0 0 0 0 0 0 0 
0 0 0 0 0 0 0 0 0 0 0 0 0 0 0 0 1 0 0 0 0 0 
265 265 489 489 489 489 387 387 489 489 489 489 387 387 387 387 387 387 489 489 265 265 265 265 500 265 480 489 388 489 293 387 214 489 131 489 52 387 -35 387 -111 387 -179 489 -243 265 -311 265 473 500 464 480 456 388 452 293 460 214 468 131 473 52 485 -35 497 -111 493 -179 489 -243 493 -311 0 0 0 0 0 0 0 0 0 0 0 0 0 0 0 0 0 0 0 0 0 0 0 0 0 0 0 0 0 0 0 0 0 0 0 0 0 0 0 0 0 0 0 0 0 0 0 0 0 0 0 0 0 0 0 0 0 0 0 0 0 0 0 0 0 0 0 0 0 0 0 0 0 0 0 0 0 0 
0 0 0 0 0 0 0 0 0 0 0 0 0 0 0 0 0 1 0 0 0 0 
122 122 387 387 489 489 387 387 387 387 387 387 387 387 387 387 387 387 387 387 387 387 500 122 500 122 474 387 410 489 353 387 270 387 165 387 93 387 6 387 -57 387 -142 387 -200 387 -259 122 498 378 0 500 0 500 2 474 7 410 23 353 43 270 58 165 66 93 71 6 74 -57 69 -142 63 -200 69 -259 69 -259 69 -259 0 0 0 0 0 0 0 0 0 0 0 0 0 0 0 0 0 0 0 0 0 0 0 0 0 0 0 0 0 0 0 0 0 0 0 0 0 0 0 0 0 0 0 0 0 0 0 0 0 0 0 0 0 0 0 0 0 0 0 0 0 0 0 0 0 0 0 0 0 0 
0 0 0 0 0 0 0 0 0 0 0 0 0 0 0 0 0 1 0 0 0 0 
204 204 500 500 500 500 204 204 204 204 204 204 363 363 204 204 0 0 204 204 0 0 0 0 498 204 498 204 401 500 295 500 192 204 92 204 -5 204 -92 363 -170 204 -254 0 -317 204 -392 0 -398 0 -390 500 -390 500 500 498 151 493 151 493 126 396 123 291 126 188 129 88 126 -8 119 -94 113 -172 104 -256 98 -318 88 -393 88 -398 431 -390 431 -390 0 0 0 0 0 0 0 0 0 0 0 0 0 0 0 0 0 0 0 0 0 0 0 0 0 0 0 0 0 0 0 0 0 0 0 0 0 0 0 0 0 0 0 0 0 0 0 0 0 0 0 0 0 0 0 0 0 0 0 0 0 0 0 0 
0 0 0 0 0 0 0 0 0 0 0 0 0 0 0 0 0 1 0 0 0 0 
500 500 500 500 500 500 500 500 500 500 500 500 500 500 500 500 363 363 500 363 377 500 275 500 171 500 45 500 0 500 -90 500 -195 500 -288 500 -374 363 -409 500 500 500 500 500 495 377 491 275 493 171 495 45 496 0 496 -90 498 -195 495 -288 490 -374 487 -409 487 -411 0 0 0 0 0 0 0 0 0 0 0 0 0 0 0 0 0 0 0 0 0 0 0 0 0 0 0 0 0 0 0 0 0 0 0 0 0 0 0 0 0 0 0 0 0 0 0 0 0 0 0 0 0 0 0 0 0 0 0 0 0 0 0 0 0 0 0 0 0 0 0 0 0 0 0 0 0 0 0 0 0 0 0 0 
0 0 0 0 0 0 0 0 0 0 0 0 0 0 0 0 0 1 0 0 0 0 
500 500 500 500 500 500 500 500 363 363 500 500 500 500 500 500 363 363 498 500 387 500 299 500 209 500 123 500 25 363 -60 500 -153 500 -211 500 -284 363 -297 363 479 498 479 498 483 387 489 299 493 209 496 123 499 25 497 -60 491 -153 485 -211 471 -284 468 -297 468 -299 0 0 0 0 0 0 0 0 0 0 0 0 0 0 0 0 0 0 0 0 0 0 0 0 0 0 0 0 0 0 0 0 0 0 0 0 0 0 0 0 0 0 0 0 0 0 0 0 0 0 0 0 0 0 0 0 0 0 0 0 0 0 0 0 0 0 0 0 0 0 0 0 0 0 0 0 0 0 0 0 0 0 0 0 
0 0 0 0 0 0 0 0 0 0 0 0 0 0 0 0 0 1 0 0 0 0 
500 500 204 204 363 363 363 363 500 500 500 500 500 500 363 363 498 500 372 500 275 204 169 363 61 363 -28 500 -141 500 -228 500 -295 363 500 498 500 498 496 372 496 275 481 169 470 61 463 -28 463 -141 459 -228 463 -295 463 -367 463 -367 0 0 0 0 0 0 0 0 0 0 0 0 0 0 0 0 0 0 0 0 0 0 0 0 0 0 0 0 0 0 0 0 0 0 0 0 0 0 0 0 0 0 0 0 0 0 0 0 0 0 0 0 0 0 0 0 0 0 0 0 0 0 0 0 0 0 0 0 0 0 0 0 0 0 0 0 0 0 0 0 0 0 0 0 0 0 0 0 0 0 0 0 
0 0 0 0 0 0 0 0 0 0 0 0 0 0 0 0 0 1 0 0 0 0 
204 204 500 500 500 500 500 500 500 500 500 500 500 500 204 204 204 204 204 204 498 204 498 204 394 500 292 500 200 500 84 500 -21 500 -108 500 -191 204 -263 204 -263 204 -263 204 492 498 492 498 498 394 494 292 492 200 487 84 487 -21 487 -108 492 -191 498 -263 498 -263 498 -263 118 -336 118 -336 0 0 0 0 0 0 0 0 0 0 0 0 0 0 0 0 0 0 0 0 0 0 0 0 0 0 0 0 0 0 0 0 0 0 0 0 0 0 0 0 0 0 0 0 0 0 0 0 0 0 0 0 0 0 0 0 0 0 0 0 0 0 0 0 0 0 0 0 0 0 0 0 0 0 0 0 0 0 
0 0 0 0 0 0 0 0 0 0 0 0 0 0 0 0 0 1 0 0 0 0 
363 363 363 363 363 363 363 363 363 363 204 204 500 500 500 500 500 500 500 500 363 363 363 363 363 363 204 204 500 363 500 363 402 363 334 363 252 363 181 204 163 500 146 500 126 500 48 500 -26 363 -101 363 -188 363 -283 204 -300 0 497 498 499 466 499 466 491 372 481 306 468 226 462 158 461 141 461 124 461 104 464 29 468 -42 470 -115 468 -199 467 -291 467 -308 187 -336 187 -336 0 0 0 0 0 0 0 0 0 0 0 0 0 0 0 0 0 0 0 0 0 0 0 0 0 0 0 0 0 0 0 0 0 0 0 0 0 0 0 0 0 0 0 0 0 0 0 0 0 0 0 0 0 0 0 0 
0 0 0 0 0 0 0 0 0 0 0 0 0 0 0 0 0 1 0 0 0 0 
363 363 500 500 500 500 363 363 500 500 500 500 500 500 500 500 363 363 363 363 0 0 500 0 440 363 385 500 304 500 206 363 112 500 17 500 -63 500 -140 500 -214 363 -300 363 -387 0 -387 0 500 500 500 500 471 440 461 385 449 304 438 206 432 112 430 17 432 -63 435 -140 435 -214 433 -300 427 -387 427 -387 -100 -455 -100 -455 0 0 0 0 0 0 0 0 0 0 0 0 0 0 0 0 0 0 0 0 0 0 0 0 0 0 0 0 0 0 0 0 0 0 0 0 0 0 0 0 0 0 0 0 0 0 0 0 0 0 0 0 0 0 0 0 0 0 0 0 0 0 0 0 0 0 0 0 0 0 
0 0 0 0 0 0 0 0 0 0 0 0 0 0 0 0 0 1 0 0 0 0 
500 500 500 500 363 363 363 363 500 500 363 363 204 204 204 204 204 204 498 500 395 500 296 500 235 363 129 363 21 500 -49 363 -131 204 -216 204 -298 204 499 498 499 498 499 395 493 296 488 235 483 129 475 21 472 -49 469 -131 468 -216 463 -298 169 -397 169 -397 0 0 0 0 0 0 0 0 0 0 0 0 0 0 0 0 0 0 0 0 0 0 0 0 0 0 0 0 0 0 0 0 0 0 0 0 0 0 0 0 0 0 0 0 0 0 0 0 0 0 0 0 0 0 0 0 0 0 0 0 0 0 0 0 0 0 0 0 0 0 0 0 0 0 0 0 0 0 0 0 0 0 0 0 0 0 
0 0 0 0 0 0 0 0 0 0 0 0 0 0 0 0 0 1 0 0 0 0 
-116 -250 -84 -272 -29 -290 56 -305 115 -312 173 -307 244 -292 316 -267 357 -233 393 -193 437 -124 466 -64 490 0 499 47 494 181 473 250 453 290 399 362 380 379 324 424 276 451 231 473 192 486 122 498 46 491 4 483 -47 471 -79 468 0 0 0 0 0 0 0 0 0 0 0 0 0 0 0 0 0 0 0 0 0 0 0 0 0 0 0 0 0 0 0 0 0 0 0 0 0 0 0 0 0 0 0 0 0 0 0 0 0 0 0 0 0 0 0 0 0 0 0 0 0 0 0 0 0 0 0 0 0 0 0 0 0 0 0 0 0 0 0 0 0 0 0 0 0 0 0 0 0 0 0 0 0 0 
0 0 0 0 0 0 0 0 0 0 0 0 0 0 0 0 0 0 1 0 0 0 
-125 -297 -94 -306 -33 -319 61 -335 77 -333 151 -326 220 -313 296 -277 344 -234 365 -214 404 -174 436 -127 464 -76 481 -38 496 26 500 107 483 187 461 243 435 293 388 351 353 387 314 422 259 456 197 487 165 498 83 496 30 485 -16 476 -66 467 0 0 0 0 0 0 0 0 0 0 0 0 0 0 0 0 0 0 0 0 0 0 0 0 0 0 0 0 0 0 0 0 0 0 0 0 0 0 0 0 0 0 0 0 0 0 0 0 0 0 0 0 0 0 0 0 0 0 0 0 0 0 0 0 0 0 0 0 0 0 0 0 0 0 0 0 0 0 0 0 0 0 0 0 0 0 0 0 0 0 0 0 
0 0 0 0 0 0 0 0 0 0 0 0 0 0 0 0 0 0 1 0 0 0 
-126 -281 -112 -285 -23 -301 17 -303 115 -296 176 -290 226 -276 276 -257 308 -237 363 -195 388 -171 422 -131 455 -85 480 -39 499 35 488 142 469 210 446 261 416 307 394 340 332 408 294 439 263 459 209 490 152 498 92 496 34 485 -17 476 -78 468 0 0 0 0 0 0 0 0 0 0 0 0 0 0 0 0 0 0 0 0 0 0 0 0 0 0 0 0 0 0 0 0 0 0 0 0 0 0 0 0 0 0 0 0 0 0 0 0 0 0 0 0 0 0 0 0 0 0 0 0 0 0 0 0 0 0 0 0 0 0 0 0 0 0 0 0 0 0 0 0 0 0 0 0 0 0 0 0 0 0 0 0 
0 0 0 0 0 0 0 0 0 0 0 0 0 0 0 0 0 0 1 0 0 0 
-75 -324 -62 -328 28 -342 66 -344 143 -335 193 -324 254 -302 296 -272 337 -239 375 -205 422 -145 451 -107 475 -53 500 24 498 147 480 214 450 270 418 322 378 369 339 413 298 447 234 480 225 483 171 498 110 492 43 480 -24 465 -59 458 -104 447 0 0 0 0 0 0 0 0 0 0 0 0 0 0 0 0 0 0 0 0 0 0 0 0 0 0 0 0 0 0 0 0 0 0 0 0 0 0 0 0 0 0 0 0 0 0 0 0 0 0 0 0 0 0 0 0 0 0 0 0 0 0 0 0 0 0 0 0 0 0 0 0 0 0 0 0 0 0 0 0 0 0 0 0 0 0 0 0 0 0 0 0 
0 0 0 0 0 0 0 0 0 0 0 0 0 0 0 0 0 0 1 0 0 0 
-146 -309 -132 -315 -57 -345 -3 -360 48 -360 112 -347 168 -334 225 -321 276 -307 323 -281 365 -249 390 -226 443 -166 465 -134 490 -74 500 -31 493 76 473 140 446 200 407 253 340 330 329 343 264 400 214 434 164 469 114 488 65 496 4 498 -53 496 -107 488 -140 475 0 0 0 0 0 0 0 0 0 0 0 0 0 0 0 0 0 0 0 0 0 0 0 0 0 0 0 0 0 0 0 0 0 0 0 0 0 0 0 0 0 0 0 0 0 0 0 0 0 0 0 0 0 0 0 0 0 0 0 0 0 0 0 0 0 0 0 0 0 0 0 0 0 0 0 0 0 0 0 0 0 0 0 0 0 0 0 0 
0 0 0 0 0 0 0 0 0 0 0 0 0 0 0 0 0 0 1 0 0 0 
488 -331 471 -331 433 -331 346 -328 257 -321 162 -299 106 -269 37 -214 -53 -107 -81 -52 -98 6 -115 162 -110 223 -67 342 -24 399 -1 429 37 465 88 486 159 497 237 500 318 495 360 488 430 479 499 468 0 0 0 0 0 0 0 0 0 0 0 0 0 0 0 0 0 0 0 0 0 0 0 0 0 0 0 0 0 0 0 0 0 0 0 0 0 0 0 0 0 0 0 0 0 0 0 0 0 0 0 0 0 0 0 0 0 0 0 0 0 0 0 0 0 0 0 0 0 0 0 0 0 0 0 0 0 0 0 0 0 0 0 0 0 0 0 0 0 0 0 0 0 0 0 0 0 0 0 0 0 0 
0 0 0 0 0 0 0 0 0 0 0 0 0 0 0 0 0 0 0 1 0 0 
450 -352 435 -358 365 -365 302 -367 243 -354 190 -336 141 -319 95 -293 49 -258 7 -227 -26 -192 -59 -150 -107 -78 -123 -39 -141 24 -148 87 -134 161 -110 216 -68 273 -34 312 6 343 60 382 101 415 134 433 180 448 235 461 305 474 379 487 449 496 499 498 0 0 0 0 0 0 0 0 0 0 0 0 0 0 0 0 0 0 0 0 0 0 0 0 0 0 0 0 0 0 0 0 0 0 0 0 0 0 0 0 0 0 0 0 0 0 0 0 0 0 0 0 0 0 0 0 0 0 0 0 0 0 0 0 0 0 0 0 0 0 0 0 0 0 0 0 0 0 0 0 0 0 0 0 0 0 0 0 0 0 
0 0 0 0 0 0 0 0 0 0 0 0 0 0 0 0 0 0 0 1 0 0 
499 -346 469 -360 414 -368 369 -366 280 -351 227 -335 170 -317 116 -297 59 -260 11 -226 -35 -188 -77 -144 -112 -104 -141 -53 -167 -2 -185 57 -190 106 -182 186 -153 257 -119 304 -83 340 -40 373 16 411 43 433 90 455 143 468 169 475 183 477 243 486 285 493 343 497 408 500 458 497 0 0 0 0 0 0 0 0 0 0 0 0 0 0 0 0 0 0 0 0 0 0 0 0 0 0 0 0 0 0 0 0 0 0 0 0 0 0 0 0 0 0 0 0 0 0 0 0 0 0 0 0 0 0 0 0 0 0 0 0 0 0 0 0 0 0 0 0 0 0 0 0 0 0 0 0 0 0 0 0 0 0 0 0 
0 0 0 0 0 0 0 0 0 0 0 0 0 0 0 0 0 0 0 1 0 0 
473 -382 451 -387 414 -389 349 -385 291 -369 239 -354 190 -334 144 -312 76 -264 55 -245 15 -212 -20 -168 -51 -126 -71 -91 -88 -50 -107 13 -107 100 -85 188 -57 236 -1 297 21 323 77 378 116 413 149 431 208 455 260 470 330 481 405 492 464 498 500 498 0 0 0 0 0 0 0 0 0 0 0 0 0 0 0 0 0 0 0 0 0 0 0 0 0 0 0 0 0 0 0 0 0 0 0 0 0 0 0 0 0 0 0 0 0 0 0 0 0 0 0 0 0 0 0 0 0 0 0 0 0 0 0 0 0 0 0 0 0 0 0 0 0 0 0 0 0 0 0 0 0 0 0 0 0 0 0 0 0 0 
0 0 0 0 0 0 0 0 0 0 0 0 0 0 0 0 0 0 0 1 0 0 
482 -375 464 -373 378 -353 342 -344 277 -323 239 -310 166 -266 124 -235 84 -207 45 -168 10 -128 -10 -98 -42 -43 -65 8 -77 50 -90 117 -88 207 -68 264 -38 314 6 364 52 406 110 436 163 449 232 467 283 486 339 497 398 500 454 497 500 500 0 0 0 0 0 0 0 0 0 0 0 0 0 0 0 0 0 0 0 0 0 0 0 0 0 0 0 0 0 0 0 0 0 0 0 0 0 0 0 0 0 0 0 0 0 0 0 0 0 0 0 0 0 0 0 0 0 0 0 0 0 0 0 0 0 0 0 0 0 0 0 0 0 0 0 0 0 0 0 0 0 0 0 0 0 0 0 0 0 0 0 0 
0 0 0 0 0 0 0 0 0 0 0 0 0 0 0 0 0 0 0 1 0 0 
-125 500 -128 476 -130 410 -125 309 -121 248 -105 119 -93 37 -75 -39 -54 -110 -31 -173 -5 -232 11 -269 57 -319 99 -347 144 -361 195 -352 241 -321 269 -302 316 -255 350 -211 390 -150 417 -100 445 -39 467 18 485 89 497 159 500 215 494 328 483 396 0 0 0 0 0 0 0 0 0 0 0 0 0 0 0 0 0 0 0 0 0 0 0 0 0 0 0 0 0 0 0 0 0 0 0 0 0 0 0 0 0 0 0 0 0 0 0 0 0 0 0 0 0 0 0 0 0 0 0 0 0 0 0 0 0 0 0 0 0 0 0 0 0 0 0 0 0 0 0 0 0 0 0 0 0 0 0 0 0 0 0 0 
0 0 0 0 0 0 0 0 0 0 0 0 0 0 0 0 0 0 0 0 1 0 
-137 498 -139 472 -131 325 -118 230 -104 137 -80 19 -60 -64 -36 -144 -12 -209 15 -263 45 -313 71 -337 113 -358 172 -363 225 -346 281 -315 331 -270 363 -225 403 -163 428 -109 465 -11 475 30 483 68 496 166 500 275 500 363 496 434 0 0 0 0 0 0 0 0 0 0 0 0 0 0 0 0 0 0 0 0 0 0 0 0 0 0 0 0 0 0 0 0 0 0 0 0 0 0 0 0 0 0 0 0 0 0 0 0 0 0 0 0 0 0 0 0 0 0 0 0 0 0 0 0 0 0 0 0 0 0 0 0 0 0 0 0 0 0 0 0 0 0 0 0 0 0 0 0 0 0 0 0 0 0 0 0 
0 0 0 0 0 0 0 0 0 0 0 0 0 0 0 0 0 0 0 0 1 0 
-125 473 -134 446 -142 398 -150 298 -142 186 -129 77 -115 2 -101 -48 -79 -128 -64 -169 -23 -257 -3 -281 38 -308 83 -330 136 -337 190 -322 239 -300 291 -252 326 -206 358 -157 378 -121 412 -43 427 -7 454 67 477 155 491 249 497 364 499 419 499 499 0 0 0 0 0 0 0 0 0 0 0 0 0 0 0 0 0 0 0 0 0 0 0 0 0 0 0 0 0 0 0 0 0 0 0 0 0 0 0 0 0 0 0 0 0 0 0 0 0 0 0 0 0 0 0 0 0 0 0 0 0 0 0 0 0 0 0 0 0 0 0 0 0 0 0 0 0 0 0 0 0 0 0 0 0 0 0 0 0 0 0 0 
0 0 0 0 0 0 0 0 0 0 0 0 0 0 0 0 0 0 0 0 1 0 
-180 498 -183 474 -190 363 -189 297 -179 179 -170 125 -150 9 -135 -38 -104 -121 -86 -157 -36 -232 -2 -273 27 -290 62 -307 109 -322 161 -326 241 -307 291 -266 325 -220 358 -176 382 -140 400 -104 439 -16 460 46 469 77 489 169 495 230 500 295 497 394 486 460 0 0 0 0 0 0 0 0 0 0 0 0 0 0 0 0 0 0 0 0 0 0 0 0 0 0 0 0 0 0 0 0 0 0 0 0 0 0 0 0 0 0 0 0 0 0 0 0 0 0 0 0 0 0 0 0 0 0 0 0 0 0 0 0 0 0 0 0 0 0 0 0 0 0 0 0 0 0 0 0 0 0 0 0 0 0 0 0 0 0 
0 0 0 0 0 0 0 0 0 0 0 0 0 0 0 0 0 0 0 0 1 0 
-169 498 -175 475 -180 370 -169 223 -162 149 -156 95 -135 -19 -119 -86 -101 -145 -74 -216 -56 -253 -28 -295 8 -331 49 -360 105 -370 159 -360 210 -338 263 -305 307 -253 341 -212 394 -114 420 -67 461 30 475 69 491 136 499 216 494 323 488 373 473 459 0 0 0 0 0 0 0 0 0 0 0 0 0 0 0 0 0 0 0 0 0 0 0 0 0 0 0 0 0 0 0 0 0 0 0 0 0 0 0 0 0 0 0 0 0 0 0 0 0 0 0 0 0 0 0 0 0 0 0 0 0 0 0 0 0 0 0 0 0 0 0 0 0 0 0 0 0 0 0 0 0 0 0 0 0 0 0 0 0 0 0 0 
0 0 0 0 0 0 0 0 0 0 0 0 0 0 0 0 0 0 0 0 1 0 
-160 -313 -166 -286 -169 -242 -169 -173 -153 -66 -144 -22 -117 66 -97 128 -80 171 -42 265 -16 313 22 375 68 430 94 455 149 487 201 498 275 498 342 480 394 437 419 409 466 334 480 290 492 219 500 135 496 50 490 -34 483 -107 478 -180 0 0 0 0 0 0 0 0 0 0 0 0 0 0 0 0 0 0 0 0 0 0 0 0 0 0 0 0 0 0 0 0 0 0 0 0 0 0 0 0 0 0 0 0 0 0 0 0 0 0 0 0 0 0 0 0 0 0 0 0 0 0 0 0 0 0 0 0 0 0 0 0 0 0 0 0 0 0 0 0 0 0 0 0 0 0 0 0 0 0 0 0 0 0 
0 0 0 0 0 0 0 0 0 0 0 0 0 0 0 0 0 0 0 0 0 1 
-160 -304 -165 -284 -173 -187 -174 -134 -171 -20 -162 53 -140 143 -113 219 -87 270 -55 322 -33 351 19 404 55 438 101 460 147 483 194 498 266 487 312 465 362 416 382 384 418 319 451 230 470 156 477 105 488 31 499 -69 499 -136 497 -210 494 -270 0 0 0 0 0 0 0 0 0 0 0 0 0 0 0 0 0 0 0 0 0 0 0 0 0 0 0 0 0 0 0 0 0 0 0 0 0 0 0 0 0 0 0 0 0 0 0 0 0 0 0 0 0 0 0 0 0 0 0 0 0 0 0 0 0 0 0 0 0 0 0 0 0 0 0 0 0 0 0 0 0 0 0 0 0 0 0 0 0 0 0 0 
0 0 0 0 0 0 0 0 0 0 0 0 0 0 0 0 0 0 0 0 0 1 
-175 -299 -177 -271 -178 -222 -178 -134 -177 -81 -167 12 -144 115 -132 154 -104 226 -67 301 -28 359 -8 387 46 438 68 462 111 486 156 498 223 483 255 462 292 434 334 379 369 329 409 256 445 162 465 94 481 29 488 -14 497 -87 499 -164 496 -226 0 0 0 0 0 0 0 0 0 0 0 0 0 0 0 0 0 0 0 0 0 0 0 0 0 0 0 0 0 0 0 0 0 0 0 0 0 0 0 0 0 0 0 0 0 0 0 0 0 0 0 0 0 0 0 0 0 0 0 0 0 0 0 0 0 0 0 0 0 0 0 0 0 0 0 0 0 0 0 0 0 0 0 0 0 0 0 0 0 0 0 0 
0 0 0 0 0 0 0 0 0 0 0 0 0 0 0 0 0 0 0 0 0 1 
-177 -257 -179 -228 -179 -178 -168 -49 -153 44 -134 136 -114 196 -84 270 -51 340 -11 398 35 447 67 467 119 489 176 498 247 483 300 463 344 422 383 382 404 353 440 286 462 223 482 134 496 20 500 -38 500 -152 496 -199 487 -275 0 0 0 0 0 0 0 0 0 0 0 0 0 0 0 0 0 0 0 0 0 0 0 0 0 0 0 0 0 0 0 0 0 0 0 0 0 0 0 0 0 0 0 0 0 0 0 0 0 0 0 0 0 0 0 0 0 0 0 0 0 0 0 0 0 0 0 0 0 0 0 0 0 0 0 0 0 0 0 0 0 0 0 0 0 0 0 0 0 0 0 0 0 0 0 0 
0 0 0 0 0 0 0 0 0 0 0 0 0 0 0 0 0 0 0 0 0 1 
-142 -303 -152 -264 -164 -199 -166 -164 -162 -58 -157 -6 -135 108 -116 166 -87 244 -53 318 -15 383 18 424 47 452 101 491 160 500 217 487 275 461 306 439 352 396 386 350 417 303 436 266 469 170 486 77 494 4 498 -84 500 -125 498 -179 489 -283 474 -361 0 0 0 0 0 0 0 0 0 0 0 0 0 0 0 0 0 0 0 0 0 0 0 0 0 0 0 0 0 0 0 0 0 0 0 0 0 0 0 0 0 0 0 0 0 0 0 0 0 0 0 0 0 0 0 0 0 0 0 0 0 0 0 0 0 0 0 0 0 0 0 0 0 0 0 0 0 0 0 0 0 0 0 0 0 0 0 0 0 0 
0 0 0 0 0 0 0 0 0 0 0 0 0 0 0 0 0 0 0 0 0 1 
