-160 -313 -166 -286 -169 -242 -169 -173 -153 -66 -144 -22 -117 66 -97 128 -80 171 -42 265 -16 313 22 375 68 430 94 455 149 487 201 498 275 498 342 480 394 437 419 409 466 334 480 290 492 219 500 135 496 50 490 -34 483 -107 478 -180 0 0 0 0 0 0 0 0 0 0 0 0 0 0 0 0 0 0 0 0 0 0 0 0 0 0 0 0 0 0 0 0 0 0 0 0 0 0 0 0 0 0 0 0 0 0 0 0 0 0 0 0 0 0 0 0 0 0 0 0 0 0 0 0 0 0 0 0 0 0 0 0 0 0 0 0 0 0 0 0 0 0 0 0 0 0 0 0 0 0 0 0 0 0 
0 0 0 0 0 0 0 0 0 0 0 0 0 0 0 0 0 0 0 0 0 1 
-160 -304 -165 -284 -173 -187 -174 -134 -171 -20 -162 53 -140 143 -113 219 -87 270 -55 322 -33 351 19 404 55 438 101 460 147 483 194 498 266 487 312 465 362 416 382 384 418 319 451 230 470 156 477 105 488 31 499 -69 499 -136 497 -210 494 -270 0 0 0 0 0 0 0 0 0 0 0 0 0 0 0 0 0 0 0 0 0 0 0 0 0 0 0 0 0 0 0 0 0 0 0 0 0 0 0 0 0 0 0 0 0 0 0 0 0 0 0 0 0 0 0 0 0 0 0 0 0 0 0 0 0 0 0 0 0 0 0 0 0 0 0 0 0 0 0 0 0 0 0 0 0 0 0 0 0 0 0 0 
0 0 0 0 0 0 0 0 0 0 0 0 0 0 0 0 0 0 0 0 0 1 
-175 -299 -177 -271 -178 -222 -178 -134 -177 -81 -167 12 -144 115 -132 154 -104 226 -67 301 -28 359 -8 387 46 438 68 462 111 486 156 498 223 483 255 462 292 434 334 379 369 329 409 256 445 162 465 94 481 29 488 -14 497 -87 499 -164 496 -226 0 0 0 0 0 0 0 0 0 0 0 0 0 0 0 0 0 0 0 0 0 0 0 0 0 0 0 0 0 0 0 0 0 0 0 0 0 0 0 0 0 0 0 0 0 0 0 0 0 0 0 0 0 0 0 0 0 0 0 0 0 0 0 0 0 0 0 0 0 0 0 0 0 0 0 0 0 0 0 0 0 0 0 0 0 0 0 0 0 0 0 0 
0 0 0 0 0 0 0 0 0 0 0 0 0 0 0 0 0 0 0 0 0 1 
-177 -257 -179 -228 -179 -178 -168 -49 -153 44 -134 136 -114 196 -84 270 -51 340 -11 398 35 447 67 467 119 489 176 498 247 483 300 463 344 422 383 382 404 353 440 286 462 223 482 134 496 20 500 -38 500 -152 496 -199 487 -275 0 0 0 0 0 0 0 0 0 0 0 0 0 0 0 0 0 0 0 0 0 0 0 0 0 0 0 0 0 0 0 0 0 0 0 0 0 0 0 0 0 0 0 0 0 0 0 0 0 0 0 0 0 0 0 0 0 0 0 0 0 0 0 0 0 0 0 0 0 0 0 0 0 0 0 0 0 0 0 0 0 0 0 0 0 0 0 0 0 0 0 0 0 0 0 0 
0 0 0 0 0 0 0 0 0 0 0 0 0 0 0 0 0 0 0 0 0 1 
-142 -303 -152 -264 -164 -199 -166 -164 -162 -58 -157 -6 -135 108 -116 166 -87 244 -53 318 -15 383 18 424 47 452 101 491 160 500 217 487 275 461 306 439 352 396 386 350 417 303 436 266 469 170 486 77 494 4 498 -84 500 -125 498 -179 489 -283 474 -361 0 0 0 0 0 0 0 0 0 0 0 0 0 0 0 0 0 0 0 0 0 0 0 0 0 0 0 0 0 0 0 0 0 0 0 0 0 0 0 0 0 0 0 0 0 0 0 0 0 0 0 0 0 0 0 0 0 0 0 0 0 0 0 0 0 0 0 0 0 0 0 0 0 0 0 0 0 0 0 0 0 0 0 0 0 0 0 0 0 0 
0 0 0 0 0 0 0 0 0 0 0 0 0 0 0 0 0 0 0 0 0 1 
