498 363 490 363 483 363 469 204 459 363 446 363 441 500 436 363 422 204 409 363 404 500 396 500 394 204 394 363 -230 498 -191 490 -146 483 -79 469 -26 459 43 446 116 441 153 436 223 422 274 409 312 404 378 396 426 394 467 394 499 -261 499 -261 0 0 0 0 0 0 0 0 0 0 0 0 0 0 0 0 0 0 0 0 0 0 0 0 0 0 0 0 0 0 0 0 0 0 0 0 0 0 0 0 0 0 0 0 0 0 0 0 0 0 0 0 0 0 0 0 0 0 0 0 0 0 0 0 0 0 0 0 0 0 0 0 0 0 0 0 0 0 0 0 0 0 0 0 0 0 0 0 0 0 
0 0 0 0 0 0 0 0 0 0 0 1 0 0 0 0 0 0 0 0 0 0 
500 363 458 500 443 363 421 363 406 204 393 363 384 204 380 363 378 363 373 500 367 363 365 204 365 363 369 204 -200 500 -200 500 -147 458 -117 443 -57 421 -8 406 41 393 92 384 147 380 205 378 258 373 308 367 366 365 417 365 452 369 494 -210 500 -210 0 0 0 0 0 0 0 0 0 0 0 0 0 0 0 0 0 0 0 0 0 0 0 0 0 0 0 0 0 0 0 0 0 0 0 0 0 0 0 0 0 0 0 0 0 0 0 0 0 0 0 0 0 0 0 0 0 0 0 0 0 0 0 0 0 0 0 0 0 0 0 0 0 0 0 0 0 0 0 0 0 0 0 0 0 0 0 0 
0 0 0 0 0 0 0 0 0 0 0 1 0 0 0 0 0 0 0 0 0 0 
460 204 462 363 465 500 460 204 458 363 460 204 467 363 479 363 486 363 495 363 500 500 497 500 490 204 486 363 -214 460 -193 462 -155 465 -103 460 -42 458 37 460 98 467 156 479 214 486 273 495 332 500 399 497 447 490 499 486 0 0 0 0 0 0 0 0 0 0 0 0 0 0 0 0 0 0 0 0 0 0 0 0 0 0 0 0 0 0 0 0 0 0 0 0 0 0 0 0 0 0 0 0 0 0 0 0 0 0 0 0 0 0 0 0 0 0 0 0 0 0 0 0 0 0 0 0 0 0 0 0 0 0 0 0 0 0 0 0 0 0 0 0 0 0 0 0 0 0 0 0 0 0 
0 0 0 0 0 0 0 0 0 0 0 1 0 0 0 0 0 0 0 0 0 0 
427 363 427 363 432 500 437 500 440 363 442 363 450 500 462 363 475 363 482 500 490 363 497 363 499 363 495 363 499 0 -210 427 -197 427 -154 432 -78 437 -21 440 7 442 65 450 121 462 171 475 209 482 251 490 308 497 339 499 405 495 444 499 499 -129 499 -129 0 0 0 0 0 0 0 0 0 0 0 0 0 0 0 0 0 0 0 0 0 0 0 0 0 0 0 0 0 0 0 0 0 0 0 0 0 0 0 0 0 0 0 0 0 0 0 0 0 0 0 0 0 0 0 0 0 0 0 0 0 0 0 0 0 0 0 0 0 0 0 0 0 0 0 0 0 0 0 0 0 0 0 0 0 0 
0 0 0 0 0 0 0 0 0 0 0 1 0 0 0 0 0 0 0 0 0 0 
498 363 496 363 480 500 474 363 469 204 464 363 458 363 456 363 450 363 448 363 442 500 440 363 440 0 -196 498 -182 496 -88 480 -47 474 13 469 72 464 134 458 193 456 253 450 330 448 369 442 420 440 466 440 499 -257 499 -257 0 0 0 0 0 0 0 0 0 0 0 0 0 0 0 0 0 0 0 0 0 0 0 0 0 0 0 0 0 0 0 0 0 0 0 0 0 0 0 0 0 0 0 0 0 0 0 0 0 0 0 0 0 0 0 0 0 0 0 0 0 0 0 0 0 0 0 0 0 0 0 0 0 0 0 0 0 0 0 0 0 0 0 0 0 0 0 0 0 0 0 0 0 0 
0 0 0 0 0 0 0 0 0 0 0 1 0 0 0 0 0 0 0 0 0 0 
