423 500 459 500 469 500 479 500 484 500 487 500 489 500 492 500 494 500 497 363 497 500 500 500 499 423 499 423 428 459 391 469 306 479 214 484 156 487 98 489 18 492 -20 494 -81 497 -125 497 -170 500 -107 -40 -107 -40 0 0 0 0 0 0 0 0 0 0 0 0 0 0 0 0 0 0 0 0 0 0 0 0 0 0 0 0 0 0 0 0 0 0 0 0 0 0 0 0 0 0 0 0 0 0 0 0 0 0 0 0 0 0 0 0 0 0 0 0 0 0 0 0 0 0 0 0 0 0 0 0 0 0 0 0 0 0 0 0 0 0 0 0 0 0 0 0 0 0 0 0 0 0 0 0 
0 0 0 0 0 0 0 0 0 0 1 0 0 0 0 0 0 0 0 0 0 0 
440 363 442 363 437 363 434 363 434 363 431 363 434 363 437 500 451 500 459 500 470 500 479 500 493 363 498 204 499 440 499 440 438 442 361 437 330 434 276 434 205 431 145 434 102 437 37 451 7 459 -42 470 -101 479 -174 493 -191 498 -131 -128 -131 -128 0 0 0 0 0 0 0 0 0 0 0 0 0 0 0 0 0 0 0 0 0 0 0 0 0 0 0 0 0 0 0 0 0 0 0 0 0 0 0 0 0 0 0 0 0 0 0 0 0 0 0 0 0 0 0 0 0 0 0 0 0 0 0 0 0 0 0 0 0 0 0 0 0 0 0 0 0 0 0 0 0 0 0 0 0 0 0 0 
0 0 0 0 0 0 0 0 0 0 1 0 0 0 0 0 0 0 0 0 0 0 
498 499 498 499 483 499 467 499 462 315 454 499 444 499 444 499 446 499 449 315 449 499 449 499 446 315 499 498 499 498 442 483 380 467 343 462 265 454 190 444 128 444 37 446 -22 449 -81 449 -131 449 -175 446 0 0 0 0 0 0 0 0 0 0 0 0 0 0 0 0 0 0 0 0 0 0 0 0 0 0 0 0 0 0 0 0 0 0 0 0 0 0 0 0 0 0 0 0 0 0 0 0 0 0 0 0 0 0 0 0 0 0 0 0 0 0 0 0 0 0 0 0 0 0 0 0 0 0 0 0 0 0 0 0 0 0 0 0 0 0 0 0 0 0 0 0 0 0 0 0 0 0 
0 0 0 0 0 0 0 0 0 0 1 0 0 0 0 0 0 0 0 0 0 0 
463 363 463 363 461 204 456 500 451 363 448 500 451 363 451 363 456 363 471 500 478 500 488 204 496 363 498 363 499 463 484 463 417 461 368 456 307 451 203 448 160 451 76 451 20 456 -41 471 -76 478 -138 488 -185 496 -233 498 -155 -80 -155 -80 0 0 0 0 0 0 0 0 0 0 0 0 0 0 0 0 0 0 0 0 0 0 0 0 0 0 0 0 0 0 0 0 0 0 0 0 0 0 0 0 0 0 0 0 0 0 0 0 0 0 0 0 0 0 0 0 0 0 0 0 0 0 0 0 0 0 0 0 0 0 0 0 0 0 0 0 0 0 0 0 0 0 0 0 0 0 0 0 0 0 
0 0 0 0 0 0 0 0 0 0 1 0 0 0 0 0 0 0 0 0 0 0 
419 363 419 363 424 363 431 500 436 500 441 500 446 363 443 204 448 204 453 500 465 500 475 363 485 204 500 204 500 419 484 419 431 424 374 431 316 436 257 441 199 446 137 443 57 448 18 453 -36 465 -92 475 -148 485 -197 500 -142 -204 -142 -204 0 0 0 0 0 0 0 0 0 0 0 0 0 0 0 0 0 0 0 0 0 0 0 0 0 0 0 0 0 0 0 0 0 0 0 0 0 0 0 0 0 0 0 0 0 0 0 0 0 0 0 0 0 0 0 0 0 0 0 0 0 0 0 0 0 0 0 0 0 0 0 0 0 0 0 0 0 0 0 0 0 0 0 0 0 0 0 0 0 0 
0 0 0 0 0 0 0 0 0 0 1 0 0 0 0 0 0 0 0 0 0 0 
