-116 -250 -84 -272 -29 -290 56 -305 115 -312 173 -307 244 -292 316 -267 357 -233 393 -193 437 -124 466 -64 490 0 499 47 494 181 473 250 453 290 399 362 380 379 324 424 276 451 231 473 192 486 122 498 46 491 4 483 -47 471 -79 468 0 0 0 0 0 0 0 0 0 0 0 0 0 0 0 0 0 0 0 0 0 0 0 0 0 0 0 0 0 0 0 0 0 0 0 0 0 0 0 0 0 0 0 0 0 0 0 0 0 0 0 0 0 0 0 0 0 0 0 0 0 0 0 0 0 0 0 0 0 0 0 0 0 0 0 0 0 0 0 0 0 0 0 0 0 0 0 0 0 0 0 0 0 0 
0 0 0 0 0 0 0 0 0 0 0 0 0 0 0 0 0 0 1 0 0 0 
-125 -297 -94 -306 -33 -319 61 -335 77 -333 151 -326 220 -313 296 -277 344 -234 365 -214 404 -174 436 -127 464 -76 481 -38 496 26 500 107 483 187 461 243 435 293 388 351 353 387 314 422 259 456 197 487 165 498 83 496 30 485 -16 476 -66 467 0 0 0 0 0 0 0 0 0 0 0 0 0 0 0 0 0 0 0 0 0 0 0 0 0 0 0 0 0 0 0 0 0 0 0 0 0 0 0 0 0 0 0 0 0 0 0 0 0 0 0 0 0 0 0 0 0 0 0 0 0 0 0 0 0 0 0 0 0 0 0 0 0 0 0 0 0 0 0 0 0 0 0 0 0 0 0 0 0 0 0 0 
0 0 0 0 0 0 0 0 0 0 0 0 0 0 0 0 0 0 1 0 0 0 
-126 -281 -112 -285 -23 -301 17 -303 115 -296 176 -290 226 -276 276 -257 308 -237 363 -195 388 -171 422 -131 455 -85 480 -39 499 35 488 142 469 210 446 261 416 307 394 340 332 408 294 439 263 459 209 490 152 498 92 496 34 485 -17 476 -78 468 0 0 0 0 0 0 0 0 0 0 0 0 0 0 0 0 0 0 0 0 0 0 0 0 0 0 0 0 0 0 0 0 0 0 0 0 0 0 0 0 0 0 0 0 0 0 0 0 0 0 0 0 0 0 0 0 0 0 0 0 0 0 0 0 0 0 0 0 0 0 0 0 0 0 0 0 0 0 0 0 0 0 0 0 0 0 0 0 0 0 0 0 
0 0 0 0 0 0 0 0 0 0 0 0 0 0 0 0 0 0 1 0 0 0 
-75 -324 -62 -328 28 -342 66 -344 143 -335 193 -324 254 -302 296 -272 337 -239 375 -205 422 -145 451 -107 475 -53 500 24 498 147 480 214 450 270 418 322 378 369 339 413 298 447 234 480 225 483 171 498 110 492 43 480 -24 465 -59 458 -104 447 0 0 0 0 0 0 0 0 0 0 0 0 0 0 0 0 0 0 0 0 0 0 0 0 0 0 0 0 0 0 0 0 0 0 0 0 0 0 0 0 0 0 0 0 0 0 0 0 0 0 0 0 0 0 0 0 0 0 0 0 0 0 0 0 0 0 0 0 0 0 0 0 0 0 0 0 0 0 0 0 0 0 0 0 0 0 0 0 0 0 0 0 
0 0 0 0 0 0 0 0 0 0 0 0 0 0 0 0 0 0 1 0 0 0 
-146 -309 -132 -315 -57 -345 -3 -360 48 -360 112 -347 168 -334 225 -321 276 -307 323 -281 365 -249 390 -226 443 -166 465 -134 490 -74 500 -31 493 76 473 140 446 200 407 253 340 330 329 343 264 400 214 434 164 469 114 488 65 496 4 498 -53 496 -107 488 -140 475 0 0 0 0 0 0 0 0 0 0 0 0 0 0 0 0 0 0 0 0 0 0 0 0 0 0 0 0 0 0 0 0 0 0 0 0 0 0 0 0 0 0 0 0 0 0 0 0 0 0 0 0 0 0 0 0 0 0 0 0 0 0 0 0 0 0 0 0 0 0 0 0 0 0 0 0 0 0 0 0 0 0 0 0 0 0 0 0 
0 0 0 0 0 0 0 0 0 0 0 0 0 0 0 0 0 0 1 0 0 0 
