489 489 265 265 387 387 265 265 265 265 387 387 387 387 265 265 122 122 265 265 387 387 265 265 387 387 139 387 215 489 240 265 291 387 329 265 354 265 379 387 430 387 455 265 481 122 493 265 481 387 455 265 430 387 499 139 499 139 416 215 393 240 342 291 311 329 287 354 246 379 190 430 153 455 96 481 42 493 -11 481 -56 455 -99 430 -103 430 -103 430 0 0 0 0 0 0 0 0 0 0 0 0 0 0 0 0 0 0 0 0 0 0 0 0 0 0 0 0 0 0 0 0 0 0 0 0 0 0 0 0 0 0 0 0 0 0 0 0 0 0 0 0 0 0 0 0 0 0 0 0 0 0 
0 0 0 0 0 0 0 0 0 0 0 0 0 0 1 0 0 0 0 0 0 0 
483 483 483 483 483 483 483 483 483 483 483 483 193 193 483 483 483 483 483 483 193 193 136 483 141 483 147 483 147 483 143 483 143 483 141 193 141 483 147 483 154 483 163 193 500 193 500 193 499 136 499 136 434 141 350 147 275 147 192 143 132 143 45 141 20 141 -54 147 -115 154 -158 163 -74 500 -74 500 -39 -330 -39 -330 0 0 0 0 0 0 0 0 0 0 0 0 0 0 0 0 0 0 0 0 0 0 0 0 0 0 0 0 0 0 0 0 0 0 0 0 0 0 0 0 0 0 0 0 0 0 0 0 0 0 0 0 0 0 0 0 0 0 0 0 0 0 0 0 0 0 0 0 0 0 
0 0 0 0 0 0 0 0 0 0 0 0 0 0 1 0 0 0 0 0 0 0 
204 204 500 500 500 500 500 500 500 500 204 204 204 204 204 204 204 204 204 204 363 363 500 204 500 204 500 204 471 500 465 500 456 500 454 500 454 204 454 204 456 204 465 204 476 204 482 363 491 0 499 500 499 500 499 500 464 471 451 465 399 456 317 454 274 454 210 454 132 456 61 465 1 476 -53 482 -90 491 -97 495 0 0 0 0 0 0 0 0 0 0 0 0 0 0 0 0 0 0 0 0 0 0 0 0 0 0 0 0 0 0 0 0 0 0 0 0 0 0 0 0 0 0 0 0 0 0 0 0 0 0 0 0 0 0 0 0 0 0 0 0 0 0 0 0 0 0 0 0 0 0 
0 0 0 0 0 0 0 0 0 0 0 0 0 0 1 0 0 0 0 0 0 0 
193 193 483 483 483 483 193 193 193 193 483 483 193 193 193 193 193 193 193 193 193 193 193 193 193 193 361 193 361 193 400 483 421 483 439 193 448 193 448 483 451 193 457 193 463 193 478 193 487 193 496 193 500 193 500 193 500 -268 418 361 418 361 370 400 314 421 253 439 181 448 148 448 93 451 33 457 -27 463 -108 478 -161 487 -222 496 -240 500 -240 500 -169 -141 -169 -141 0 0 0 0 0 0 0 0 0 0 0 0 0 0 0 0 0 0 0 0 0 0 0 0 0 0 0 0 0 0 0 0 0 0 0 0 0 0 0 0 0 0 0 0 0 0 0 0 0 0 0 0 0 0 0 0 0 0 
0 0 0 0 0 0 0 0 0 0 0 0 0 0 1 0 0 0 0 0 0 0 
363 363 500 500 204 204 500 500 204 204 204 204 204 204 204 204 363 363 204 204 460 363 460 363 451 500 447 204 447 500 449 204 454 204 460 204 469 204 478 363 491 204 500 204 499 460 499 460 440 451 395 447 324 447 262 449 188 454 114 460 55 469 1 478 -63 491 -86 500 -157 -312 -160 -310 0 0 0 0 0 0 0 0 0 0 0 0 0 0 0 0 0 0 0 0 0 0 0 0 0 0 0 0 0 0 0 0 0 0 0 0 0 0 0 0 0 0 0 0 0 0 0 0 0 0 0 0 0 0 0 0 0 0 0 0 0 0 0 0 0 0 0 0 0 0 0 0 0 0 0 0 0 0 
0 0 0 0 0 0 0 0 0 0 0 0 0 0 1 0 0 0 0 0 0 0 
