-125 500 -128 476 -130 410 -125 309 -121 248 -105 119 -93 37 -75 -39 -54 -110 -31 -173 -5 -232 11 -269 57 -319 99 -347 144 -361 195 -352 241 -321 269 -302 316 -255 350 -211 390 -150 417 -100 445 -39 467 18 485 89 497 159 500 215 494 328 483 396 0 0 0 0 0 0 0 0 0 0 0 0 0 0 0 0 0 0 0 0 0 0 0 0 0 0 0 0 0 0 0 0 0 0 0 0 0 0 0 0 0 0 0 0 0 0 0 0 0 0 0 0 0 0 0 0 0 0 0 0 0 0 0 0 0 0 0 0 0 0 0 0 0 0 0 0 0 0 0 0 0 0 0 0 0 0 0 0 0 0 0 0 
0 0 0 0 0 0 0 0 0 0 0 0 0 0 0 0 0 0 0 0 1 0 
-137 498 -139 472 -131 325 -118 230 -104 137 -80 19 -60 -64 -36 -144 -12 -209 15 -263 45 -313 71 -337 113 -358 172 -363 225 -346 281 -315 331 -270 363 -225 403 -163 428 -109 465 -11 475 30 483 68 496 166 500 275 500 363 496 434 0 0 0 0 0 0 0 0 0 0 0 0 0 0 0 0 0 0 0 0 0 0 0 0 0 0 0 0 0 0 0 0 0 0 0 0 0 0 0 0 0 0 0 0 0 0 0 0 0 0 0 0 0 0 0 0 0 0 0 0 0 0 0 0 0 0 0 0 0 0 0 0 0 0 0 0 0 0 0 0 0 0 0 0 0 0 0 0 0 0 0 0 0 0 0 0 
0 0 0 0 0 0 0 0 0 0 0 0 0 0 0 0 0 0 0 0 1 0 
-125 473 -134 446 -142 398 -150 298 -142 186 -129 77 -115 2 -101 -48 -79 -128 -64 -169 -23 -257 -3 -281 38 -308 83 -330 136 -337 190 -322 239 -300 291 -252 326 -206 358 -157 378 -121 412 -43 427 -7 454 67 477 155 491 249 497 364 499 419 499 499 0 0 0 0 0 0 0 0 0 0 0 0 0 0 0 0 0 0 0 0 0 0 0 0 0 0 0 0 0 0 0 0 0 0 0 0 0 0 0 0 0 0 0 0 0 0 0 0 0 0 0 0 0 0 0 0 0 0 0 0 0 0 0 0 0 0 0 0 0 0 0 0 0 0 0 0 0 0 0 0 0 0 0 0 0 0 0 0 0 0 0 0 
0 0 0 0 0 0 0 0 0 0 0 0 0 0 0 0 0 0 0 0 1 0 
-180 498 -183 474 -190 363 -189 297 -179 179 -170 125 -150 9 -135 -38 -104 -121 -86 -157 -36 -232 -2 -273 27 -290 62 -307 109 -322 161 -326 241 -307 291 -266 325 -220 358 -176 382 -140 400 -104 439 -16 460 46 469 77 489 169 495 230 500 295 497 394 486 460 0 0 0 0 0 0 0 0 0 0 0 0 0 0 0 0 0 0 0 0 0 0 0 0 0 0 0 0 0 0 0 0 0 0 0 0 0 0 0 0 0 0 0 0 0 0 0 0 0 0 0 0 0 0 0 0 0 0 0 0 0 0 0 0 0 0 0 0 0 0 0 0 0 0 0 0 0 0 0 0 0 0 0 0 0 0 0 0 0 0 
0 0 0 0 0 0 0 0 0 0 0 0 0 0 0 0 0 0 0 0 1 0 
-169 498 -175 475 -180 370 -169 223 -162 149 -156 95 -135 -19 -119 -86 -101 -145 -74 -216 -56 -253 -28 -295 8 -331 49 -360 105 -370 159 -360 210 -338 263 -305 307 -253 341 -212 394 -114 420 -67 461 30 475 69 491 136 499 216 494 323 488 373 473 459 0 0 0 0 0 0 0 0 0 0 0 0 0 0 0 0 0 0 0 0 0 0 0 0 0 0 0 0 0 0 0 0 0 0 0 0 0 0 0 0 0 0 0 0 0 0 0 0 0 0 0 0 0 0 0 0 0 0 0 0 0 0 0 0 0 0 0 0 0 0 0 0 0 0 0 0 0 0 0 0 0 0 0 0 0 0 0 0 0 0 0 0 
0 0 0 0 0 0 0 0 0 0 0 0 0 0 0 0 0 0 0 0 1 0 
