150 150 10
499 344 484 348 332 382 290 394 172 420 148 428 68 445 14 449 -37 453 -110 457 -194 466 -274 483 -292 491 -296 500 499 301 448 312 416 316 307 345 268 356 190 371 144 382 92 397 49 408 27 411 -52 422 -96 430 -170 444 -189 452 -203 459 -203 459 -264 500 500 392 500 392 456 397 420 402 292 432 263 450 174 448 130 456 75 461 38 464 -3 466 -79 472 -132 474 -198 482 -218 485 -251 490 -251 490 -283 498 -252 224 -252 224 0 0 0 0 0 0 0 0 0 0 0 0 0 0 0 0 0 0 0 0 0 0 0 0 0 0 0 0 0 0 0 0 0 0 0 0 0 0 0 0 0 0 0 0 0 0 0 0 
1 0 0 0 0 0 0 0 0 0 
498 407 498 407 498 407 498 407 328 437 257 442 174 457 96 462 -6 467 -105 482 -186 497 -186 497 499 461 428 443 384 431 324 426 281 426 248 428 220 434 200 437 189 437 164 443 95 446 49 449 -5 452 -47 455 -104 464 -158 470 -205 488 -216 500 -216 500 499 392 499 392 424 392 387 379 335 366 283 366 250 370 222 379 199 387 190 387 180 392 110 409 65 413 11 422 -31 431 -90 443 -144 465 -167 474 -188 495 -197 500 -197 500 0 0 0 0 0 0 0 0 0 0 0 0 0 0 0 0 0 0 0 0 0 0 0 0 0 0 0 0 0 0 0 0 0 0 0 0 0 0 0 0 0 0 0 0 0 0 
1 0 0 0 0 0 0 0 0 0 
499 500 377 495 335 491 258 479 193 479 63 470 10 470 -54 466 -92 470 -156 470 -225 466 -279 466 -279 466 500 500 470 492 370 478 318 473 266 470 193 465 90 468 45 468 -9 465 -55 465 -100 465 -145 468 -221 470 -221 470 -221 470 499 222 499 222 454 217 371 211 323 203 273 203 202 195 117 201 54 201 23 201 -26 201 -74 201 -118 201 -185 206 -195 206 -195 206 -250 500 -250 500 0 0 0 0 0 0 0 0 0 0 0 0 0 0 0 0 0 0 0 0 0 0 0 0 0 0 0 0 0 0 0 0 0 0 0 0 0 0 0 0 0 0 0 0 0 0 0 0 0 0 0 0 0 0 0 0 0 0 
1 0 0 0 0 0 0 0 0 0 
500 497 500 497 483 493 360 485 360 485 250 465 193 465 103 465 26 465 -56 473 -174 477 -225 473 499 500 419 462 419 462 419 462 341 416 315 409 315 409 270 378 208 356 172 340 110 325 48 303 18 303 -30 310 -124 325 -172 333 -248 333 -248 333 499 498 499 498 499 498 443 498 433 494 422 494 393 486 342 471 321 463 310 460 256 448 206 441 187 433 126 418 75 410 31 410 -34 414 -100 418 -163 422 -217 414 -217 414 -291 -79 -291 -79 0 0 0 0 0 0 0 0 0 0 0 0 0 0 0 0 0 0 0 0 0 0 0 0 0 0 0 0 0 0 0 0 0 0 0 0 0 0 0 0 0 0 0 0 
1 0 0 0 0 0 0 0 0 0 
499 500 500 237 500 237 467 250 417 278 417 278 388 290 365 302 352 302 322 314 309 314 277 318 248 322 217 326 156 342 62 375 62 375 3 379 -42 391 -111 391 -111 391 -176 366 -219 334 -219 334 -228 330 -234 322 -273 286 -294 262 -302 254 -305 250 -358 197 -388 173 -446 145 -466 141 -355 495 -360 500 500 421 500 421 485 424 480 424 418 441 390 444 399 401 288 461 376 343 376 343 376 343 141 492 141 492 141 492 114 375 -66 498 -214 438 -214 438 -214 438 -286 404 -286 404 500 293 470 307 470 307 329 442 370 346 370 346 370 346 370 346 370 346 370 346 154 483 95 498 95 498 58 410 58 410 58 410 21 436 -10 416 
1 0 0 0 0 0 0 0 0 0 
499 500 499 500 481 492 340 440 332 436 256 412 268 420 239 432 239 432 239 432 -338 476 -338 476 499 500 499 500 417 459 417 459 436 467 454 467 454 467 462 470 462 470 452 463 445 456 351 397 336 390 279 368 261 364 143 346 143 346 131 350 -53 343 -53 343 -53 343 -53 343 -36 361 -71 379 -150 401 -190 408 -202 412 -242 416 -261 416 500 498 500 498 475 494 475 494 420 477 420 477 396 470 357 45 353 49 346 45 341 45 330 42 309 35 296 31 216 -21 180 -56 150 -70 119 -80 119 -80 75 -84 54 -84 19 -84 -2 -80 -37 -73 -37 -73 -78 -66 -133 -42 -188 -21 -232 -17 -254 -10 -289 -10 -309 -10 -317 -10 0 0 
1 0 0 0 0 0 0 0 0 0 
499 104 499 104 462 114 408 130 341 143 299 147 242 147 163 137 125 124 68 107 18 500 18 496 13 81 13 81 -10 68 -40 58 -164 35 -228 42 -243 45 -284 55 -320 78 464 67 499 469 499 469 452 478 411 487 335 500 291 500 229 500 150 484 140 481 78 460 16 58 16 58 -119 411 -119 411 -119 411 -119 411 -169 386 -214 389 -235 392 -243 395 -293 417 -335 52 -338 55 499 455 484 461 414 483 365 492 303 498 209 495 141 486 156 476 62 461 95 436 94 433 94 433 -364 406 0 0 0 0 0 0 0 0 0 0 0 0 0 0 0 0 0 0 0 0 0 0 0 0 0 0 0 0 0 0 0 0 0 0 
1 0 0 0 0 0 0 0 0 0 
499 404 499 404 444 389 344 366 263 328 222 297 190 274 122 267 49 267 -31 282 -117 335 -149 358 -200 404 -245 442 -280 465 -323 496 500 498 500 498 445 490 431 486 403 483 351 471 310 464 265 441 196 438 157 426 113 411 55 411 -6 411 -64 415 -139 438 -159 430 -220 456 -254 471 -280 479 -315 494 -321 494 -356 -7 -356 -7 499 488 448 498 435 498 412 496 354 485 331 480 281 469 213 461 160 450 118 442 66 442 -1 442 -53 448 -111 453 -133 458 -198 474 -234 482 -267 490 -295 496 -358 -151 0 0 0 0 0 0 0 0 0 0 0 0 0 0 0 0 0 0 0 0 0 0 0 0 0 0 0 0 0 0 0 0 
1 0 0 0 0 0 0 0 0 0 
499 404 442 411 368 425 302 432 273 432 219 439 189 439 135 446 88 446 37 460 -9 475 -31 475 -90 482 -127 482 -177 482 -198 482 -266 489 -315 496 -345 496 500 449 500 449 434 445 374 445 305 449 278 449 218 452 202 456 148 456 101 463 52 470 2 480 -13 484 -62 487 -109 484 -157 487 -178 487 -241 494 -287 498 -318 498 -362 -10 -366 -10 499 464 499 464 442 467 374 467 307 467 285 467 224 467 208 469 154 469 109 474 72 477 23 482 -1 487 -44 487 -96 487 -132 487 -166 487 -221 492 -263 492 -301 500 -343 211 -343 211 -368 -148 -368 -148 0 0 0 0 0 0 0 0 0 0 0 0 0 0 0 0 0 0 0 0 
1 0 0 0 0 0 0 0 0 0 
499 500 499 500 499 500 370 489 361 485 360 485 360 485 280 475 198 457 140 439 -12 442 -104 457 -111 460 -78 442 499 70 448 70 425 63 401 56 401 56 274 430 308 40 308 40 296 36 278 36 220 26 161 13 98 3 -6 3 -58 10 -123 23 -123 23 -167 380 -168 393 -178 403 -230 453 -253 473 -275 500 499 499 499 499 454 499 429 496 405 492 381 485 371 482 305 471 294 471 284 468 273 468 221 453 165 436 89 407 0 407 -44 414 -105 436 -285 478 -285 478 -207 99 -207 99 -276 156 -298 170 -327 187 -338 202 0 0 0 0 0 0 0 0 0 0 0 0 0 0 0 0 0 0 0 0 0 0 0 0 0 0 
1 0 0 0 0 0 0 0 0 0 
500 421 500 421 473 445 447 469 397 500 272 463 262 463 235 457 210 445 169 421 129 391 86 361 38 337 -32 319 -62 319 -105 325 -143 337 -200 349 -232 349 -251 355 -278 373 -278 373 500 464 500 464 464 475 385 500 302 489 231 478 213 471 200 468 147 447 103 419 67 397 4 383 -69 380 -119 383 -147 383 -210 397 -275 401 -294 401 -153 338 -169 341 500 467 482 474 433 492 402 500 292 481 254 460 222 438 214 431 177 405 142 384 107 365 56 358 1 351 -43 351 -70 351 -119 355 -165 358 -193 358 0 0 0 0 0 0 0 0 0 0 0 0 0 0 0 0 0 0 0 0 0 0 0 0 0 0 0 0 0 0 
1 0 0 0 0 0 0 0 0 0 
500 500 500 500 424 418 392 377 370 360 306 313 237 250 237 250 170 209 131 203 50 203 38 209 -1 220 -71 267 -140 313 -184 348 -192 354 -211 366 -217 366 -222 372 -226 372 -237 377 -255 389 -271 395 -284 389 -295 383 500 476 475 468 413 420 313 360 285 356 238 332 124 324 72 316 -31 332 -31 332 -84 336 -121 340 -247 432 -273 460 -337 472 -347 480 -351 480 -354 484 -358 488 -399 500 499 500 464 483 374 432 342 425 272 371 253 364 211 344 133 331 82 324 2 334 2 334 -47 347 -91 371 -193 408 -217 432 -310 320 -288 452 -288 452 -288 452 -288 452 -288 452 -380 347 -348 469 -348 469 0 0 0 0 0 0 0 0 0 0 
1 0 0 0 0 0 0 0 0 0 
499 344 461 360 409 371 344 387 280 404 245 409 201 415 152 415 96 420 47 442 1 469 -48 480 -83 491 -110 497 -159 491 -209 469 -241 448 -277 431 499 410 458 421 407 434 336 445 272 455 227 458 183 458 130 462 64 469 11 479 -43 486 -85 493 -132 496 -156 500 -217 500 -281 489 -304 486 -359 479 -270 78 499 450 499 450 457 453 408 453 348 457 287 464 239 467 200 467 165 467 114 470 59 477 24 484 -21 491 -54 494 -82 498 -130 498 -164 491 -201 481 -231 477 -243 474 -306 75 -306 75 0 0 0 0 0 0 0 0 0 0 0 0 0 0 0 0 0 0 0 0 0 0 0 0 0 0 0 0 0 0 0 0 
1 0 0 0 0 0 0 0 0 0 
499 346 499 346 454 350 361 367 281 384 209 393 160 397 104 405 61 410 -21 431 -93 448 -122 452 -180 465 -203 470 -241 482 -259 482 -308 500 499 304 487 304 424 333 393 341 327 349 317 349 268 357 202 386 157 394 133 402 82 410 53 414 8 430 -49 447 -85 455 -104 463 -128 467 -147 471 -182 483 -219 500 -222 500 500 378 500 378 438 376 405 378 353 378 339 381 276 387 219 395 167 398 113 401 92 401 56 398 8 403 -61 409 -94 384 -121 403 -138 417 -168 448 -211 470 -243 487 -247 490 -261 498 0 0 0 0 0 0 0 0 0 0 0 0 0 0 0 0 0 0 0 0 0 0 0 0 0 0 0 0 0 0 
1 0 0 0 0 0 0 0 0 0 
500 500 500 500 500 500 500 500 500 500 442 494 360 488 317 494 258 494 207 494 125 483 67 477 -29 471 -131 443 -203 426 -279 404 -324 393 499 498 428 413 428 413 411 409 393 409 378 409 378 409 306 416 265 419 238 419 190 422 155 422 99 422 57 416 -13 413 -70 409 -126 406 -187 400 -221 400 -247 403 499 210 499 210 461 199 416 192 386 188 372 188 360 188 348 184 326 184 289 181 253 173 219 173 175 173 142 173 92 170 43 170 -21 170 -60 159 -119 148 -172 130 -202 123 -226 112 -264 500 -264 500 0 0 0 0 0 0 0 0 0 0 0 0 0 0 0 0 0 0 0 0 0 0 0 0 0 0 0 0 
1 0 0 0 0 0 0 0 0 0 
-249 80 -335 456 -322 459 -283 473 -240 484 -189 487 -150 487 -92 498 -55 498 4 491 50 484 77 487 120 473 176 463 222 456 267 449 325 439 358 439 398 439 446 456 478 466 496 473 499 473 499 473 -418 321 -418 321 -372 356 -325 385 -284 402 -243 413 -188 419 -153 431 -97 436 -59 425 -28 419 14 396 68 362 107 339 153 321 202 310 234 310 273 316 325 350 342 367 499 499 -255 371 -255 371 -201 439 -172 460 -123 476 -83 486 -27 492 6 497 60 492 96 486 128 471 166 455 225 418 266 392 311 371 356 356 389 350 431 356 474 376 499 387 0 0 0 0 0 0 0 0 0 0 0 0 0 0 0 0 0 0 0 0 
0 1 0 0 0 0 0 0 0 0 
-188 453 -338 355 -338 355 -288 342 -236 338 -116 371 -86 375 -34 391 25 400 99 408 129 412 223 428 272 432 304 436 371 453 423 473 474 489 494 493 500 497 -356 61 -274 417 -274 417 -205 390 -178 387 -89 390 -38 398 -6 422 47 435 97 443 144 449 211 457 274 462 315 465 367 467 407 473 441 478 474 483 498 497 500 500 -228 379 -217 379 -170 372 -133 368 -37 387 -3 394 36 402 103 409 133 409 169 417 243 428 295 436 327 439 383 451 425 466 464 481 482 488 500 500 0 0 0 0 0 0 0 0 0 0 0 0 0 0 0 0 0 0 0 0 0 0 0 0 0 0 0 0 0 0 0 0 0 0 0 0 
0 1 0 0 0 0 0 0 0 0 
-307 497 -307 497 -247 440 -199 398 -158 383 -122 378 -62 367 -8 357 30 341 54 341 87 347 99 347 110 347 120 352 120 352 124 352 133 352 165 352 174 352 188 352 188 352 193 357 199 357 224 352 233 352 239 352 243 352 248 352 259 352 292 347 296 341 310 336 310 336 314 336 342 331 353 326 357 326 363 321 367 321 371 316 409 295 435 274 472 248 500 233 190 489 190 489 190 489 258 499 258 499 258 499 335 493 335 493 335 493 412 489 412 489 412 489 500 486 500 486 500 486 500 486 -283 500 -221 454 -173 441 -130 435 -87 431 -51 431 5 425 50 425 69 422 103 425 113 425 118 425 123 422 134 425 145 425 
0 1 0 0 0 0 0 0 0 0 
-253 498 -217 480 -154 441 -120 412 -33 348 2 327 113 313 128 320 183 334 235 352 285 359 289 362 289 362 304 366 304 366 326 373 357 384 396 395 401 398 410 402 421 405 437 409 500 423 -310 146 -310 146 -272 116 -221 78 -162 41 -67 -44 -52 -44 48 -59 67 -56 129 -37 183 -7 267 400 275 404 230 7 230 7 241 7 251 11 260 14 275 22 308 29 374 434 379 438 344 41 347 41 362 44 362 44 390 48 442 48 499 483 496 486 484 498 -370 500 -370 500 -339 476 -285 443 -225 406 -153 343 -81 306 -35 300 -2 300 57 323 111 346 199 -50 203 -50 176 370 176 370 176 370 176 370 176 370 176 370 217 390 302 -23 
0 1 0 0 0 0 0 0 0 0 
-357 500 -345 494 -316 482 -304 476 -292 476 -292 476 -271 458 -203 440 -142 434 -92 428 -17 422 16 422 80 422 143 434 176 440 195 446 243 452 296 452 334 464 382 464 416 446 499 416 -316 500 -316 500 -349 88 -288 489 -277 485 -266 482 -256 482 -236 478 -179 464 -123 457 -60 468 -16 457 40 454 102 464 153 461 187 464 205 464 244 468 294 471 323 475 367 475 412 471 470 468 478 24 480 24 499 17 -366 63 -418 500 -418 500 -304 449 -361 479 -361 479 -361 479 -361 479 -361 479 -272 459 -222 456 -163 453 -110 453 -65 453 -1 456 47 463 98 463 105 466 149 469 204 469 220 473 265 469 321 466 373 449 472 419 469 419 452 416 
0 1 0 0 0 0 0 0 0 0 
498 500 -207 498 -207 498 -207 498 -195 495 -82 444 -82 444 -66 434 50 400 50 400 50 400 68 400 152 409 246 409 277 412 337 419 347 422 401 428 486 441 486 441 499 441 -347 500 -347 500 -300 463 -267 442 -232 418 -189 403 -167 396 -157 393 -123 381 -79 369 -79 369 -60 360 -10 336 20 324 20 324 40 324 80 315 120 315 169 321 221 330 266 336 310 342 336 345 367 345 401 351 420 357 450 366 467 372 480 384 465 403 500 33 500 33 -413 497 -400 478 -361 450 -327 422 -286 399 -242 375 -222 366 -213 361 -167 338 -139 319 -139 319 -117 300 -67 272 -16 230 -16 230 -1 220 20 215 65 215 119 220 175 234 225 244 270 253 
0 1 0 0 0 0 0 0 0 0 
-327 381 -327 381 -274 375 -232 387 -114 393 -81 393 2 421 78 421 102 439 102 439 102 439 157 462 167 468 167 468 197 479 252 485 318 497 337 497 363 491 386 485 427 462 491 393 500 387 -282 440 -282 440 -235 430 -203 434 -89 444 -28 447 19 454 112 468 128 468 128 468 128 468 169 482 179 486 179 486 209 493 268 496 328 500 348 500 361 500 386 496 429 486 481 472 482 468 497 6 499 3 -393 426 -313 416 -274 423 -129 423 -71 426 -4 436 69 449 69 449 69 449 150 478 150 478 207 491 236 495 320 498 320 498 391 485 391 485 429 469 499 439 0 0 0 0 0 0 0 0 0 0 0 0 0 0 0 0 
0 1 0 0 0 0 0 0 0 0 
-286 398 -286 398 -286 398 -268 402 -182 416 -107 428 -62 439 -30 450 49 468 70 472 114 483 186 490 243 487 323 479 363 479 419 479 464 483 499 498 -214 374 -203 384 -194 391 -174 405 -147 419 -136 426 -74 444 -3 458 17 465 75 479 133 486 143 489 192 496 67 437 77 437 240 500 121 437 125 437 306 496 382 489 408 486 454 479 485 479 500 479 401 458 403 458 -260 493 -247 493 -236 495 -214 495 -183 495 -166 498 -109 495 -48 493 2 490 39 476 113 460 120 454 176 432 191 279 203 282 246 441 255 282 264 279 296 454 366 460 396 465 428 471 475 479 499 484 496 271 496 271 0 0 0 0 0 0 0 0 0 0 
0 1 0 0 0 0 0 0 0 0 
-211 116 -372 97 -372 97 -329 82 -133 500 -124 477 -235 30 -126 -30 -92 -37 -51 -41 -1 -37 61 -18 112 3 283 383 287 383 194 33 223 41 274 52 283 56 293 60 352 90 369 101 443 142 466 157 482 169 499 184 -260 500 -248 496 -170 456 -183 64 -169 57 -134 402 -41 352 -7 345 37 341 88 341 138 348 185 352 187 14 192 17 230 330 300 57 322 57 322 57 346 68 398 97 425 115 487 154 497 161 500 165 -240 86 -225 82 -183 60 -121 32 -33 -17 12 -25 37 -25 90 -21 146 -7 184 7 235 28 336 444 336 444 336 444 402 476 433 483 490 498 500 498 0 0 0 0 0 0 0 0 0 0 0 0 0 0 
0 1 0 0 0 0 0 0 0 0 
-249 439 -231 443 -185 439 -141 406 -119 398 -70 394 -31 398 15 398 37 402 50 402 100 414 123 422 140 426 200 443 256 451 267 455 301 463 311 463 362 479 410 483 476 500 494 500 499 483 -249 454 -380 305 -369 309 -322 297 -277 280 -261 276 -207 264 -163 272 -109 280 -84 289 -73 293 -35 293 -3 309 13 314 63 322 124 338 153 355 178 355 197 363 239 371 277 384 345 404 391 417 409 409 499 499 499 495 -383 44 -312 442 -296 442 -244 428 -202 411 -177 406 -131 400 -94 397 -45 397 -11 397 -8 397 45 400 69 400 100 397 146 400 206 397 215 394 268 400 281 397 319 397 375 476 423 487 471 495 494 498 497 498 498 498 
0 1 0 0 0 0 0 0 0 0 
-242 498 -336 76 -336 76 -273 79 -248 73 -192 70 -192 70 -182 65 -182 65 -137 59 -129 56 -73 53 -29 56 50 65 94 73 180 99 218 110 302 130 344 147 390 161 421 164 473 184 485 186 500 195 -212 369 -201 380 -174 384 -157 384 -121 384 -54 373 -54 373 -54 373 -54 373 13 369 76 366 111 369 194 388 253 406 292 417 363 454 402 468 448 483 465 490 499 498 -216 132 -269 438 -269 438 -235 438 -198 433 -167 433 -87 353 -87 353 -82 359 -53 337 -53 337 -11 343 50 329 77 345 162 422 202 438 245 446 315 460 355 462 404 462 434 468 483 486 500 500 0 0 0 0 0 0 0 0 0 0 0 0 0 0 0 0 
0 1 0 0 0 0 0 0 0 0 
-331 250 -316 250 -234 264 -223 264 -132 283 -75 322 1 360 61 389 135 427 195 413 257 437 307 442 473 485 496 495 500 500 -349 -64 -290 355 -278 352 -189 355 -179 355 -106 372 -51 383 23 392 85 383 145 380 207 380 254 375 291 386 254 53 282 50 322 58 456 473 456 473 491 492 491 492 499 498 -302 500 -235 218 -218 215 -145 232 -122 235 -55 254 -9 264 62 284 94 287 163 300 210 300 258 303 289 303 327 330 365 316 396 336 443 359 473 372 496 392 496 392 499 395 0 0 0 0 0 0 0 0 0 0 0 0 0 0 0 0 0 0 0 0 0 0 0 0 0 0 0 0 0 0 0 0 0 0 0 0 
0 1 0 0 0 0 0 0 0 0 
-324 67 -454 391 -454 391 -369 498 -406 401 -406 401 -321 355 -304 333 -218 417 -229 365 -231 333 -200 323 -102 304 -80 300 -31 297 115 -35 125 -35 119 368 119 368 119 368 119 368 137 320 186 323 274 401 270 388 332 420 332 420 332 420 388 414 388 414 434 375 442 294 500 336 500 336 500 336 500 336 -372 498 -372 498 -327 67 -372 498 -356 491 -240 436 -223 417 -163 3 -153 0 -131 -9 -102 -16 -3 -32 40 -35 95 -35 46 346 43 333 136 -38 145 -35 155 -35 172 -35 192 381 247 407 315 0 334 3 255 378 255 372 370 6 425 -9 433 -12 486 -38 500 -51 418 252 418 252 417 239 -327 124 -327 124 -327 124 -316 117 -223 78 
0 1 0 0 0 0 0 0 0 0 
-195 498 -195 498 -195 498 -195 498 -166 494 -166 494 -149 494 -86 487 -45 476 -11 472 64 447 96 433 124 425 185 418 215 422 255 422 311 422 339 418 389 415 421 407 458 404 499 397 -319 76 -277 68 -238 68 -195 72 -195 72 -169 76 -144 72 -123 72 -123 72 -112 68 -51 64 -25 60 8 56 84 40 113 36 144 32 203 28 231 28 268 28 327 28 350 28 395 20 437 12 485 8 499 4 487 493 489 497 -322 498 -322 498 -271 493 -233 493 -191 495 -179 495 -152 498 -128 495 -111 495 -99 495 -99 495 -55 495 -22 493 23 487 78 479 118 474 139 474 200 474 230 471 267 474 325 474 344 474 387 471 423 469 478 466 495 469 
0 1 0 0 0 0 0 0 0 0 
-364 333 -319 356 -291 371 -243 409 -192 439 -150 446 -95 469 -61 477 -15 484 14 492 44 500 108 500 139 500 191 500 221 492 274 477 323 446 365 431 401 416 458 401 489 401 500 409 -409 428 -409 428 -349 443 -338 443 -279 465 -240 473 -189 477 -145 481 -112 488 -69 496 -39 496 -8 500 54 496 84 500 141 496 173 492 218 481 266 465 304 462 336 454 386 450 411 450 424 450 499 -45 499 -53 -364 474 -364 474 -310 474 -288 474 -233 482 -194 487 -142 487 -99 490 -67 493 -31 495 1 495 34 495 97 498 137 498 176 498 214 495 268 487 315 479 353 477 388 477 435 474 470 474 492 474 485 172 491 172 500 167 0 0 0 0 
0 1 0 0 0 0 0 0 0 0 
485 -361 485 -361 490 -246 493 -175 490 -57 493 26 493 137 493 219 496 325 498 405 496 452 496 498 496 498 499 -364 499 -364 499 -236 499 -166 493 -45 491 40 491 153 487 231 483 335 485 412 483 461 477 500 447 -357 485 -248 492 -167 496 -45 496 39 496 148 496 209 496 355 500 422 500 474 500 498 0 0 0 0 0 0 0 0 0 0 0 0 0 0 0 0 0 0 0 0 0 0 0 0 0 0 0 0 0 0 0 0 0 0 0 0 0 0 0 0 0 0 0 0 0 0 0 0 0 0 0 0 0 0 0 0 0 0 0 0 0 0 0 0 0 0 0 0 0 0 0 0 0 0 0 0 0 0 
0 0 1 0 0 0 0 0 0 0 
302 -360 91 -336 107 -304 111 -287 120 -227 128 -150 137 -17 137 -17 134 139 134 268 128 349 122 476 312 459 312 474 312 489 500 499 500 499 500 -364 293 -360 295 -339 295 -330 301 -253 304 -173 310 -45 310 -45 310 118 308 227 306 334 303 439 494 461 492 484 488 499 474 -351 476 -330 477 -318 487 -238 498 -108 500 -44 498 11 498 132 490 261 483 379 476 500 0 0 0 0 0 0 0 0 0 0 0 0 0 0 0 0 0 0 0 0 0 0 0 0 0 0 0 0 0 0 0 0 0 0 0 0 0 0 0 0 0 0 0 0 0 0 0 0 0 0 0 0 0 0 0 0 0 0 0 0 0 0 0 0 
0 0 1 0 0 0 0 0 0 0 
483 -393 487 -319 491 -247 499 -186 495 -113 489 -45 491 54 487 143 487 221 491 295 485 417 493 500 319 -382 323 -300 326 -223 328 -184 330 -113 328 -6 326 76 326 143 326 245 326 336 328 458 328 489 500 500 500 -391 500 -391 493 -307 493 -245 492 -182 489 -122 484 -27 482 51 479 131 474 232 473 292 474 393 460 494 460 494 459 498 0 0 0 0 0 0 0 0 0 0 0 0 0 0 0 0 0 0 0 0 0 0 0 0 0 0 0 0 0 0 0 0 0 0 0 0 0 0 0 0 0 0 0 0 0 0 0 0 0 0 0 0 0 0 0 0 0 0 0 0 0 0 0 0 0 0 0 0 0 0 
0 0 1 0 0 0 0 0 0 0 
385 -354 436 -269 468 -195 471 -89 468 -21 477 78 477 154 480 213 489 289 489 365 489 482 498 500 410 -364 459 -292 477 -213 482 -106 480 -50 484 58 484 137 489 196 489 272 491 349 496 458 498 500 498 500 475 -362 475 -362 479 -290 489 -190 489 -114 493 -30 495 43 495 125 495 184 495 258 499 334 499 444 495 490 495 490 493 498 0 0 0 0 0 0 0 0 0 0 0 0 0 0 0 0 0 0 0 0 0 0 0 0 0 0 0 0 0 0 0 0 0 0 0 0 0 0 0 0 0 0 0 0 0 0 0 0 0 0 0 0 0 0 0 0 0 0 0 0 0 0 0 0 0 0 0 0 0 0 
0 0 1 0 0 0 0 0 0 0 
79 -311 79 -311 85 -277 100 -155 109 -40 109 -2 115 97 118 186 124 346 124 384 136 500 498 491 498 491 498 499 456 -336 217 -353 217 -353 456 -336 214 -331 214 -331 224 -220 231 -113 231 -77 234 19 239 107 239 250 241 286 241 306 500 475 497 490 495 498 495 498 456 -331 456 -331 -34 -313 456 -331 456 -302 465 -197 470 -89 465 -52 468 46 473 127 465 276 468 311 500 500 12 486 14 500 302 478 0 0 0 0 0 0 0 0 0 0 0 0 0 0 0 0 0 0 0 0 0 0 0 0 0 0 0 0 0 0 0 0 0 0 0 0 0 0 0 0 0 0 0 0 0 0 0 0 0 0 0 0 0 0 
0 0 1 0 0 0 0 0 0 0 
447 -422 447 -422 466 -313 476 -251 488 -173 494 -113 500 -22 500 22 494 93 494 146 493 197 488 297 489 395 491 451 489 493 489 500 428 -412 440 -335 449 -271 461 -186 468 -131 475 -39 480 13 482 83 484 131 487 173 491 287 494 383 496 480 498 500 432 -291 441 -234 451 -166 460 -89 474 4 479 54 483 105 483 146 488 190 493 315 493 424 497 498 0 0 0 0 0 0 0 0 0 0 0 0 0 0 0 0 0 0 0 0 0 0 0 0 0 0 0 0 0 0 0 0 0 0 0 0 0 0 0 0 0 0 0 0 0 0 0 0 0 0 0 0 0 0 0 0 0 0 0 0 0 0 0 0 0 0 
0 0 1 0 0 0 0 0 0 0 
335 -280 335 -280 335 -280 335 -280 370 -121 498 56 498 56 498 56 478 238 471 271 468 379 473 498 482 -344 484 -320 488 -290 488 -273 494 -202 492 -136 480 -85 462 -19 482 14 484 42 500 113 500 175 500 241 500 316 484 455 428 500 123 -369 123 -369 130 -339 130 -331 132 -311 138 -239 145 -155 145 -138 149 -29 160 -2 158 10 160 113 160 168 155 228 153 309 155 485 155 485 500 500 500 500 0 0 0 0 0 0 0 0 0 0 0 0 0 0 0 0 0 0 0 0 0 0 0 0 0 0 0 0 0 0 0 0 0 0 0 0 0 0 0 0 0 0 0 0 0 0 0 0 0 0 0 0 0 0 0 0 
0 0 1 0 0 0 0 0 0 0 
484 -355 492 -264 495 -175 498 -95 498 62 495 82 492 191 489 297 498 482 498 500 450 -374 490 -292 494 -201 494 -134 498 57 496 79 492 199 498 285 498 477 496 498 496 498 482 -365 482 -365 490 -286 497 -186 499 -128 495 48 495 66 491 150 486 254 486 430 479 498 479 498 336 487 336 487 0 0 0 0 0 0 0 0 0 0 0 0 0 0 0 0 0 0 0 0 0 0 0 0 0 0 0 0 0 0 0 0 0 0 0 0 0 0 0 0 0 0 0 0 0 0 0 0 0 0 0 0 0 0 0 0 0 0 0 0 0 0 0 0 0 0 0 0 0 0 0 0 0 0 0 0 0 0 0 0 
0 0 1 0 0 0 0 0 0 0 
482 -368 486 -314 490 -256 490 -168 492 -92 496 25 496 92 496 185 496 250 498 358 498 500 88 -310 88 -257 90 -209 92 -115 92 -48 96 67 98 128 101 213 101 272 103 375 105 497 498 495 498 500 466 -368 466 -368 475 -310 486 -251 493 -198 498 -135 500 -26 498 32 500 113 498 174 498 272 493 371 490 449 487 500 487 500 0 0 0 0 0 0 0 0 0 0 0 0 0 0 0 0 0 0 0 0 0 0 0 0 0 0 0 0 0 0 0 0 0 0 0 0 0 0 0 0 0 0 0 0 0 0 0 0 0 0 0 0 0 0 0 0 0 0 0 0 0 0 0 0 0 0 0 0 0 0 0 0 
0 0 1 0 0 0 0 0 0 0 
492 -309 492 -309 492 -309 485 -191 480 -110 480 -9 482 108 482 189 487 268 489 352 494 435 498 498 476 -350 476 -350 478 -313 479 -291 485 -185 487 -113 491 -19 493 93 495 165 497 244 497 320 499 398 499 437 344 490 346 498 482 -350 101 -337 107 -318 113 -303 117 -283 126 -177 132 -106 136 -6 138 108 142 183 144 261 150 359 150 450 153 482 500 482 498 493 494 500 0 0 0 0 0 0 0 0 0 0 0 0 0 0 0 0 0 0 0 0 0 0 0 0 0 0 0 0 0 0 0 0 0 0 0 0 0 0 0 0 0 0 0 0 0 0 0 0 0 0 0 0 0 0 0 0 0 0 0 0 0 0 
0 0 1 0 0 0 0 0 0 0 
473 -290 484 -198 484 -156 489 -48 494 13 496 129 498 202 496 361 496 420 496 473 498 499 494 -338 494 -253 494 -187 498 -89 498 -46 500 69 498 155 492 282 490 371 490 394 486 498 486 498 500 -336 500 -336 484 -246 482 -187 478 -95 476 -56 478 43 475 146 467 265 461 343 461 360 454 466 454 466 447 498 0 0 0 0 0 0 0 0 0 0 0 0 0 0 0 0 0 0 0 0 0 0 0 0 0 0 0 0 0 0 0 0 0 0 0 0 0 0 0 0 0 0 0 0 0 0 0 0 0 0 0 0 0 0 0 0 0 0 0 0 0 0 0 0 0 0 0 0 0 0 0 0 0 0 0 0 
0 0 1 0 0 0 0 0 0 0 
445 -402 440 -371 426 -223 423 -135 426 -61 437 95 464 216 494 400 500 498 447 -412 447 -341 437 -306 416 -188 414 -112 414 -25 490 152 231 80 479 216 498 380 494 499 278 465 477 -460 477 -460 477 -460 464 -382 430 -301 428 -204 427 -130 427 -44 425 0 335 148 479 191 493 334 499 395 342 496 156 498 156 498 0 0 0 0 0 0 0 0 0 0 0 0 0 0 0 0 0 0 0 0 0 0 0 0 0 0 0 0 0 0 0 0 0 0 0 0 0 0 0 0 0 0 0 0 0 0 0 0 0 0 0 0 0 0 0 0 0 0 0 0 0 0 0 0 0 0 0 0 0 0 0 0 0 0 0 0 
0 0 1 0 0 0 0 0 0 0 
498 -472 492 -452 486 -379 486 -362 486 -326 486 -287 486 -195 483 -105 480 12 477 98 480 186 483 268 489 354 486 491 486 493 486 493 486 499 302 -407 302 -407 312 -301 314 -284 314 -264 316 -223 316 -85 316 -24 314 83 318 196 318 273 321 363 321 424 320 498 320 498 499 494 468 -257 468 -257 468 -257 468 -257 476 -92 478 -21 480 57 480 191 481 248 480 334 481 397 497 496 499 498 0 0 0 0 0 0 0 0 0 0 0 0 0 0 0 0 0 0 0 0 0 0 0 0 0 0 0 0 0 0 0 0 0 0 0 0 0 0 0 0 0 0 0 0 0 0 0 0 0 0 0 0 0 0 0 0 0 0 
0 0 1 0 0 0 0 0 0 0 
479 -417 479 -417 464 -358 455 -299 455 -275 455 -255 449 -198 449 -198 449 -93 449 -93 452 -34 452 8 452 61 449 102 449 120 449 244 455 310 470 397 485 436 485 436 500 497 500 500 470 -355 467 -326 463 -260 463 -260 459 -202 457 -153 455 -117 455 -117 455 -117 455 84 454 100 454 113 454 128 454 173 457 311 459 342 472 424 482 460 482 460 499 500 498 -182 498 -182 498 -182 498 -182 496 -162 496 -162 483 120 483 120 483 120 481 166 465 317 461 381 443 469 416 500 0 0 0 0 0 0 0 0 0 0 0 0 0 0 0 0 0 0 0 0 0 0 0 0 0 0 0 0 0 0 0 0 0 0 0 0 0 0 
0 0 1 0 0 0 0 0 0 0 
391 -309 158 -371 156 -343 152 -242 154 -193 154 -193 164 14 181 123 194 197 209 265 217 301 498 490 498 498 262 445 268 475 268 475 433 -325 428 -296 411 -170 236 4 236 4 236 4 273 238 271 298 271 364 495 487 499 498 416 -330 254 -304 252 -273 236 -163 393 -41 382 -8 388 26 406 158 415 239 423 313 456 402 141 432 141 432 493 491 499 500 0 0 0 0 0 0 0 0 0 0 0 0 0 0 0 0 0 0 0 0 0 0 0 0 0 0 0 0 0 0 0 0 0 0 0 0 0 0 0 0 0 0 0 0 0 0 0 0 0 0 0 0 0 0 0 0 0 0 0 0 0 0 0 0 0 0 
0 0 1 0 0 0 0 0 0 0 
473 500 481 471 486 444 500 326 497 209 497 134 494 52 492 -69 494 -189 494 -237 497 -326 497 -413 497 -437 497 -437 498 500 498 463 498 419 491 325 488 217 484 146 478 84 478 -52 481 -162 478 -233 481 -293 478 -405 474 -444 471 -456 499 500 495 474 491 440 477 372 473 317 464 212 456 125 452 68 444 -59 452 -171 450 -212 452 -294 460 -385 468 -429 473 -445 0 0 0 0 0 0 0 0 0 0 0 0 0 0 0 0 0 0 0 0 0 0 0 0 0 0 0 0 0 0 0 0 0 0 0 0 0 0 0 0 0 0 0 0 0 0 0 0 0 0 0 0 0 0 0 0 0 0 0 0 0 0 0 0 
0 0 0 1 0 0 0 0 0 0 
467 498 467 498 496 234 500 119 500 19 500 -32 500 -127 498 -256 496 -331 291 -461 291 -461 291 -461 300 498 302 464 302 464 366 193 368 87 372 -4 372 -55 368 -158 366 -280 364 -319 495 -480 495 -480 499 -482 314 -464 495 500 495 500 481 456 481 446 487 305 496 150 500 6 500 6 498 -125 496 -219 492 -344 492 -344 490 -368 490 -388 490 -388 498 -437 0 0 0 0 0 0 0 0 0 0 0 0 0 0 0 0 0 0 0 0 0 0 0 0 0 0 0 0 0 0 0 0 0 0 0 0 0 0 0 0 0 0 0 0 0 0 0 0 0 0 0 0 0 0 0 0 0 0 0 0 0 0 0 0 0 0 
0 0 0 1 0 0 0 0 0 0 
498 500 498 500 498 500 496 472 488 400 477 139 475 15 482 -75 490 -293 484 -430 434 500 450 413 455 381 465 339 470 293 480 241 488 184 498 41 493 -68 491 -110 460 -305 450 -416 450 -435 450 -435 459 499 459 499 459 426 462 361 476 282 487 204 488 189 493 148 499 -17 497 -116 488 -212 471 -348 462 -429 459 -441 459 -441 141 -434 141 -434 0 0 0 0 0 0 0 0 0 0 0 0 0 0 0 0 0 0 0 0 0 0 0 0 0 0 0 0 0 0 0 0 0 0 0 0 0 0 0 0 0 0 0 0 0 0 0 0 0 0 0 0 0 0 0 0 0 0 0 0 0 0 0 0 0 0 0 0 
0 0 0 1 0 0 0 0 0 0 
491 500 497 376 500 274 497 155 495 116 489 -18 474 -106 487 -218 487 -265 472 -420 474 -446 439 498 493 368 498 256 493 164 495 123 493 -22 460 -96 477 -233 466 -281 452 -400 447 -434 499 498 499 498 499 391 497 267 492 178 483 121 475 -6 472 -66 475 -201 475 -242 477 -350 485 -423 489 -432 0 0 0 0 0 0 0 0 0 0 0 0 0 0 0 0 0 0 0 0 0 0 0 0 0 0 0 0 0 0 0 0 0 0 0 0 0 0 0 0 0 0 0 0 0 0 0 0 0 0 0 0 0 0 0 0 0 0 0 0 0 0 0 0 0 0 0 0 0 0 0 0 0 0 0 0 0 0 0 0 
0 0 0 1 0 0 0 0 0 0 
411 498 476 365 485 329 497 259 500 107 494 -33 497 -77 491 -272 488 -395 497 -449 466 500 466 500 482 360 491 283 497 216 499 90 495 -45 497 -125 493 -315 482 -374 484 -422 499 422 305 498 305 498 309 370 339 316 352 232 317 113 307 4 305 -66 302 -241 303 -345 311 -437 311 -437 311 -437 0 0 0 0 0 0 0 0 0 0 0 0 0 0 0 0 0 0 0 0 0 0 0 0 0 0 0 0 0 0 0 0 0 0 0 0 0 0 0 0 0 0 0 0 0 0 0 0 0 0 0 0 0 0 0 0 0 0 0 0 0 0 0 0 0 0 0 0 0 0 0 0 0 0 0 0 0 0 0 0 
0 0 0 1 0 0 0 0 0 0 
482 498 480 419 470 315 461 190 465 91 477 -25 484 -145 491 -241 494 -422 496 -437 498 -455 500 500 500 500 485 404 475 330 462 198 459 154 455 58 455 -95 459 -154 475 -345 477 -360 492 -426 496 -438 500 462 35 500 35 500 44 429 46 358 42 212 42 169 44 77 48 -63 51 -132 66 -323 66 -339 66 -426 64 -441 498 -445 498 -445 0 0 0 0 0 0 0 0 0 0 0 0 0 0 0 0 0 0 0 0 0 0 0 0 0 0 0 0 0 0 0 0 0 0 0 0 0 0 0 0 0 0 0 0 0 0 0 0 0 0 0 0 0 0 0 0 0 0 0 0 0 0 0 0 0 0 0 0 0 0 
0 0 0 1 0 0 0 0 0 0 
169 498 169 498 168 338 166 228 157 68 150 -5 142 -170 133 -369 137 -446 137 -446 137 -446 137 -446 499 -438 499 -438 499 498 499 498 468 326 461 229 458 77 455 -36 450 -166 439 -332 436 -401 434 -437 434 -437 434 -437 500 500 489 324 491 202 487 43 489 -21 479 -189 477 -378 439 -454 439 -454 0 0 0 0 0 0 0 0 0 0 0 0 0 0 0 0 0 0 0 0 0 0 0 0 0 0 0 0 0 0 0 0 0 0 0 0 0 0 0 0 0 0 0 0 0 0 0 0 0 0 0 0 0 0 0 0 0 0 0 0 0 0 0 0 0 0 0 0 0 0 0 0 0 0 0 0 0 0 0 0 
0 0 0 1 0 0 0 0 0 0 
488 498 497 358 499 276 499 142 499 19 482 -118 459 -246 459 -309 470 -409 461 -445 458 499 462 469 474 341 483 259 498 154 480 4 476 -64 474 -148 471 -274 471 -311 462 -454 500 498 500 498 500 465 498 359 496 269 495 134 487 13 481 -80 475 -161 472 -256 475 -348 477 -379 492 -429 0 0 0 0 0 0 0 0 0 0 0 0 0 0 0 0 0 0 0 0 0 0 0 0 0 0 0 0 0 0 0 0 0 0 0 0 0 0 0 0 0 0 0 0 0 0 0 0 0 0 0 0 0 0 0 0 0 0 0 0 0 0 0 0 0 0 0 0 0 0 0 0 0 0 0 0 0 0 0 0 0 0 
0 0 0 1 0 0 0 0 0 0 
499 473 117 499 117 499 125 388 125 317 122 225 119 131 117 33 114 -89 109 -167 107 -269 106 -308 99 -439 269 -453 269 -453 499 498 499 498 489 371 482 271 477 187 476 114 471 -27 468 -117 463 -209 453 -301 450 -336 433 -441 499 498 469 337 465 266 450 178 444 90 432 7 428 -92 426 -156 424 -299 424 -313 420 -437 0 0 0 0 0 0 0 0 0 0 0 0 0 0 0 0 0 0 0 0 0 0 0 0 0 0 0 0 0 0 0 0 0 0 0 0 0 0 0 0 0 0 0 0 0 0 0 0 0 0 0 0 0 0 0 0 0 0 0 0 0 0 0 0 0 0 0 0 0 0 0 0 0 0 
0 0 0 1 0 0 0 0 0 0 
400 500 413 454 446 352 461 265 478 118 484 31 490 -41 494 -106 498 -251 498 -275 498 -437 498 -449 349 498 367 449 396 356 407 288 447 137 473 51 486 -20 492 -74 497 -185 500 -237 492 -397 484 -458 484 -458 484 -458 406 500 406 500 413 454 429 339 434 302 441 165 453 77 464 4 466 -52 476 -229 476 -229 479 -362 485 -417 489 -431 499 -451 499 -451 0 0 0 0 0 0 0 0 0 0 0 0 0 0 0 0 0 0 0 0 0 0 0 0 0 0 0 0 0 0 0 0 0 0 0 0 0 0 0 0 0 0 0 0 0 0 0 0 0 0 0 0 0 0 0 0 0 0 0 0 0 0 0 0 0 0 
0 0 0 1 0 0 0 0 0 0 
231 500 231 500 246 421 253 368 259 266 263 203 268 142 272 78 272 -83 268 -243 268 -263 270 -434 272 -449 500 -451 500 -451 498 498 496 429 496 366 492 260 490 201 488 137 486 73 484 -83 486 -240 484 -260 480 -427 480 -454 481 500 481 419 481 354 486 231 490 166 493 104 495 33 499 -135 493 -294 492 -312 483 -429 0 0 0 0 0 0 0 0 0 0 0 0 0 0 0 0 0 0 0 0 0 0 0 0 0 0 0 0 0 0 0 0 0 0 0 0 0 0 0 0 0 0 0 0 0 0 0 0 0 0 0 0 0 0 0 0 0 0 0 0 0 0 0 0 0 0 0 0 0 0 0 0 0 0 
0 0 0 1 0 0 0 0 0 0 
499 484 121 500 121 500 141 371 145 304 152 180 154 113 156 -48 156 -146 152 -273 150 -332 158 -438 158 -438 370 -394 370 -394 429 500 433 458 494 334 498 288 496 214 494 118 494 -29 496 -123 496 -243 494 -300 488 -399 488 -399 459 500 468 437 486 290 490 251 493 123 495 75 499 -138 499 -188 495 -340 495 -340 493 -421 0 0 0 0 0 0 0 0 0 0 0 0 0 0 0 0 0 0 0 0 0 0 0 0 0 0 0 0 0 0 0 0 0 0 0 0 0 0 0 0 0 0 0 0 0 0 0 0 0 0 0 0 0 0 0 0 0 0 0 0 0 0 0 0 0 0 0 0 0 0 0 0 0 0 
0 0 0 1 0 0 0 0 0 0 
499 498 175 489 175 489 186 337 188 225 186 185 186 68 182 21 182 2 177 -47 177 -47 173 -90 173 -106 165 -211 159 -280 154 -353 156 -444 472 -434 472 -434 342 494 499 498 479 301 486 199 493 163 330 -2 330 -2 330 -2 330 -2 330 -2 330 -30 333 -123 339 -223 340 -308 342 -363 472 -434 499 498 481 11 481 -4 483 -23 483 -23 485 -47 486 -71 485 -140 483 -230 483 -289 479 -349 0 0 0 0 0 0 0 0 0 0 0 0 0 0 0 0 0 0 0 0 0 0 0 0 0 0 0 0 0 0 0 0 0 0 0 0 0 0 0 0 0 0 0 0 0 0 0 0 0 0 0 0 0 0 0 0 0 0 
0 0 0 1 0 0 0 0 0 0 
358 498 358 498 347 425 334 351 324 267 315 166 309 81 294 -108 287 -196 262 -414 262 -414 498 -392 481 -378 499 498 493 439 482 368 462 257 455 162 447 84 442 -97 436 -173 420 -336 420 -357 0 0 0 0 0 0 0 0 0 0 0 0 0 0 0 0 0 0 0 0 0 0 0 0 0 0 0 0 0 0 0 0 0 0 0 0 0 0 0 0 0 0 0 0 0 0 0 0 0 0 0 0 0 0 0 0 0 0 0 0 0 0 0 0 0 0 0 0 0 0 0 0 0 0 0 0 0 0 0 0 0 0 0 0 0 0 0 0 0 0 0 0 0 0 0 0 0 0 0 0 0 0 0 0 
0 0 0 1 0 0 0 0 0 0 
485 498 487 477 487 439 487 417 487 400 493 366 490 349 493 283 495 228 495 151 498 38 487 -78 482 -142 477 -247 469 -309 445 -368 497 500 497 500 497 500 497 500 497 476 500 375 491 273 493 180 491 71 487 -119 485 -191 489 -324 487 -396 500 500 500 500 496 457 494 436 494 398 493 380 493 346 493 280 493 219 493 131 487 22 477 -128 474 -167 468 -285 470 -348 480 -434 0 0 0 0 0 0 0 0 0 0 0 0 0 0 0 0 0 0 0 0 0 0 0 0 0 0 0 0 0 0 0 0 0 0 0 0 0 0 0 0 0 0 0 0 0 0 0 0 0 0 0 0 0 0 0 0 0 0 0 0 
0 0 0 1 0 0 0 0 0 0 
500 -185 500 -185 483 -185 457 -187 378 -203 349 -203 299 -187 282 -180 282 -180 245 -177 206 -157 174 -150 91 -80 39 -10 19 30 6 65 -38 192 -38 192 -36 238 -35 255 -35 255 -60 255 -65 263 -2 411 -2 411 -2 411 75 398 157 401 189 390 258 380 304 373 333 363 446 498 448 498 411 -87 345 -103 332 -106 294 -103 222 -83 170 -69 170 -69 154 -66 120 -55 95 -325 50 -311 -30 -214 -45 -154 -111 249 -107 -23 -107 -23 -107 -23 -114 392 35 339 35 339 -67 498 -67 498 100 413 233 461 308 459 336 457 425 436 467 429 500 424 500 -399 477 -404 393 -408 362 -404 323 -383 223 -360 223 -360 66 18 11 76 -9 106 -74 260 -77 267 
0 0 0 0 1 0 0 0 0 0 
499 -433 499 -433 412 -436 412 -436 315 -428 315 -428 315 -428 266 -401 144 -303 55 105 55 105 55 105 55 105 55 105 -12 -154 -16 -140 -16 -119 -22 -86 -36 219 -36 219 187 498 397 -155 341 -172 306 -176 269 -174 265 -174 250 -172 216 -162 203 -165 185 -158 146 -144 146 -144 109 -123 87 -107 36 -75 14 -66 -7 -327 -21 -323 -21 -323 -38 -286 -47 -252 -47 -252 -134 110 -134 110 -134 110 -134 110 -145 149 -148 165 -157 405 -157 405 -157 405 -135 110 -86 500 40 346 40 346 28 323 242 451 322 456 347 449 390 435 414 424 463 410 500 396 500 -298 500 -298 446 -308 404 -318 368 -316 357 -313 357 -313 309 -301 289 -296 289 -296 250 -283 250 -283 
0 0 0 0 1 0 0 0 0 0 
446 -454 446 -454 446 -454 376 -443 376 -443 376 -443 361 -440 244 -459 193 -435 163 -409 70 -341 41 -328 -17 -291 -34 -254 -98 -165 -100 -152 -110 -104 -116 26 -112 102 -110 123 64 412 64 412 470 498 499 490 499 490 500 -309 485 -314 450 -311 441 -309 430 -306 421 -306 379 -304 368 -301 368 -301 313 -301 251 -289 198 -279 164 -257 86 -200 71 -185 23 -148 -1 -108 -46 -39 -49 -24 -57 14 -65 123 -60 227 -58 242 -58 242 -80 240 -63 269 39 410 97 455 105 457 146 465 211 465 267 462 300 455 285 326 285 326 292 321 392 425 398 420 403 418 387 500 451 -172 451 -172 423 -172 416 -172 412 -172 387 -170 349 -167 339 -167 311 -167 275 -165 
0 0 0 0 1 0 0 0 0 0 
394 -133 394 -133 394 -133 337 -138 296 -133 265 -135 265 -135 236 -125 225 -123 219 -125 183 -108 111 -70 111 -70 46 -38 86 -171 86 -171 79 -167 16 -108 -20 -70 -45 -38 -80 26 -80 26 -126 94 -244 16 -244 16 -244 16 -129 256 -145 254 -107 358 -107 358 -107 358 -107 358 -107 358 -43 438 -20 452 36 481 93 498 101 498 243 496 322 479 359 469 384 464 431 455 470 455 500 455 499 -304 499 -304 467 -306 385 -306 385 -306 385 -306 345 -299 317 -294 278 -292 260 -285 234 -272 206 -263 120 -200 -24 -338 -72 36 -72 36 -91 55 -149 135 -163 154 -206 246 -207 256 -220 297 -140 132 -140 132 -140 132 -230 456 -223 500 -170 251 -170 251 -176 256 
0 0 0 0 1 0 0 0 0 0 
498 79 498 79 498 79 498 79 478 49 478 49 465 57 352 223 352 223 347 242 344 261 383 441 419 471 419 471 439 498 209 -376 164 -383 120 -380 101 -376 43 -357 15 -348 -32 -324 -67 -296 -74 -287 -109 -254 -115 -245 -6 -2 -6 -2 -13 -25 -175 -151 -180 -140 -189 -119 -22 -21 -34 -9 -68 67 -74 93 -74 93 -237 16 -238 25 -238 32 -239 42 -78 235 -77 271 -63 308 -206 219 -206 219 -201 233 -196 247 -35 357 -30 371 -30 371 -2 404 38 450 65 469 90 485 154 500 204 500 261 495 298 485 340 476 350 474 383 464 432 434 442 425 480 408 500 399 500 -312 500 -312 458 -312 403 -308 375 -305 298 -273 280 -264 216 -227 182 -204 
0 0 0 0 1 0 0 0 0 0 
440 -459 455 -459 495 -456 480 -454 446 -443 386 -424 335 -416 278 -403 227 -392 186 -387 177 -381 171 -370 155 -370 139 -370 104 -349 62 -330 41 -319 -27 -268 -27 -268 -42 -244 -45 -236 -53 -209 -104 -145 -123 -83 -144 24 -155 56 -148 190 -136 244 -91 341 -77 373 -65 395 -65 395 -10 451 47 481 85 489 123 494 170 499 203 489 256 491 314 489 395 473 420 451 468 440 495 400 500 387 451 -352 451 -352 390 -332 344 -327 288 -317 241 -312 219 -304 210 -302 189 -294 175 -294 175 -294 136 -269 107 -253 107 -253 25 -190 21 -180 16 -172 12 -159 12 -159 -41 -55 -52 -5 -67 53 -76 93 -72 236 -63 279 -17 385 -13 395 -8 403 -8 403 56 472 
0 0 0 0 1 0 0 0 0 0 
500 -361 193 500 291 -154 270 -151 270 -151 143 -420 143 -420 130 -422 31 -396 25 -385 -121 -263 -53 74 -106 154 -115 178 -116 186 -197 -69 -197 77 -196 93 -16 313 -16 313 -16 313 95 417 107 420 149 438 149 438 214 462 251 481 306 500 389 481 392 478 500 425 499 -355 362 -451 346 -457 314 -462 279 -455 220 -466 145 -170 145 -170 145 -170 138 -184 139 -186 152 -318 135 -307 41 -111 41 -111 -4 -148 -4 -148 -12 -141 -37 -125 -67 -72 -67 -72 -82 -13 -83 4 -82 91 -79 107 -79 107 -99 387 -79 398 -70 400 -98 161 -95 164 47 492 47 492 47 492 47 492 108 498 174 492 197 498 168 257 168 257 333 494 333 494 346 492 357 186 
0 0 0 0 1 0 0 0 0 0 
318 -385 240 -365 171 -328 123 -300 31 -218 10 -186 -43 -87 -70 -67 -104 -2 -132 48 -179 206 -184 269 -184 390 491 498 494 498 497 498 499 498 424 -276 331 -284 296 -268 249 -257 155 -206 135 -184 91 -115 53 -64 19 -10 0 21 -20 69 -70 214 -79 265 -84 378 -218 396 -216 404 -169 469 -121 474 -60 474 10 477 58 477 143 471 231 471 282 461 323 447 482 498 482 498 488 495 492 495 495 495 499 495 332 -87 332 -87 274 -94 233 -90 173 -71 109 -32 88 -6 36 36 0 96 -29 136 -47 177 -75 226 -105 325 -118 399 -118 478 -79 325 -79 325 -48 378 5 390 55 392 114 390 165 390 246 387 319 381 380 374 436 362 500 498 
0 0 0 0 1 0 0 0 0 0 
500 385 500 385 500 385 500 385 382 497 279 -473 239 -470 232 -465 123 -440 72 -397 55 -379 24 -352 -62 -247 -62 -247 -66 -233 -72 -225 46 94 10 169 -10 204 -148 -61 -18 166 -18 166 -21 172 -31 247 -26 314 11 454 494 499 494 499 500 499 500 -362 328 -473 328 -473 383 -418 383 -418 325 -387 257 -347 226 -329 184 -292 184 -292 136 -241 136 -241 136 -241 136 -241 -121 -193 -121 -193 -143 -105 -60 294 -177 -35 -189 2 -197 42 -200 120 -197 163 -151 307 21 413 32 423 74 455 117 483 161 493 194 498 259 493 302 481 343 468 379 455 436 440 468 438 474 435 340 377 345 377 349 377 447 -177 447 -177 458 -400 446 -410 300 -198 300 -198 
0 0 0 0 1 0 0 0 0 0 
500 -466 444 -457 323 -422 272 -384 188 -327 111 -273 110 -257 26 -159 -10 -92 -45 -18 -50 8 -57 121 -50 222 174 384 225 460 253 487 265 498 491 -376 424 -389 372 -378 304 -353 237 -324 165 -273 112 -221 103 -211 46 -113 24 -46 6 7 -1 59 -6 177 1 252 1 252 27 342 27 342 -75 363 -54 391 -49 399 98 451 105 456 133 476 199 497 233 500 262 492 325 484 386 471 428 466 464 461 500 461 450 -166 450 -166 387 -175 339 -173 283 -161 191 -96 160 -80 75 -4 74 -2 43 24 12 105 1 161 -4 191 -8 276 4 379 5 377 -100 231 -100 233 67 498 67 498 67 498 -51 287 -51 287 -4 314 39 325 94 332 114 332 
0 0 0 0 1 0 0 0 0 0 
498 497 500 326 500 326 479 331 481 310 307 410 307 410 307 410 288 415 292 373 290 363 288 357 275 347 230 342 153 447 141 489 134 500 354 -435 354 -435 339 -417 302 -393 240 -323 238 -310 238 -310 191 -301 158 -286 119 -292 110 -298 61 -292 34 -286 -7 -283 -40 -271 -48 -262 -80 -204 -93 -167 -95 -128 -95 -103 -98 57 -49 243 -49 243 -49 243 18 378 18 378 93 454 143 487 203 490 268 493 336 493 398 500 459 490 487 481 500 439 353 -236 336 -211 318 -199 246 -159 236 -154 174 -117 168 -119 161 -122 132 -122 -69 -42 -69 -42 -69 -42 -82 -37 -109 -24 -22 -87 -196 64 -196 64 -196 64 -67 12 -64 149 -57 179 -45 234 -41 249 
0 0 0 0 1 0 0 0 0 0 
498 500 498 500 298 -465 238 -185 238 -185 173 -176 146 -176 82 -172 29 -174 -36 -168 -95 -159 -114 -150 -114 -150 -167 -115 -208 -63 -215 -52 -219 -43 -222 -32 -226 -15 -226 -8 -228 -2 -229 28 -229 78 -225 155 -208 213 -192 242 -192 242 -181 259 -177 264 -176 292 -176 325 -55 281 -118 454 -118 454 -118 454 -82 469 -63 491 -6 486 5 500 161 349 184 349 210 338 317 301 390 281 412 283 422 279 439 268 448 264 458 257 492 220 496 216 500 213 497 -281 475 -279 393 -277 345 -279 306 -281 217 -281 166 -281 59 -279 39 -277 -113 -355 -113 -355 -135 -238 -135 -238 -135 -238 -135 -238 -137 -206 -131 -95 -131 -82 -131 -82 -46 119 -46 119 -46 119 -46 119 
0 0 0 0 1 0 0 0 0 0 
500 -161 448 -151 435 -168 323 -116 278 -99 278 -99 179 -59 134 -42 70 -12 -13 37 -46 54 -103 86 -114 89 -205 176 -205 176 -214 260 -212 362 -136 486 -105 498 128 382 198 436 226 451 307 476 365 478 365 -448 365 -448 288 -436 239 -441 207 -438 152 -411 127 -393 111 -353 49 -335 1 -323 -60 -280 -76 -240 -151 -203 -190 -132 -190 -132 -199 -122 -207 -107 -232 -12 -226 55 -223 72 -208 112 -146 208 -119 233 -119 233 -108 245 -1 390 -1 390 12 360 50 353 111 353 229 498 303 498 326 498 383 491 432 488 482 473 500 438 459 -323 459 -323 422 -301 367 -284 301 -268 279 -264 233 -251 207 -240 156 -211 112 -191 86 -180 26 -162 -23 -127 -87 -92 
0 0 0 0 1 0 0 0 0 0 
500 -180 500 -180 468 -198 457 -204 447 -207 412 -224 371 -242 218 -263 147 -254 125 -245 74 -215 44 -192 2 -156 -11 -136 -49 -50 -62 -2 -69 41 -74 142 -70 224 -38 340 -5 402 19 431 19 431 110 497 179 500 220 497 176 476 176 476 175 476 238 461 292 452 320 452 324 452 484 464 484 464 445 -12 432 -19 425 -22 399 -29 362 -37 327 -42 150 -42 102 -37 72 -34 39 -24 -22 32 -44 59 -56 74 -78 139 -86 179 -93 246 -93 335 -85 378 -36 485 -5 499 17 482 -88 286 -44 308 52 323 92 320 330 325 330 325 332 325 403 313 453 308 499 452 492 305 316 -354 316 -354 316 -354 296 -359 231 -372 73 -377 -4 -363 -14 -363 
0 0 0 0 1 0 0 0 0 0 
500 498 500 -251 432 -279 403 -290 362 -290 265 -287 243 -282 175 -254 157 -243 92 -206 35 -150 4 -100 -19 -41 -45 50 -54 139 -45 290 -30 340 -53 399 27 441 27 441 27 441 27 441 27 441 93 488 142 500 299 494 375 488 443 486 487 486 369 -398 321 -409 264 -412 235 -406 136 -395 115 -387 52 -364 47 -350 -52 -303 -112 -236 -146 -181 -157 -114 -198 -5 -207 77 -173 270 -166 295 -157 323 -48 395 -48 395 -70 401 -77 403 -79 406 -47 428 15 445 165 498 233 493 244 493 164 437 243 437 400 484 431 484 314 437 484 484 488 481 340 440 499 481 499 481 439 -87 439 -87 387 -100 339 -106 305 -108 239 -106 181 -100 129 -91 118 -91 
0 0 0 0 1 0 0 0 0 0 
-99 -355 -99 -355 -51 -347 9 -333 64 -325 108 -316 250 -252 269 -238 339 -200 396 -161 410 -138 465 -94 487 -38 487 -38 500 69 498 152 451 311 446 325 446 325 431 358 399 397 344 436 344 436 298 458 243 477 185 491 131 500 86 500 42 500 -50 475 -71 466 -102 452 -107 450 8 -337 8 -337 8 -337 44 -327 92 -316 117 -313 181 -294 293 -241 308 -227 367 -190 404 -158 427 -131 454 -93 484 -26 484 -26 500 58 495 144 459 292 455 305 455 305 439 345 408 388 358 431 358 431 321 455 272 474 222 487 175 493 142 498 105 498 40 487 20 479 -9 466 -12 463 -24 458 -25 -97 29 -90 63 -85 123 -81 175 -72 307 -95 307 -95 
0 0 0 0 0 1 0 0 0 0 
-40 -2 -182 -346 -182 -346 -182 -346 -157 -337 -152 -337 -83 -329 46 -307 69 -304 115 -293 149 -282 188 -271 256 -249 256 -249 345 -204 353 -199 367 -193 401 -168 422 -149 444 -119 466 -83 484 -47 490 -33 493 -16 500 88 475 171 447 279 444 296 436 326 436 326 425 340 391 382 345 421 334 426 325 434 317 443 308 451 293 457 253 479 203 490 125 498 55 493 -15 470 -30 462 -80 432 -87 426 -162 382 -162 382 -162 382 -26 426 -35 423 -47 415 -58 -337 -95 -92 -95 -92 -58 -337 -52 -81 -52 -81 -2 -79 120 -72 134 -72 195 -72 195 -72 260 -88 260 -88 315 -256 398 22 398 22 398 22 398 22 398 22 466 -165 500 122 500 122 500 122 
0 0 0 0 0 1 0 0 0 0 
498 493 -76 -351 -76 -351 -76 -351 -63 -348 -25 -343 -12 -343 -2 -340 41 -335 41 -335 41 -335 69 -330 114 -323 142 -312 142 -312 151 -307 297 -20 323 -33 239 -262 239 -262 271 -231 281 -221 391 -30 483 180 489 195 489 195 495 203 496 201 499 264 497 376 487 483 325 272 319 282 299 318 328 422 224 394 182 394 182 394 86 419 25 424 -45 424 -97 427 -169 430 -192 430 -53 478 -257 432 -257 432 -86 496 -87 498 -91 58 -19 -32 -22 -296 226 -208 258 -190 285 -172 306 -157 308 -153 365 -109 421 -51 437 -25 472 69 472 69 483 113 490 153 496 183 499 274 497 402 493 498 -206 -405 -206 -405 -135 -386 -135 -386 -135 -386 -119 -386 -2 -372 
0 0 0 0 0 1 0 0 0 0 
-42 -300 0 -265 29 -252 37 -65 88 -24 88 -24 81 -330 81 -330 152 -5 152 -5 152 -5 247 -295 317 -252 378 -197 394 116 394 116 438 195 474 -62 487 -32 491 -18 495 8 500 102 482 219 442 322 422 338 376 387 355 401 331 428 293 449 285 455 253 479 221 485 178 493 124 495 65 498 34 490 -13 479 -72 457 -104 449 -90 -208 71 -361 71 -361 84 -359 158 -346 374 -247 393 -230 417 -197 499 125 499 125 499 125 499 247 451 375 453 381 415 416 324 500 328 497 -193 -470 -193 -470 -161 -462 -126 -447 -21 -302 -14 -153 58 -269 58 -269 81 -250 81 -250 135 -218 155 -207 155 -207 226 -187 226 -187 330 -142 366 -116 381 -99 425 -66 
0 0 0 0 0 1 0 0 0 0 
-113 -458 -113 -458 -80 -453 -39 -443 59 -364 104 -342 134 -328 164 -311 163 -318 183 -316 194 -309 268 -71 275 -11 275 -11 277 -227 336 -151 397 129 397 136 498 71 498 71 498 71 498 71 498 71 499 194 388 381 365 426 350 448 435 354 435 354 385 362 385 362 380 374 325 438 277 453 186 496 186 496 95 494 34 494 13 498 -66 390 -64 431 -149 362 -149 362 -190 321 -149 -300 -135 -296 -86 -285 0 -247 70 -199 102 -188 208 -133 223 -114 276 -81 337 -103 465 -157 377 -10 450 81 500 -103 497 -98 483 125 485 157 485 173 486 179 488 186 488 265 489 98 497 127 461 133 425 377 425 377 343 458 343 458 397 396 285 500 259 497 
0 0 0 0 0 1 0 0 0 0 
-74 -273 -74 -273 -74 -273 -74 -273 -35 -273 42 -261 118 -255 190 -241 234 -238 322 -211 341 -182 406 -123 414 -100 433 -52 493 35 500 123 498 164 432 314 432 314 432 314 432 314 377 379 289 444 237 464 195 479 119 497 93 494 50 500 -12 491 -61 485 -76 -321 -76 -321 -7 -305 4 -305 14 -305 28 -302 28 -302 73 -299 135 -290 183 -284 250 -275 264 -272 338 -241 379 -211 422 -162 442 -125 453 -85 487 6 499 97 497 119 497 119 462 253 452 284 448 293 418 330 394 363 359 400 268 464 233 480 172 495 152 495 112 498 61 495 7 489 7 489 -68 -373 -128 -72 -111 -66 -49 -60 -39 -60 -26 -60 -11 -60 1 -60 40 -55 107 -49 
0 0 0 0 0 1 0 0 0 0 
-177 -321 -121 -310 -73 -302 64 -299 124 -297 172 -297 243 -283 278 -267 332 -239 398 -190 416 -149 476 -2 479 13 481 84 463 228 437 302 428 329 400 378 499 384 482 400 431 446 375 479 317 493 245 498 172 485 97 455 -70 465 -82 457 -13 414 -15 414 -103 -81 -103 -81 -51 -71 -11 -66 126 -68 175 -66 213 -64 273 -56 325 -36 371 -15 416 19 453 66 496 176 496 176 499 254 475 355 468 379 455 422 406 493 293 234 291 239 249 265 194 288 125 306 59 308 -2 297 -73 275 -49 500 -49 500 -193 250 -193 250 -56 224 -56 224 -54 -362 -14 -344 33 -333 172 -330 210 -321 252 -318 318 -298 354 -286 393 -255 429 -214 462 -144 493 -31 
0 0 0 0 0 1 0 0 0 0 
-136 -392 -136 -392 -98 -372 -15 -345 18 -334 64 -319 145 -290 171 -281 229 -258 266 -238 304 -209 362 -159 378 -139 436 -69 458 -20 475 26 499 136 496 241 472 331 450 389 442 404 335 500 -50 -463 -50 -463 -35 -452 2 -427 65 -389 97 -373 146 -348 205 -326 225 -318 278 -302 309 -283 334 -253 394 -201 411 -188 453 -117 472 -76 487 -27 500 79 495 166 471 256 338 294 328 318 451 310 444 324 347 405 224 435 206 444 154 463 110 474 47 482 2 485 -38 485 -85 487 -125 498 -92 -139 -92 -139 -74 -133 -43 -120 12 -102 64 -91 84 -85 146 -69 199 -56 238 -39 276 -21 311 -4 365 28 390 45 438 98 457 124 471 161 485 242 484 316 
0 0 0 0 0 1 0 0 0 0 
49 -450 -116 -393 -116 -393 0 -54 15 -49 -47 -393 -47 -393 153 -38 98 -386 98 -386 170 -378 204 -370 261 -360 283 -352 358 -321 418 -284 446 -240 473 -207 500 -69 487 44 461 119 444 178 406 266 381 316 356 365 326 398 326 398 253 463 209 481 121 500 15 500 -10 500 -43 497 -81 494 52 474 38 471 -49 -124 -49 -124 -5 -459 8 -459 -36 -120 -20 -118 116 -455 102 -111 117 -113 222 -109 247 -105 288 -98 311 -91 380 -65 425 -35 458 2 462 13 500 144 476 260 469 286 441 363 415 413 391 472 361 498 361 498 362 231 310 293 267 310 193 323 92 326 83 326 45 323 26 321 -22 -444 -22 -444 -9 -444 -2 -444 140 -435 149 -435 
0 0 0 0 0 1 0 0 0 0 
4 -343 70 -359 152 -368 248 -343 271 -331 279 -328 317 -309 385 212 399 228 454 350 454 350 454 350 454 350 499 500 499 500 499 500 -165 -358 -165 -358 -165 -358 -114 -366 -40 -375 4 -372 57 -361 104 -345 104 -345 136 -326 396 -241 396 -241 420 -198 420 -198 424 -190 430 -182 430 -182 430 -182 430 -182 462 -105 462 -105 462 -105 473 -73 483 -32 483 -32 487 -19 500 24 373 95 373 95 401 146 357 203 334 260 285 331 249 364 186 407 128 442 93 464 37 483 0 491 -50 500 -93 497 -130 489 -181 472 -40 478 -40 475 -51 -2 -51 -2 1 -368 23 -10 23 -10 140 -387 158 -13 172 -10 172 -10 250 18 269 29 352 116 241 -233 241 -233 
0 0 0 0 0 1 0 0 0 0 
499 114 422 303 416 320 365 439 346 463 329 498 137 -259 137 -259 155 -256 229 -227 287 -185 295 -179 344 -139 370 -119 414 -76 440 -48 456 -17 487 45 366 2 351 -2 332 28 308 150 500 316 500 316 279 202 277 225 274 247 433 498 433 498 433 498 105 404 67 418 37 441 -70 475 -78 475 -135 478 -204 475 -262 464 -220 -443 -205 -424 -201 -419 -148 -394 -132 -392 -89 -384 -69 -384 -6 -370 55 -333 60 -328 108 -303 148 -279 186 -257 229 -215 241 -200 251 -188 489 -4 489 -4 499 63 496 176 353 166 353 166 461 272 461 272 446 306 302 291 302 291 302 291 251 458 240 475 183 477 112 500 103 500 44 497 -8 497 -77 487 -100 492 
0 0 0 0 0 1 0 0 0 0 
500 495 500 495 -57 -329 -44 -316 -42 -313 -21 -300 36 -242 67 -221 106 -187 113 -187 123 -182 137 -155 182 -126 206 -108 242 -84 263 -71 263 -71 359 26 359 26 359 26 378 39 378 39 450 131 453 134 453 134 490 221 490 221 499 240 499 240 499 240 496 211 488 184 483 192 440 255 405 348 381 358 338 382 265 467 258 464 187 477 129 482 63 493 0 498 -56 498 -103 496 -134 493 -180 485 -213 448 -26 -160 -26 -160 -26 -160 98 -60 98 -60 117 -42 278 -227 278 -227 117 -42 278 -227 278 -227 371 -137 371 -137 354 146 354 146 354 146 353 169 353 178 353 178 500 205 491 243 447 334 413 386 378 417 339 435 278 498 32 -422 
0 0 0 0 0 1 0 0 0 0 
-115 -442 -94 -372 -62 -338 -40 -331 -8 -329 33 -324 85 -322 113 -324 113 -324 190 -286 218 -276 246 -264 271 -257 325 -235 325 -235 325 -235 269 -52 321 -21 321 -21 396 38 415 67 436 122 483 175 490 211 499 288 481 365 481 365 470 382 449 418 449 418 435 439 431 447 399 468 470 466 456 468 426 475 392 483 296 500 236 495 166 490 140 495 58 497 -19 495 -99 495 -99 495 -172 490 -206 487 -192 -205 -192 -205 -179 -203 -179 -203 97 -393 97 -393 97 -393 97 -393 132 -393 132 -393 288 -129 314 -113 355 -65 355 -65 403 -13 450 76 467 105 496 189 497 205 499 300 493 335 477 440 477 440 477 440 477 440 477 440 477 440 417 498 
0 0 0 0 0 1 0 0 0 0 
-104 -238 -90 -238 -90 -238 -49 -249 -23 -257 -11 -262 -11 -262 8 -264 32 -264 43 -270 85 -272 137 -275 192 -272 192 -272 215 -267 255 -272 296 -254 319 -254 329 -251 343 -246 381 -236 430 -212 489 -116 499 -96 499 -96 499 -96 497 -114 488 -12 472 109 457 197 428 249 385 337 358 371 319 433 293 457 293 457 275 462 236 475 198 488 164 493 118 498 63 496 4 485 -30 470 -70 436 -102 358 -115 314 -115 314 500 497 500 497 297 -404 297 -404 297 -404 297 -404 297 -404 382 -422 449 -345 453 -336 453 -336 500 -83 500 -83 494 107 473 201 454 266 428 317 380 389 367 404 311 483 292 498 -92 -420 -92 -420 -92 -232 -92 -232 -92 -232 -16 -239 
0 0 0 0 0 1 0 0 0 0 
-182 -326 -168 -326 -128 -323 -74 -321 -39 -321 0 -318 85 -316 125 -305 174 -284 213 -253 438 -170 443 -158 450 -147 456 -134 462 -124 469 -111 475 -98 319 -69 319 -69 322 -54 336 0 352 111 350 202 333 290 499 321 495 331 318 331 311 344 290 365 445 401 437 409 267 383 267 383 256 388 234 396 125 422 49 435 10 440 136 468 125 466 80 479 70 484 14 494 -6 500 -64 -108 -64 -108 -17 -110 47 -110 78 -108 111 -108 153 -106 235 -101 277 -97 325 -86 356 -75 261 -235 261 -235 266 -226 273 -215 279 -206 286 -195 293 -184 481 121 481 121 481 121 481 121 499 272 495 341 489 365 331 175 327 188 441 476 441 476 441 476 281 246 
0 0 0 0 0 1 0 0 0 0 
-57 -78 -29 -165 44 -322 48 -322 264 -375 292 -362 410 -217 417 -212 421 -207 442 -146 442 -146 470 -65 490 435 494 430 495 488 500 498 -62 464 -65 441 -93 224 -95 126 -91 53 -91 37 -91 37 -75 -20 -16 -133 -7 -143 -75 -457 -75 -457 83 -351 100 -381 136 -404 182 -414 214 -398 233 -166 233 -166 236 -363 236 -363 253 -325 270 -280 403 73 403 73 463 113 497 217 500 260 492 330 483 353 364 361 360 391 500 499 500 499 -119 500 -130 263 -133 158 -133 135 -225 -250 -225 -250 -183 -355 -129 -454 -87 -461 41 -350 72 -360 126 -479 126 -479 340 -89 340 -89 340 -89 340 -89 278 -268 284 -243 341 -38 347 20 350 68 354 158 467 486 499 392 
0 0 0 0 0 0 1 0 0 0 
500 498 -216 300 -227 185 -228 91 -221 -9 -210 -53 -185 -187 -139 -284 -103 -338 -72 -377 -25 -429 -15 -443 10 -453 89 -467 126 -450 157 -420 187 -387 204 -368 219 -340 255 -272 277 -206 294 -157 333 -32 333 -16 338 25 479 176 484 192 493 276 498 401 500 408 498 478 492 500 -70 419 -76 299 -79 190 -72 91 -69 179 -37 114 5 10 35 -59 81 -109 103 -117 134 -130 157 -135 235 -138 256 -130 300 -117 339 -57 346 -46 376 -13 400 72 437 182 443 197 460 283 460 283 473 250 492 445 492 445 499 500 -70 498 -70 498 -73 350 -74 320 -72 228 -59 -80 -36 -163 3 -252 41 -313 78 -352 112 -374 141 -396 172 -440 252 -429 269 -416 304 -385 
0 0 0 0 0 0 1 0 0 0 
499 500 499 500 499 500 -254 410 -254 410 -258 385 -259 377 -259 377 -268 342 -276 277 -274 259 -274 259 -272 219 -271 196 -268 173 -265 156 -262 118 -259 95 -258 75 -255 55 -255 55 -254 37 -252 17 -249 -2 -247 -45 -244 -65 -238 -110 -238 -110 -214 -198 -188 -309 -141 -415 -125 -458 -95 -471 63 -231 67 -234 71 -236 111 -246 129 -249 184 -241 99 -488 131 -471 131 -471 131 -471 329 -120 329 -120 348 -70 392 -20 412 27 466 196 489 335 499 385 375 171 376 188 382 279 387 362 387 435 380 488 373 498 373 498 -123 500 -128 402 -128 402 -128 402 -125 304 -125 304 -125 304 -118 215 -118 215 -118 215 -118 215 -88 102 -88 102 -88 102 -88 102 -60 -257 
0 0 0 0 0 0 1 0 0 0 
-132 425 -133 401 -134 387 -138 239 -128 137 -122 82 -89 -82 -85 -101 -76 -148 -67 -178 -53 -222 -31 -285 0 -343 39 -425 69 -447 113 -461 147 -461 217 -434 225 -420 263 -365 270 -357 276 -343 231 -291 269 -148 269 -148 269 -148 269 -148 269 -148 500 500 500 500 500 500 500 500 500 500 500 500 500 500 -281 342 -281 342 -283 302 -285 280 -290 168 -280 84 -268 14 -268 14 -251 -79 -240 -143 -236 -176 -221 -208 -209 -240 -199 -280 -174 -339 -144 -406 -117 -449 -83 -471 -36 -483 -2 -486 60 -476 68 -473 111 -429 129 -409 139 -392 300 -71 305 -64 330 -272 330 -272 355 -200 384 -148 387 -138 378 -138 373 -131 373 -131 370 -129 318 -37 318 -22 327 52 327 52 
0 0 0 0 0 0 1 0 0 0 
-204 436 -204 436 -206 376 -208 324 -211 262 -211 194 -208 129 -204 59 -204 59 -188 -57 -183 -72 -167 -116 -157 -153 -141 -223 -141 -223 -97 -314 -87 -337 -74 -361 -16 -438 36 -470 96 -477 145 -480 215 -467 236 -454 255 -431 309 -366 355 -293 370 -267 386 -225 431 -122 450 -46 450 -46 456 -10 457 7 462 28 473 70 473 70 486 158 492 218 499 322 498 345 495 405 483 464 476 498 -114 500 -114 500 -114 500 -116 439 -112 369 -109 323 -84 173 -84 173 -84 173 -76 132 -71 113 -11 -275 -11 -275 5 -301 65 -374 128 -463 161 -463 225 -446 267 -405 286 -384 308 -364 341 -330 390 -251 395 -239 419 -178 448 -86 464 -36 471 4 477 24 483 57 483 57 
0 0 0 0 0 0 1 0 0 0 
-78 498 -226 483 -227 434 -228 317 -228 288 -228 262 -228 239 -228 239 -227 212 -226 189 -226 166 -224 145 -219 64 -217 20 -212 0 -205 -23 -202 -40 -198 -64 -179 -163 -175 -177 -161 -253 -154 -271 -147 -285 -139 -294 -132 -309 -104 -399 -78 -448 -52 -469 -49 -469 -39 -472 4 -478 53 -483 72 -483 80 -483 123 -475 149 -440 193 -364 208 -314 253 -215 263 -177 267 -160 408 -75 406 -69 432 34 332 72 332 72 332 72 332 72 335 128 341 204 346 294 346 364 500 419 500 419 -81 298 -82 242 -85 156 -85 135 -85 135 -85 116 -84 97 -82 81 -82 67 -81 48 -81 48 -72 -9 -63 -62 -61 -79 -58 -93 -54 -109 -51 -125 -35 -200 -29 -216 -9 -261 -1 -286 
0 0 0 0 0 0 1 0 0 0 
-50 54 -50 54 -50 54 -50 54 -50 54 -50 54 94 -202 94 -202 94 -202 94 -202 94 -202 251 -436 268 -445 311 -439 422 -303 476 -124 496 8 499 280 459 500 -58 430 -56 392 -56 300 -54 202 -45 123 -28 0 -25 -20 -19 -66 -16 -84 -14 -97 -11 -112 -8 -125 -5 -143 -19 -153 -22 -153 -22 -153 -26 -156 -26 -156 30 -235 51 -266 88 -300 90 -300 136 -312 146 -315 135 -253 170 -443 330 -243 330 -243 330 -243 278 -392 312 -346 431 -92 332 -294 341 -253 346 -241 487 48 497 166 391 -5 394 17 394 66 500 405 494 500 355 387 -192 124 -192 124 -189 64 -188 -22 -188 -108 -184 -166 -170 -279 -164 -310 -154 -343 -154 -343 -146 -370 -146 -370 -142 -383 
0 0 0 0 0 0 1 0 0 0 
-121 329 -121 329 -121 329 -124 301 -128 280 -131 184 -135 103 -135 -20 -116 -176 -116 -176 -116 -176 -99 -244 -94 -259 -89 -275 -86 -290 -83 -303 -49 -342 -49 -342 -28 -428 -25 -433 -21 -438 33 -436 164 -298 177 -309 220 -345 249 -361 305 -358 388 -285 406 -246 412 -231 471 -114 471 -114 433 -145 433 -140 433 -132 473 23 473 23 487 93 494 135 495 153 499 215 494 350 494 350 494 350 470 449 449 498 -127 496 -10 387 -150 432 -150 432 -154 385 -159 305 -158 171 -153 106 -153 106 -35 -20 -5 -126 -5 -126 -5 -126 -5 -126 -5 -126 -5 -126 -5 -126 29 -191 47 -224 66 -256 110 -314 11 -216 51 -253 74 -273 103 -287 161 -289 238 -222 251 -191 327 -322 
0 0 0 0 0 0 1 0 0 0 
499 500 -156 415 -171 267 -171 111 -165 13 -140 -97 -134 -158 -127 -250 -110 -311 -95 -348 -46 -128 -46 -128 297 -406 339 -364 390 -303 417 -222 427 -186 427 -186 424 278 424 278 424 278 499 498 499 498 499 498 -52 498 -52 498 -71 376 -81 275 -81 182 -71 79 -64 19 -39 -93 -135 -285 -119 -338 -30 -124 -30 -124 -65 -431 -65 -431 -56 -179 -56 -179 100 -333 176 -338 221 -338 295 -328 377 -256 415 -201 448 -148 454 -134 499 -33 483 -64 483 -64 466 -88 462 -67 462 -67 465 4 465 28 466 124 465 167 462 280 459 366 451 450 -212 498 -212 498 -215 376 -214 288 -210 195 -211 118 -210 62 -207 27 -65 -135 -61 -150 -142 -116 -142 -116 -5 -266 -5 -266 
0 0 0 0 0 0 1 0 0 0 
-116 500 -116 500 -120 444 -131 375 -134 358 -137 339 -138 322 -141 299 -142 188 -141 119 -128 19 -114 -62 -81 -205 -77 -215 -77 -215 -36 -277 -9 -301 11 -318 52 -318 106 -301 127 -294 157 -277 202 -263 202 -263 232 -251 254 -241 271 -229 297 -208 297 -208 386 -136 387 -131 387 -131 396 -112 398 -98 393 -196 418 -153 422 -143 461 -33 461 -33 461 -33 476 45 477 57 490 143 498 234 500 318 495 349 488 380 470 490 -196 154 -196 154 -205 84 -206 64 -206 48 -206 48 -212 -4 -210 -112 -201 -194 -192 -269 -180 -329 -164 -424 -164 -424 -225 -188 -180 -247 -159 -263 -131 -276 -85 -267 -55 -252 -15 -245 7 -232 148 -429 148 -429 148 -429 148 -429 148 -429 183 -422 
0 0 0 0 0 0 1 0 0 0 
499 500 -98 454 -255 499 -255 499 -176 424 -99 362 -99 362 -99 362 -99 362 -99 362 -96 287 -93 223 -83 100 -81 81 -81 81 -58 -36 -58 -36 -54 -62 -51 -72 -48 -85 -45 -103 -21 -173 0 -233 15 -261 15 -261 55 -302 92 -304 151 -296 184 -289 226 -276 238 -272 250 -268 261 -261 270 -255 282 -251 291 -244 324 -214 324 -214 348 -345 350 -345 410 -190 448 -68 448 -68 448 -68 448 -68 472 8 487 68 500 126 484 75 484 75 480 64 475 57 474 57 444 173 439 184 429 246 415 287 407 324 373 422 364 467 -181 226 -181 226 -179 204 -179 204 -175 160 -175 160 -160 34 -152 -23 -140 -119 -136 -130 -124 -234 -113 -265 -113 -282 -113 -282 -107 -308 
0 0 0 0 0 0 1 0 0 0 
-180 260 -124 500 -124 480 -127 415 -128 398 -130 381 -131 364 -138 269 -138 269 -140 213 -140 189 -137 144 -134 107 -121 25 -108 -32 -68 -144 -44 -185 -44 -185 -20 -228 7 -267 18 -282 54 -303 104 -325 147 -334 228 -314 270 -392 276 -420 282 -424 285 -424 347 -355 353 -344 397 -204 426 -163 454 -103 386 191 386 191 386 191 386 191 387 269 390 349 390 463 499 273 497 286 493 323 493 323 461 465 -279 433 -279 433 -279 433 -279 433 -278 408 -265 223 -265 223 -265 223 -268 200 -277 65 -271 13 -217 -106 -210 -130 -146 -218 -146 -218 126 -227 142 -205 146 -196 150 -189 211 -106 222 -69 268 0 282 51 292 101 445 83 470 225 483 246 483 246 483 246 
0 0 0 0 0 0 1 0 0 0 
-194 500 -194 500 -194 500 -196 424 -196 294 -193 202 -185 120 -142 -25 -138 -51 -130 -101 -77 -209 196 -226 203 -216 423 -148 423 -148 430 -125 460 -127 466 -80 481 49 487 120 496 257 499 337 -28 444 -28 444 -28 444 -26 420 -26 420 -25 306 -22 195 -20 131 -13 48 1 -68 14 -122 46 -211 74 -257 -74 -226 -71 -233 -64 -246 -22 -284 2 -308 47 -324 95 -317 150 -286 356 -280 365 -271 264 -148 268 -135 282 -91 334 57 343 137 355 240 374 306 386 431 398 500 500 306 -134 292 -134 292 -117 256 -111 231 -107 198 -104 182 -98 105 -96 2 -93 -63 -84 -144 -71 -272 -54 -333 -27 -418 -12 -430 51 -254 58 -268 80 -297 109 -326 137 -344 172 -353 
0 0 0 0 0 0 1 0 0 0 
-227 448 -227 448 -227 448 -259 234 -265 159 -264 42 -255 -84 -237 -231 -226 -283 -202 -325 -165 -397 -105 -421 -37 -439 77 -436 115 -436 257 -346 270 -334 353 -204 391 -129 424 -39 463 99 488 201 498 322 500 500 -81 436 -81 436 -81 436 -81 436 -124 230 -130 171 -127 53 -123 -19 -103 -157 -92 -214 -78 -259 -47 -298 4 -315 61 -323 141 -323 207 -321 276 -301 353 -208 402 -112 413 -90 446 19 478 143 490 228 499 343 497 498 345 498 -75 498 -75 498 -83 456 -87 434 -107 376 -133 295 -141 214 -143 115 -135 27 -117 -70 -106 -102 -87 -156 -62 -179 -8 -190 49 -194 128 -197 196 -192 271 -184 341 -111 395 -34 413 -10 450 62 478 160 491 224 499 308 
0 0 0 0 0 0 1 0 0 0 
498 497 -114 500 -114 500 -123 404 -130 352 -139 315 -145 263 -148 226 -289 -80 -289 -100 -289 -152 -270 -232 -244 -297 -231 -330 -204 -369 -176 -410 -145 -443 -72 -480 -16 -482 25 -484 45 -482 99 -480 161 -447 188 -415 220 -369 250 -321 267 -273 296 -215 310 -169 411 -34 499 32 347 2 347 2 364 97 376 173 380 234 379 328 375 393 366 478 363 493 363 493 -104 305 -115 244 -123 197 -129 143 -133 94 -135 72 -129 -42 -129 -42 -129 -42 -107 -169 -99 -75 -94 -72 -55 -124 -42 -136 -9 -157 67 -225 122 -251 152 -256 173 -254 240 -190 289 -162 305 -160 363 -70 374 -72 415 30 431 105 440 129 470 258 478 305 493 404 500 498 -274 216 -285 153 -291 106 
0 0 0 0 0 0 1 0 0 0 
-262 -172 -262 -145 -253 48 -241 148 -209 299 -202 332 -193 377 -155 465 -138 498 490 132 500 -223 496 -244 -119 -229 -135 -170 -136 -122 -124 50 -123 81 -104 218 -97 267 -67 358 -57 381 -45 407 -185 351 -174 374 -130 424 -78 470 -66 475 -19 496 9 498 48 486 127 447 145 437 184 384 237 297 260 279 284 226 305 175 345 68 494 96 360 -22 370 -129 366 -188 499 -188 498 -206 355 -323 355 -330 345 -419 469 -381 -122 -252 -184 -41 -185 -16 -185 43 -173 219 -171 245 -139 416 -134 423 -114 493 -114 493 -87 500 -34 344 -29 354 19 409 60 439 85 451 114 460 148 465 190 458 256 428 279 405 332 351 375 284 393 266 412 233 451 159 479 69 
0 0 0 0 0 0 0 1 0 0 
499 489 -286 -460 -284 -352 -284 -280 -283 -186 -260 9 -249 48 -239 117 -225 204 -184 301 -176 328 -110 454 -69 500 311 259 373 -105 376 -132 372 -358 499 -358 499 -358 -168 -175 -168 -175 -163 -104 -161 -31 -156 8 -132 144 -124 177 -109 235 -95 284 -62 360 -47 386 35 497 58 500 94 280 113 291 132 302 159 317 191 328 221 337 271 337 327 311 364 268 407 204 443 117 446 295 464 48 473 13 480 -33 497 -126 499 11 499 11 499 -11 496 -208 495 -204 495 -213 497 -431 497 -431 -124 -385 -124 -385 -126 -292 -126 -226 -124 -142 -110 -13 -107 8 -91 101 -68 191 -49 240 -30 286 38 407 63 431 -52 426 -32 442 -2 464 9 475 46 489 69 497 
0 0 0 0 0 0 0 1 0 0 
-180 -147 -180 -147 -194 28 -187 210 -183 238 -175 291 -160 350 -140 317 -126 329 -187 365 -213 389 -177 431 -172 439 -118 467 -68 486 -45 494 -12 496 48 498 111 484 245 422 231 417 228 412 252 384 260 372 277 343 313 298 326 276 347 202 375 124 388 90 397 45 401 -28 401 -112 398 -221 373 -317 358 -369 353 -396 353 -396 499 -233 496 -236 -287 323 -109 428 -104 431 -96 433 -58 456 -34 483 291 483 327 448 397 498 397 498 397 498 397 498 457 413 493 298 494 278 497 240 500 145 500 42 493 -72 487 -120 478 -197 471 -218 -166 -321 -186 -162 -186 -2 -181 22 -172 104 -158 147 -150 409 -142 429 -130 457 -109 500 -64 488 -64 488 6 420 
0 0 0 0 0 0 0 1 0 0 
-40 225 499 500 -242 -147 -242 -147 -242 -147 -174 -311 -174 -311 -273 -40 -276 -24 -272 51 -272 51 -272 51 -167 134 -188 153 -193 166 -195 172 -185 193 -149 290 -88 379 -38 427 -33 430 26 465 80 489 128 499 164 499 210 481 392 473 392 473 392 473 392 473 392 473 392 473 474 266 474 255 492 129 499 83 435 -2 441 -99 455 -150 365 -236 468 -209 470 -215 470 -258 -163 -316 -155 -271 -150 -248 -155 121 -155 121 -155 121 -114 187 -114 187 -114 187 -114 187 -94 211 -22 327 32 395 88 440 110 453 161 472 190 480 241 496 300 498 366 477 234 461 340 448 327 422 324 411 324 398 326 393 374 261 377 237 389 126 467 -13 499 -189 -343 -261 
0 0 0 0 0 0 0 1 0 0 
497 500 -399 -286 -399 -286 -288 -155 -295 -116 -229 -45 -229 -45 -229 -45 -229 -45 -229 -45 -226 -25 -203 81 -201 118 -201 118 -266 228 -261 241 -258 250 -210 316 -171 362 -152 381 -81 433 -23 476 30 493 90 500 150 500 182 491 229 480 285 422 317 385 330 353 359 318 390 254 431 161 441 140 460 58 472 -40 500 -131 492 -161 488 -204 485 -237 485 -237 479 -318 475 -353 466 -390 -248 -336 -248 -336 -239 -256 -235 -217 -235 -217 -227 -172 -207 -94 -198 -73 -189 -36 -193 206 -180 239 -156 278 -117 357 -94 381 -94 381 -36 446 25 493 86 497 142 489 209 493 240 497 251 500 293 471 334 420 363 379 375 355 405 299 432 215 447 181 471 96 488 4 
0 0 0 0 0 0 0 1 0 0 
496 498 -211 -253 -325 -274 -329 -243 -336 -163 -338 -127 -338 -60 -338 -60 -338 -38 -338 -19 -335 19 -328 57 -328 57 -189 127 -158 202 -154 214 -115 281 -89 337 -38 378 -2 404 31 445 114 489 135 493 179 498 253 493 319 450 360 409 416 308 423 289 445 204 476 103 489 38 495 -14 499 -106 499 -163 496 -224 496 -224 492 -293 490 -303 -175 -233 -175 -233 -175 -233 -175 -233 -175 -233 -162 -168 -136 -108 -245 165 -245 165 -245 165 -188 271 -167 314 -102 377 -50 413 -27 435 86 485 104 492 147 500 247 487 308 451 339 415 408 322 419 278 435 204 482 98 491 40 497 -40 499 -103 499 -168 497 -237 -206 -171 -210 -130 -215 -50 -218 47 -218 105 -218 133 
0 0 0 0 0 0 0 1 0 0 
-124 -286 -134 -252 -152 -93 -153 -28 -146 72 -128 195 -101 307 -96 333 -66 419 -44 466 379 500 398 473 398 473 404 460 422 427 472 260 475 247 485 179 490 117 499 -26 497 -114 496 -161 490 -270 488 -369 -281 -312 -289 -289 -318 -166 -319 -104 -310 -11 -275 88 -258 218 -254 232 -201 328 -198 346 -31 357 -11 389 14 428 62 473 134 498 195 485 224 471 257 455 307 437 349 419 260 375 260 375 264 364 269 355 273 343 328 207 334 177 340 150 346 91 351 -38 351 -129 351 -129 342 -261 340 -337 499 -398 -129 -320 -158 -57 -158 -57 -181 57 -180 143 -171 196 -149 300 -114 419 -103 454 -90 483 -78 479 -194 342 -194 342 -148 415 -95 465 -36 498 
0 0 0 0 0 0 0 1 0 0 
499 498 -278 -269 -280 -201 -276 -57 -273 44 -263 101 -217 168 -211 192 -203 214 -12 303 -12 303 -12 303 -12 303 -12 303 55 355 100 377 143 391 191 399 260 382 260 382 294 366 369 322 298 344 436 498 436 498 487 261 497 115 499 74 -111 -304 -129 -225 -136 -173 -141 -46 -126 74 -115 131 -87 186 -69 228 -59 244 -59 244 -99 260 -115 271 -122 280 -122 280 -124 285 -81 335 -21 359 17 373 64 381 159 365 159 365 172 357 308 357 310 357 181 348 366 321 263 285 263 282 430 500 443 129 443 129 443 129 443 129 457 19 485 260 485 260 490 184 493 140 406 -230 389 -258 499 54 -180 -70 -180 -70 -184 -6 -189 46 -181 165 -160 247 
0 0 0 0 0 0 0 1 0 0 
-195 -62 -300 -363 -300 -339 -296 -251 -295 -181 -291 -90 -267 55 -240 136 -235 174 -228 203 -195 263 -190 275 -184 289 -180 301 -180 301 -176 313 -134 368 -83 425 -66 442 -53 456 2 488 45 500 79 500 119 485 158 471 206 416 240 380 301 296 347 208 357 184 365 155 378 86 406 -23 405 -100 394 -208 386 -263 380 -342 377 -385 376 -404 376 -423 376 -437 376 -442 376 -447 380 -459 488 -272 488 -272 500 -444 498 -447 -164 -269 -164 -244 -163 -136 -159 -45 -151 36 -132 215 -110 312 -98 363 -75 437 -57 474 -46 500 -46 500 500 -295 498 -312 497 -332 494 -372 494 -372 494 -392 490 -423 -170 -321 -204 -95 -196 -55 -191 -15 -183 75 -171 161 -140 286 -125 350 
0 0 0 0 0 0 0 1 0 0 
500 497 -81 -49 -66 163 -63 172 -60 233 -51 320 -12 498 -12 498 9 258 -9 258 -69 270 -96 292 -107 310 -81 409 -64 458 -60 489 476 313 476 313 478 292 481 270 496 -338 496 -366 497 -390 497 -440 499 -443 499 -446 -108 -351 -108 -351 -108 -351 -104 -176 -102 -158 -99 -123 -91 -40 -89 -18 -73 69 -73 69 -73 69 -61 128 -43 227 -43 227 -41 235 -40 238 -27 289 -9 345 9 391 9 391 52 455 83 479 125 493 220 498 277 490 311 482 372 439 399 404 441 327 466 254 475 217 475 217 480 187 480 187 484 171 486 150 487 128 495 58 499 -13 499 -131 498 -246 496 -313 498 -335 498 -335 496 -359 498 -383 498 -402 498 -428 498 -434 
0 0 0 0 0 0 0 1 0 0 
500 500 -169 -345 -303 -321 -301 -294 -295 -195 -294 -84 -290 77 -288 113 -260 184 -246 208 -238 254 -232 305 -226 337 -183 376 -173 412 -136 430 -125 441 19 410 23 412 -54 472 0 498 52 490 147 443 165 425 181 410 226 368 238 352 371 472 431 219 431 219 431 219 458 139 478 62 490 -6 496 -88 499 -184 495 -286 490 -328 485 -396 481 -432 482 -226 482 -226 -174 -320 -174 -320 -180 -160 -178 -23 -161 157 -158 175 -137 276 -130 312 -116 385 -105 421 319 431 387 387 414 475 430 498 442 465 450 447 478 354 487 320 500 162 500 113 489 -56 483 -100 473 -162 -177 -97 -177 -97 -180 24 -175 180 -160 303 -155 314 -129 407 -124 416 -111 493 -104 500 
0 0 0 0 0 0 0 1 0 0 
-187 -388 -179 -297 -175 -163 -175 -109 -171 21 -163 126 -150 225 -140 289 -111 426 -90 469 368 498 376 493 416 447 416 447 416 447 416 447 488 262 491 243 494 203 499 -93 496 -155 492 -276 491 -343 490 -412 -186 -162 -186 -162 -179 -92 -174 2 -173 67 -169 177 -158 263 -141 340 -123 412 -110 488 -86 500 -86 315 -54 355 7 414 15 418 45 432 65 441 115 457 190 459 233 445 312 403 356 355 403 500 403 500 352 326 346 322 340 317 340 317 374 193 376 177 379 119 380 -117 380 -166 378 -268 378 -319 376 -349 499 -443 -326 -373 -326 -373 -310 -304 -304 -200 -302 -139 -297 -30 -294 41 -291 134 -284 203 -239 295 -214 348 -214 348 -184 381 -133 443 
0 0 0 0 0 0 0 1 0 0 
499 498 -126 -367 -250 -348 -268 -325 -278 -295 -286 -235 -289 -145 -286 -94 -281 -4 -226 105 -228 116 -227 174 -227 218 -186 290 -177 308 -123 370 -94 385 -59 409 -11 449 3 469 51 471 51 471 111 482 167 486 173 486 227 451 244 427 426 497 432 499 457 427 457 427 464 414 472 398 478 343 478 343 482 330 371 99 371 99 493 -4 493 -4 493 -4 493 -4 494 -26 500 -174 500 -229 500 -303 498 -383 496 -440 492 -453 490 -453 -137 -337 -137 -337 -158 -280 -166 -215 -165 -95 -161 -32 -151 70 -144 136 -131 223 -120 313 -111 359 -88 425 -71 460 -44 490 384 498 395 457 404 430 408 422 411 405 411 405 346 288 439 286 439 286 481 332 481 332 
0 0 0 0 0 0 0 1 0 0 
-156 -100 -286 -69 -286 -69 -276 69 -273 107 -217 255 -120 -7 -120 -7 -120 -7 -120 -7 -120 -7 -96 62 -90 74 -40 167 -40 167 -23 184 41 265 55 282 81 272 81 272 89 275 124 277 194 287 227 277 266 272 245 500 245 500 290 468 400 179 405 162 365 351 365 351 365 351 473 -26 476 -64 479 -78 484 -148 487 -246 481 -346 481 -380 500 -334 -189 -332 -166 -94 -166 -72 -151 55 -143 94 -107 235 -226 266 -223 274 -223 281 -222 293 -222 300 -217 332 -71 337 -43 373 -37 381 -1 419 43 456 52 463 97 483 97 483 107 485 141 495 181 499 237 499 275 492 313 470 313 230 313 230 400 405 415 388 408 97 408 97 413 92 483 196 
0 0 0 0 0 0 0 1 0 0 
36 -187 33 -157 31 -99 36 24 48 127 69 209 85 265 123 361 153 406 171 422 191 444 343 500 369 475 376 464 469 262 476 220 479 201 497 5 499 -22 497 -157 497 -212 492 -342 492 -425 -102 2 -102 2 -102 60 -81 191 -65 268 -43 320 -25 366 -1 384 40 202 50 500 50 500 50 500 110 275 120 284 35 300 52 315 101 328 157 331 181 326 388 313 388 313 398 304 264 244 270 233 319 144 485 102 485 102 492 71 348 -53 500 48 500 48 495 31 489 -33 482 -137 477 -160 476 -162 -48 -247 -227 -285 -231 -258 -233 -206 -222 -89 -211 -2 -196 67 -165 121 -143 177 -134 197 -104 224 -96 231 -82 244 85 498 98 494 164 323 
0 0 0 0 0 0 0 1 0 0 
497 497 1 243 62 129 70 123 78 111 97 96 153 60 244 27 244 27 244 27 244 27 369 63 406 -265 426 -234 495 -60 500 -42 400 87 402 99 403 111 402 153 364 325 352 355 343 400 339 430 337 436 337 436 -49 500 -81 463 -81 463 -124 385 -125 373 -153 259 -5 204 -173 180 -166 174 -197 -86 -145 -206 -90 -278 -85 -288 -80 -301 -37 -323 -24 -339 40 -367 88 -375 95 -375 107 -377 107 -377 173 -359 369 -15 406 10 479 170 490 227 492 250 492 250 496 290 499 367 496 461 494 482 493 500 324 262 457 318 457 318 452 331 264 364 258 377 230 400 147 436 138 438 82 436 27 420 -31 377 -60 346 71 369 71 369 62 362 
0 0 0 0 0 0 0 0 1 0 
499 58 499 58 495 500 -25 258 -16 220 9 123 38 413 55 378 84 316 101 277 165 208 213 138 255 108 317 96 357 142 355 -281 355 -281 380 -258 500 343 352 -108 355 -96 360 -81 428 123 433 146 433 146 500 274 -233 498 -234 474 -236 463 -236 447 -237 220 -237 204 -237 189 -237 177 -237 166 -237 154 -80 -14 -91 285 -84 253 -76 221 -48 -100 -25 88 -140 -275 -140 -275 -140 -275 -117 -298 -41 -362 -14 -394 45 -421 70 -418 116 -389 259 -88 282 -66 298 -54 193 -342 385 39 403 64 424 86 472 184 472 184 483 219 499 273 384 17 384 137 384 182 385 283 327 403 298 431 219 485 149 500 123 500 71 497 -8 480 -104 426 -121 413 
0 0 0 0 0 0 0 0 1 0 
-135 -129 -119 189 -119 189 -114 134 -220 -302 -53 -19 -53 -19 -53 -19 -53 -19 -155 -393 10 -395 10 -395 10 -395 10 -395 10 -395 65 -441 87 -453 118 -462 144 -467 159 -465 186 -460 284 -395 302 -381 308 -376 326 -357 351 -328 371 -302 371 -302 385 -282 385 -273 386 -261 386 -261 362 -223 344 -201 339 -191 336 -179 335 -163 334 -143 336 -98 339 -76 339 -76 497 263 499 287 336 177 336 177 336 177 395 369 272 359 272 359 248 455 200 498 24 494 -99 417 -97 414 -139 371 -144 338 -79 235 -83 220 -87 199 -110 117 -110 117 -130 9 -134 -64 -136 -107 -136 -112 -136 -112 -134 -154 -134 -154 -134 -154 -98 -261 -217 -321 -217 -321 -184 -341 -168 -368 14 -138 
0 0 0 0 0 0 0 0 1 0 
-30 370 -30 370 35 217 35 217 35 217 35 217 35 217 61 -430 61 -430 90 -453 170 -475 188 -483 200 -483 225 -483 237 -479 300 -464 307 -456 315 -449 340 -411 402 -273 444 -153 447 -138 451 -119 497 172 500 318 495 468 -62 498 -70 456 -70 438 -72 415 -75 393 -110 -222 -256 -177 -234 -207 -226 -220 -226 -220 -214 -247 -166 -305 -152 -325 -152 -325 -149 -332 -145 -342 -145 -342 -38 -397 -38 -397 -58 -427 -28 -457 -19 -462 233 -147 233 -147 233 -147 233 -147 233 -147 157 -472 157 -472 166 -465 176 -457 253 -407 439 -37 287 -350 287 -350 300 -325 499 72 499 72 499 72 320 -247 320 -247 388 -155 388 -155 384 -72 379 55 381 150 381 150 331 335 330 337 
0 0 0 0 0 0 0 0 1 0 
-92 -28 -92 -28 -70 -88 -44 -163 -33 -192 -16 -233 31 -319 41 -327 62 -350 85 -371 98 -394 106 -405 147 -441 168 -454 199 -467 219 -472 219 -472 277 -477 337 -472 359 -462 319 -387 353 -350 369 -288 369 -288 369 -288 371 -270 371 -270 374 -251 374 -251 378 -236 452 -127 452 -127 445 -12 445 62 499 223 499 223 383 244 383 244 315 397 270 444 234 470 187 488 126 498 56 490 -3 470 -25 449 -76 402 -95 368 -97 353 -147 275 -165 236 -173 174 -179 49 -42 49 -42 49 -42 49 500 497 -253 -61 -206 -146 -202 -173 -138 -302 -98 -339 -83 -359 -74 -377 -74 -377 177 -151 177 -151 190 -155 206 -160 223 -162 299 -168 333 -164 376 -407 392 -388 439 -300 
0 0 0 0 0 0 0 0 1 0 
-93 293 -93 293 -99 203 -101 138 -99 114 -98 92 -98 92 -96 73 -95 54 -88 5 -80 -40 -78 -54 -76 -65 -70 -81 -52 -133 -52 -133 -11 -195 -7 -201 0 -206 15 -225 43 -239 53 -241 78 -250 92 -250 173 -225 173 -225 195 -217 202 -211 221 -201 329 -73 345 -46 345 -46 345 -46 382 -165 401 -119 447 5 453 27 472 95 489 152 489 152 500 247 494 336 475 377 442 413 382 480 313 494 287 497 223 500 177 500 121 494 88 472 49 434 30 418 20 413 20 413 11 404 4 396 -4 388 -4 388 -13 375 -34 336 -53 309 -65 290 -75 277 -106 201 -124 130 -124 76 -122 54 -121 10 -119 -5 -121 288 -121 285 -163 -83 -163 -158 -159 -217 
0 0 0 0 0 0 0 0 1 0 
496 487 500 498 -168 248 -167 196 -164 133 -157 56 -148 -32 -132 -124 -132 -124 -116 -181 -92 -231 -92 -231 -145 -240 -173 -246 -178 -248 -181 -253 -144 -288 -82 -314 79 -355 -4 -299 -4 -299 92 -259 109 -240 129 -198 177 -174 346 -172 370 -139 370 -139 378 -128 395 -102 417 -76 417 -76 422 -65 422 -65 428 -52 448 -13 454 -2 477 19 479 30 483 45 486 61 486 61 494 124 499 172 489 257 483 270 471 303 471 303 461 334 457 349 451 360 447 368 447 368 380 231 380 231 331 286 304 299 272 307 272 307 209 327 150 349 150 349 99 375 33 480 33 480 -10 500 -21 497 -82 425 -82 425 -259 403 -259 360 -318 266 -327 222 -321 161 -210 -78 
0 0 0 0 0 0 0 0 1 0 
500 -122 -119 498 -127 184 -127 184 -127 184 -129 98 -118 -23 -231 -88 -232 -92 -232 -92 -231 -113 -8 -262 -155 -227 -155 -227 -155 -227 -54 -283 -44 -286 19 -283 93 -251 129 -217 180 -197 357 -193 357 -193 381 -176 398 -159 408 -144 359 0 362 6 416 75 429 101 442 141 442 141 500 225 500 225 498 236 498 236 500 247 500 247 500 247 500 253 442 363 439 372 439 372 437 380 437 384 437 391 426 406 398 438 380 466 368 486 367 492 368 494 354 498 439 320 400 329 400 329 363 335 327 350 267 367 198 376 157 374 91 365 1 460 1 460 -27 449 -50 419 -70 391 -80 359 -106 230 -106 230 -116 118 -116 92 -116 43 -113 -10 -113 -25 
0 0 0 0 0 0 0 0 1 0 
-193 176 -193 176 -193 144 -187 38 -319 -85 -156 -147 -150 -166 -133 -198 -133 -198 -125 -211 -96 -260 -96 -260 -96 -260 -91 -266 -91 -266 -72 -285 -36 -326 -28 -330 -10 -336 32 -347 96 -345 187 -300 251 -262 292 -215 323 -189 343 -174 350 -166 350 -166 368 -142 374 -132 392 -108 409 -91 417 -83 417 -83 431 -53 431 -53 443 -31 460 -14 460 -14 474 8 474 8 488 34 500 68 500 72 500 72 430 125 418 147 417 157 415 168 417 172 412 300 412 300 408 330 408 336 393 356 326 439 303 460 288 475 239 492 173 498 173 498 260 349 255 345 205 362 143 366 73 364 8 347 -193 490 -193 490 -193 490 -47 475 -66 449 -258 381 -258 381 -143 281 
0 0 0 0 0 0 0 0 1 0 
-83 420 -83 420 -75 323 -219 -44 -215 -58 -21 142 -161 -186 -157 -197 40 19 -43 -331 -34 -337 27 -373 112 -389 225 -331 232 -320 232 -320 432 19 432 19 432 19 432 19 301 -192 301 -192 499 261 499 261 499 261 492 253 492 253 461 275 431 311 408 345 376 381 376 381 340 420 327 428 292 456 282 462 227 490 183 498 121 498 72 476 44 456 36 445 28 437 -4 395 -17 367 -49 289 -64 225 -80 139 -89 91 -89 41 -244 116 -226 16 -38 -30 -28 -61 -176 -133 17 -172 23 -186 -124 -238 160 -113 162 -113 211 -102 296 -97 388 -130 388 -130 459 -263 260 -308 260 -308 280 -275 300 -247 487 -194 499 -147 342 -88 345 -63 351 -16 348 166 
0 0 0 0 0 0 0 0 1 0 
-74 359 -74 359 -226 33 -221 -13 -38 216 -38 216 -38 216 7 -231 7 -231 35 2 72 -333 91 -354 115 -98 151 -106 222 -117 282 -106 293 -106 348 -85 348 -85 348 -85 368 -354 368 -354 423 0 423 0 423 0 423 0 423 0 423 0 450 -244 450 -244 487 122 487 122 487 122 487 122 490 145 499 104 493 111 322 239 319 247 319 247 318 255 315 268 313 273 312 281 278 343 278 343 262 372 262 372 253 393 253 393 253 393 251 401 251 401 246 411 209 442 202 450 176 471 148 484 132 492 74 500 37 494 -31 473 -59 460 -72 447 -138 380 -181 307 -181 307 -199 247 -199 247 -206 132 -205 106 -205 85 -203 65 -203 44 -202 28 
0 0 0 0 0 0 0 0 1 0 
26 426 26 426 -170 79 -172 45 -169 -11 53 175 53 175 -113 -180 -107 -194 126 50 126 50 256 -372 78 -426 78 -426 173 -468 245 -474 326 -454 391 -378 391 -378 417 -330 424 -322 476 -211 482 -177 499 -36 499 -11 499 81 499 81 491 206 487 251 448 336 437 364 426 395 390 435 354 468 308 488 255 500 180 497 143 485 74 460 -1 426 -81 344 -86 333 -130 251 -143 220 -154 180 -159 158 -169 76 13 93 13 93 -221 69 -55 61 -60 27 -59 -11 -195 -130 -182 -161 -12 -175 -4 -189 -130 -270 -115 -295 140 -75 159 -392 176 -420 217 -445 280 -459 361 -420 407 -362 407 -362 430 -323 436 -309 475 -197 482 -161 497 -22 499 0 496 89 496 89 
0 0 0 0 0 0 0 0 1 0 
-54 114 -8 -114 5 -146 77 82 77 82 134 -22 134 -22 134 -22 234 -126 306 -133 306 -133 388 -53 388 -53 388 -53 388 -53 424 25 443 63 443 63 494 253 494 253 494 253 494 253 494 253 494 253 500 301 500 263 495 247 494 257 470 406 8 498 -6 469 -59 333 -205 2 -40 -10 -37 -32 -32 -55 -152 -182 -139 -215 83 -20 -92 -321 -72 -346 -39 -407 12 -481 18 -481 81 -491 149 -488 185 -491 210 -491 229 -488 243 -481 268 -443 286 -410 328 -356 329 -351 339 -318 347 -273 354 -237 357 -222 357 -222 360 -200 360 -200 365 -156 368 -139 388 -45 375 63 371 101 356 215 500 222 493 260 446 379 427 407 379 450 344 478 308 498 251 488 
0 0 0 0 0 0 0 0 1 0 
500 500 30 440 30 440 -1 391 -8 378 -198 270 -201 238 -199 223 -199 125 -201 23 -199 -34 -193 -70 -30 -417 -30 -417 -130 -185 -130 -185 -79 -231 130 -257 130 -257 166 -253 206 -244 232 -234 271 -214 238 -191 242 -185 248 -178 354 -131 340 -112 336 -93 337 -76 492 -200 402 34 402 34 402 34 402 34 499 -31 499 -31 448 274 397 355 397 355 366 406 316 295 316 295 260 297 208 310 196 310 21 500 117 312 79 302 64 295 -20 497 -1 280 -8 257 -192 327 -192 327 -175 302 -175 302 -242 151 -248 61 -251 -4 -248 -34 -71 -214 -71 -219 -118 486 -127 411 -47 277 -59 238 -70 191 -79 57 -76 -6 -66 -57 -40 -130 -13 -181 2 -200 57 -243 
0 0 0 0 0 0 0 0 1 0 
-237 10 -235 -60 -233 -130 -207 -261 -197 -287 -182 -319 -164 -355 -125 -415 -101 -443 -34 -473 -11 -476 86 -463 108 -453 164 -410 186 -382 250 -317 311 -204 354 -90 362 -45 372 75 368 206 499 297 487 332 328 347 447 410 421 425 386 458 331 493 243 498 221 491 131 445 103 430 42 387 34 377 34 377 -25 302 -62 236 -62 236 -72 211 -80 183 -80 183 -88 153 -95 100 -98 80 -99 62 -100 30 -103 -37 -103 -37 -88 -47 -86 -103 -81 -161 -59 -265 -54 -280 -33 -328 -11 -357 19 -395 53 -431 101 -458 137 -467 230 -451 230 -451 287 -415 331 -379 392 -316 450 -213 472 -152 485 -92 500 31 492 143 452 274 53 498 53 498 -79 305 -79 305 -79 305 
0 0 0 0 0 0 0 0 1 0 
-162 102 -162 152 -152 375 500 499 474 134 466 102 412 -14 288 7 -62 -152 -62 -152 -69 187 -69 187 -51 -77 -51 -77 -60 277 -48 12 -47 31 -44 53 -28 389 7 250 12 262 60 347 74 372 102 403 145 450 203 493 211 496 275 498 329 481 376 435 390 416 452 313 500 479 500 479 481 194 481 194 497 70 497 51 475 -70 472 -85 466 -97 413 -189 400 -206 319 -46 315 -51 121 -304 121 -304 0 -330 -30 -323 5 -282 1 -262 -2 -248 -185 -60 -191 -17 -27 -53 -28 -51 -54 -81 -54 -81 -213 -91 -213 -69 -54 -55 -212 9 -210 28 -209 50 -37 110 -147 248 -144 260 -95 344 -84 368 -44 409 -14 455 44 489 53 491 121 498 160 484 
0 0 0 0 0 0 0 0 0 1 
-214 -80 -214 -80 -214 -80 -205 2 -189 61 -177 99 -163 137 -163 137 -160 149 -156 163 -149 185 -149 185 -141 223 -80 304 -12 380 5 401 50 439 85 465 170 494 222 498 310 482 395 425 439 375 472 308 487 239 499 116 498 66 491 -28 466 -135 449 -163 421 -216 416 -228 411 -244 405 -258 378 -292 351 -323 351 -323 334 -346 290 -377 290 -377 270 -399 270 -399 189 -463 189 -463 181 -467 167 -470 151 -472 50 -479 -19 -460 -55 -437 -55 -432 -127 -368 -127 -368 -139 -351 -184 -280 -209 -223 -209 -223 -216 -163 -219 -125 -219 -125 -219 -52 -219 -7 -20 -9 -20 -9 -52 163 -30 312 -20 377 -12 418 -7 431 0 452 15 499 499 -139 499 -139 470 -217 464 -54 
0 0 0 0 0 0 0 0 0 1 
-165 -103 -165 -103 -170 -72 -170 -4 -168 31 -152 115 -145 130 -130 159 -130 159 -125 171 -119 183 -104 221 -92 250 -92 250 -84 260 -66 284 -66 284 -36 327 -36 327 -19 354 -1 373 26 390 44 407 52 414 109 457 153 477 177 486 235 498 284 493 350 457 390 414 412 387 438 325 486 175 486 175 496 98 498 84 500 38 500 14 500 14 483 -113 451 -192 447 -207 442 -221 415 -267 415 -267 395 -293 375 -315 360 -332 339 -344 309 -361 309 -361 240 -400 240 -400 240 -400 218 -416 187 -428 160 -440 160 -440 150 -445 92 -455 21 -450 -64 -392 -64 -392 -81 -375 -81 -375 -86 -368 -92 -359 -155 -226 -163 -173 -165 -118 -167 -14 -165 7 28 26 28 26 
0 0 0 0 0 0 0 0 0 1 
-199 91 -199 91 -123 177 -110 202 -42 265 3 306 61 376 61 376 136 433 185 465 206 481 254 500 308 493 352 465 352 465 373 446 392 427 402 414 420 392 456 310 474 265 500 31 500 -79 496 -224 490 -370 498 -170 464 -281 438 -322 381 -363 314 -329 297 -310 222 -205 188 -145 146 -66 63 91 48 113 -21 -113 -160 300 -160 300 -160 300 -160 300 -160 300 -227 484 -159 234 -159 234 -165 243 -170 253 -173 256 -175 259 -181 281 -191 325 -196 207 -125 275 -105 289 -43 345 1 376 69 422 69 422 131 473 172 485 197 492 241 500 299 497 339 487 339 487 353 483 400 444 406 437 420 420 439 391 467 323 496 149 499 60 492 -89 477 -202 
0 0 0 0 0 0 0 0 0 1 
-275 190 -275 190 -224 327 -219 336 -213 348 -206 358 -194 370 -150 420 -130 442 -106 470 300 498 320 482 399 380 412 345 452 252 456 239 472 168 499 15 474 -264 468 -289 446 -395 409 -161 409 -161 62 -414 57 -404 -42 -255 -57 -137 -80 -130 -133 -12 -168 102 -180 383 -253 274 -253 274 -275 21 -275 21 -224 124 -213 352 -213 352 -190 384 -181 396 -162 417 -194 157 -171 176 -150 194 -124 448 -124 448 -90 469 -51 255 -26 262 26 274 87 279 203 276 241 269 300 253 243 500 243 500 244 481 244 481 412 138 344 347 344 347 344 347 481 -21 421 89 499 -211 346 -79 346 -79 346 -79 420 -429 412 -422 412 -422 409 -244 371 -274 266 -314 190 -286 
0 0 0 0 0 0 0 0 0 1 
-139 136 -136 162 -64 430 -45 485 -38 500 500 -90 488 -125 340 -354 301 -392 154 -468 79 -465 -5 -412 -14 -401 -29 -377 -51 -343 -110 -220 -117 -177 -125 -133 -134 -34 -139 55 -137 148 1 -31 3 -11 9 38 47 209 -135 234 73 500 73 500 -86 319 -73 337 -57 355 -1 405 36 425 63 434 136 418 187 389 207 367 260 292 281 247 319 155 343 45 348 -47 343 -105 499 9 499 9 304 -245 264 -319 257 -328 359 -177 359 -177 144 -434 91 -466 226 -297 194 -304 85 -189 85 -189 85 -189 85 -189 -136 -369 19 -83 19 -83 7 -31 -4 92 -6 123 -1 193 -1 193 -1 193 -65 152 -65 152 -60 175 -38 254 -7 361 43 498 68 299 68 299 
0 0 0 0 0 0 0 0 0 1 
-58 61 -31 242 -22 276 -2 354 25 422 48 467 492 484 492 484 494 464 499 301 494 228 494 228 446 33 446 33 446 33 351 -78 317 -98 256 -121 256 -121 164 -132 164 -132 164 -132 139 -121 51 -47 32 11 32 11 -5 152 -5 152 -12 340 -14 374 -8 498 -225 -116 -222 -31 -212 77 -203 133 -188 172 24 276 36 296 -136 293 -115 322 108 393 134 417 153 441 181 466 237 492 298 499 349 487 412 427 462 339 477 310 483 300 499 249 339 148 342 131 344 106 349 -38 332 -167 329 -182 329 -182 307 -249 286 -288 263 -320 210 -366 152 -407 93 -436 76 -444 76 -444 39 -449 26 -449 13 -446 -43 -427 -51 -419 -122 -349 -147 -288 -158 -262 
0 0 0 0 0 0 0 0 0 1 
-21 195 -185 -117 -185 -117 -185 -78 -180 2 -173 68 -147 190 -114 264 -65 361 -29 412 -29 412 -18 424 54 465 104 488 170 498 234 486 257 473 327 432 398 346 432 272 432 272 468 183 477 155 480 139 491 12 491 -63 473 -234 462 -277 447 -307 427 -379 427 -379 390 -455 368 -465 500 -262 500 -262 483 -440 473 -437 418 -277 411 -435 398 -435 349 -264 309 -267 9 -399 9 -399 1 -389 -1 -381 -19 -348 -68 -269 -78 -241 -91 -185 -104 -109 -114 -48 -122 -10 -127 38 -149 129 80 422 80 422 80 422 80 422 -149 165 -149 165 60 195 60 195 -67 35 -67 35 -57 110 -45 212 -16 326 1 366 42 460 71 498 450 409 467 371 497 266 499 247 
0 0 0 0 0 0 0 0 0 1 
500 496 15 200 15 200 -160 -33 59 307 -85 178 -68 213 148 498 148 498 -8 302 -6 307 58 371 75 389 136 427 381 467 406 476 316 440 316 440 411 351 442 316 471 207 476 171 490 126 499 71 485 -8 466 -131 463 -146 408 -249 347 -311 329 -322 321 -327 290 -345 112 -351 80 -347 51 -340 -39 -300 -63 -276 -75 -249 -75 -249 -116 -189 -129 -164 -140 -131 -147 -102 -152 -37 -155 40 -153 106 76 347 80 363 80 363 59 184 59 184 16 88 43 233 121 484 128 498 500 -225 467 -259 131 -239 103 -207 76 159 61 -139 61 -139 48 -96 34 -31 25 14 16 102 16 199 22 301 -218 -43 -38 13 -203 59 11 201 35 260 -138 233 -94 318 
0 0 0 0 0 0 0 0 0 1 
-123 -73 -123 -73 -127 -36 -134 73 -130 112 -105 242 -94 276 -94 276 -78 308 -78 308 -60 330 -54 339 -54 339 -49 352 22 418 228 474 255 491 115 481 115 481 241 498 250 498 316 464 378 410 431 288 458 176 461 156 464 90 468 -24 468 -48 461 -163 450 -220 415 -317 415 -322 407 -378 399 -422 399 -422 353 -466 349 -471 500 -457 500 -457 485 -251 -23 -42 -23 -42 -23 -7 -19 112 -16 150 15 281 15 281 30 317 30 317 42 343 47 350 47 350 53 357 60 367 112 429 171 472 180 474 301 498 312 496 373 474 426 410 476 286 490 198 493 176 497 93 499 -2 497 -59 490 -164 483 -212 475 -252 469 -291 438 -389 430 -422 430 -422 
0 0 0 0 0 0 0 0 0 1 
500 -482 417 -342 417 -342 388 -285 269 -48 269 -48 155 403 150 500 500 -438 500 -438 500 -438 245 -490 218 -459 413 -399 357 -342 343 -328 335 -318 305 -240 299 -227 241 318 229 409 229 409 218 498 499 -261 476 -271 451 -255 426 -237 378 -436 378 -436 325 -112 325 -112 325 -112 325 -112 245 75 243 80 186 33 150 161 150 161 147 201 159 498 0 0 0 0 0 0 0 0 0 0 0 0 0 0 0 0 0 0 0 0 0 0 0 0 0 0 0 0 0 0 0 0 0 0 0 0 0 0 0 0 0 0 0 0 0 0 0 0 0 0 0 0 0 0 0 0 0 0 0 0 0 0 0 0 0 0 0 0 0 0 
0 0 0 0 0 0 0 0 0 1 
-204 -12 -204 -12 -195 94 -189 118 -170 179 -170 179 -170 179 -166 188 -148 234 -131 267 -112 303 -106 313 -106 313 -97 325 -6 398 54 431 76 434 131 431 187 419 247 379 293 340 293 340 323 297 323 297 343 267 361 243 378 224 378 224 400 176 418 136 418 136 432 109 436 97 444 82 451 63 451 63 477 -18 477 -18 490 -85 493 -100 499 -185 494 -264 439 -401 398 -425 334 -422 245 -410 174 -410 102 -428 39 -425 -10 -410 -93 -319 -117 -300 -163 -194 -181 -151 -196 -48 -200 6 -200 75 -192 151 -186 200 -152 498 -152 498 -205 187 -180 256 -173 270 -167 285 -155 319 -155 319 -152 331 -132 368 -123 375 -105 395 -105 395 -85 419 -78 431 9 487 
0 0 0 0 0 0 0 0 0 1 
440 433 440 433 497 496 -292 -45 -292 -45 -286 24 280 319 302 300 326 284 385 498 385 498 323 364 325 359 492 -64 496 -109 499 -158 479 -324 464 -372 440 -426 415 -407 -69 -198 -69 -198 -69 -198 -69 -198 -69 -198 -77 -158 -77 -152 -192 -107 -192 -107 -192 -107 -80 -147 -174 -80 -168 -61 -172 -40 -187 29 -194 64 -194 64 -195 77 -202 107 -205 123 -221 222 -279 191 -279 191 -289 -83 -288 -56 -273 248 -257 95 -233 152 -208 189 -191 208 -104 280 -44 304 -34 307 33 319 63 319 100 316 162 307 213 297 317 498 317 498 339 476 375 181 391 152 384 383 447 54 447 54 469 2 476 -9 500 -100 404 98 404 98 404 98 498 -309 334 -140 334 -140 
0 0 0 0 0 0 0 0 0 1 
-219 122 -217 148 -207 209 -174 320 -129 385 -101 425 -50 458 9 482 20 484 84 489 162 480 258 458 338 407 393 374 363 348 338 315 337 305 500 -47 500 -47 408 174 408 174 408 174 408 174 408 174 408 49 408 7 406 -80 406 -80 389 -96 355 -122 337 -138 331 -145 331 -145 329 -148 329 -148 271 -167 262 -171 177 -188 104 -188 9 -174 -41 -162 -80 -145 -161 -105 -275 -47 -273 -32 -337 28 -350 54 -262 72 -269 98 -282 160 -282 160 -282 160 -282 160 -282 160 -282 160 -284 181 -288 256 -284 317 -267 400 -228 468 -207 498 -207 498 -274 -18 -265 48 -248 155 -230 225 -176 359 -160 387 -105 466 -52 490 -40 496 17 500 93 493 184 451 264 387 
0 0 0 0 0 0 0 0 0 1 
-178 318 -178 318 -178 318 -160 349 -115 431 -89 460 -72 485 -66 494 -60 500 253 380 270 346 283 318 283 318 303 258 323 215 323 215 347 127 356 79 356 -227 353 -250 321 -338 500 -323 500 -323 500 -323 467 -409 420 -460 410 -463 410 -463 400 -465 387 -465 352 -468 326 -465 281 -460 166 -463 166 -463 152 -465 152 -465 127 -468 113 -471 10 -389 0 -363 -16 -306 -29 -244 -43 -147 -49 -45 -47 25 500 500 -45 16 -45 16 -41 143 -17 256 -5 294 4 324 19 356 -142 362 53 413 53 413 89 462 94 470 94 470 -75 451 -54 467 -11 494 38 500 106 481 123 459 227 337 397 367 397 367 415 332 428 308 265 254 270 237 274 221 458 243 
0 0 0 0 0 0 0 0 0 1 
