500 -185 500 -185 483 -185 457 -187 378 -203 349 -203 299 -187 282 -180 282 -180 245 -177 206 -157 174 -150 91 -80 39 -10 19 30 6 65 -38 192 -38 192 -36 238 -35 255 -35 255 -60 255 -65 263 -2 411 -2 411 -2 411 75 398 157 401 189 390 258 380 304 373 333 363 446 498 448 498 411 -87 345 -103 332 -106 294 -103 222 -83 170 -69 170 -69 154 -66 120 -55 95 -325 50 -311 -30 -214 -45 -154 -111 249 -107 -23 -107 -23 -107 -23 -114 392 35 339 35 339 -67 498 -67 498 100 413 233 461 308 459 336 457 425 436 467 429 500 424 500 -399 477 -404 393 -408 362 -404 323 -383 223 -360 223 -360 66 18 11 76 -9 106 -74 260 -77 267 
0 0 0 0 1 0 0 0 0 0 
499 -433 499 -433 412 -436 412 -436 315 -428 315 -428 315 -428 266 -401 144 -303 55 105 55 105 55 105 55 105 55 105 -12 -154 -16 -140 -16 -119 -22 -86 -36 219 -36 219 187 498 397 -155 341 -172 306 -176 269 -174 265 -174 250 -172 216 -162 203 -165 185 -158 146 -144 146 -144 109 -123 87 -107 36 -75 14 -66 -7 -327 -21 -323 -21 -323 -38 -286 -47 -252 -47 -252 -134 110 -134 110 -134 110 -134 110 -145 149 -148 165 -157 405 -157 405 -157 405 -135 110 -86 500 40 346 40 346 28 323 242 451 322 456 347 449 390 435 414 424 463 410 500 396 500 -298 500 -298 446 -308 404 -318 368 -316 357 -313 357 -313 309 -301 289 -296 289 -296 250 -283 250 -283 
0 0 0 0 1 0 0 0 0 0 
446 -454 446 -454 446 -454 376 -443 376 -443 376 -443 361 -440 244 -459 193 -435 163 -409 70 -341 41 -328 -17 -291 -34 -254 -98 -165 -100 -152 -110 -104 -116 26 -112 102 -110 123 64 412 64 412 470 498 499 490 499 490 500 -309 485 -314 450 -311 441 -309 430 -306 421 -306 379 -304 368 -301 368 -301 313 -301 251 -289 198 -279 164 -257 86 -200 71 -185 23 -148 -1 -108 -46 -39 -49 -24 -57 14 -65 123 -60 227 -58 242 -58 242 -80 240 -63 269 39 410 97 455 105 457 146 465 211 465 267 462 300 455 285 326 285 326 292 321 392 425 398 420 403 418 387 500 451 -172 451 -172 423 -172 416 -172 412 -172 387 -170 349 -167 339 -167 311 -167 275 -165 
0 0 0 0 1 0 0 0 0 0 
394 -133 394 -133 394 -133 337 -138 296 -133 265 -135 265 -135 236 -125 225 -123 219 -125 183 -108 111 -70 111 -70 46 -38 86 -171 86 -171 79 -167 16 -108 -20 -70 -45 -38 -80 26 -80 26 -126 94 -244 16 -244 16 -244 16 -129 256 -145 254 -107 358 -107 358 -107 358 -107 358 -107 358 -43 438 -20 452 36 481 93 498 101 498 243 496 322 479 359 469 384 464 431 455 470 455 500 455 499 -304 499 -304 467 -306 385 -306 385 -306 385 -306 345 -299 317 -294 278 -292 260 -285 234 -272 206 -263 120 -200 -24 -338 -72 36 -72 36 -91 55 -149 135 -163 154 -206 246 -207 256 -220 297 -140 132 -140 132 -140 132 -230 456 -223 500 -170 251 -170 251 -176 256 
0 0 0 0 1 0 0 0 0 0 
498 79 498 79 498 79 498 79 478 49 478 49 465 57 352 223 352 223 347 242 344 261 383 441 419 471 419 471 439 498 209 -376 164 -383 120 -380 101 -376 43 -357 15 -348 -32 -324 -67 -296 -74 -287 -109 -254 -115 -245 -6 -2 -6 -2 -13 -25 -175 -151 -180 -140 -189 -119 -22 -21 -34 -9 -68 67 -74 93 -74 93 -237 16 -238 25 -238 32 -239 42 -78 235 -77 271 -63 308 -206 219 -206 219 -201 233 -196 247 -35 357 -30 371 -30 371 -2 404 38 450 65 469 90 485 154 500 204 500 261 495 298 485 340 476 350 474 383 464 432 434 442 425 480 408 500 399 500 -312 500 -312 458 -312 403 -308 375 -305 298 -273 280 -264 216 -227 182 -204 
0 0 0 0 1 0 0 0 0 0 
440 -459 455 -459 495 -456 480 -454 446 -443 386 -424 335 -416 278 -403 227 -392 186 -387 177 -381 171 -370 155 -370 139 -370 104 -349 62 -330 41 -319 -27 -268 -27 -268 -42 -244 -45 -236 -53 -209 -104 -145 -123 -83 -144 24 -155 56 -148 190 -136 244 -91 341 -77 373 -65 395 -65 395 -10 451 47 481 85 489 123 494 170 499 203 489 256 491 314 489 395 473 420 451 468 440 495 400 500 387 451 -352 451 -352 390 -332 344 -327 288 -317 241 -312 219 -304 210 -302 189 -294 175 -294 175 -294 136 -269 107 -253 107 -253 25 -190 21 -180 16 -172 12 -159 12 -159 -41 -55 -52 -5 -67 53 -76 93 -72 236 -63 279 -17 385 -13 395 -8 403 -8 403 56 472 
0 0 0 0 1 0 0 0 0 0 
500 -361 193 500 291 -154 270 -151 270 -151 143 -420 143 -420 130 -422 31 -396 25 -385 -121 -263 -53 74 -106 154 -115 178 -116 186 -197 -69 -197 77 -196 93 -16 313 -16 313 -16 313 95 417 107 420 149 438 149 438 214 462 251 481 306 500 389 481 392 478 500 425 499 -355 362 -451 346 -457 314 -462 279 -455 220 -466 145 -170 145 -170 145 -170 138 -184 139 -186 152 -318 135 -307 41 -111 41 -111 -4 -148 -4 -148 -12 -141 -37 -125 -67 -72 -67 -72 -82 -13 -83 4 -82 91 -79 107 -79 107 -99 387 -79 398 -70 400 -98 161 -95 164 47 492 47 492 47 492 47 492 108 498 174 492 197 498 168 257 168 257 333 494 333 494 346 492 357 186 
0 0 0 0 1 0 0 0 0 0 
318 -385 240 -365 171 -328 123 -300 31 -218 10 -186 -43 -87 -70 -67 -104 -2 -132 48 -179 206 -184 269 -184 390 491 498 494 498 497 498 499 498 424 -276 331 -284 296 -268 249 -257 155 -206 135 -184 91 -115 53 -64 19 -10 0 21 -20 69 -70 214 -79 265 -84 378 -218 396 -216 404 -169 469 -121 474 -60 474 10 477 58 477 143 471 231 471 282 461 323 447 482 498 482 498 488 495 492 495 495 495 499 495 332 -87 332 -87 274 -94 233 -90 173 -71 109 -32 88 -6 36 36 0 96 -29 136 -47 177 -75 226 -105 325 -118 399 -118 478 -79 325 -79 325 -48 378 5 390 55 392 114 390 165 390 246 387 319 381 380 374 436 362 500 498 
0 0 0 0 1 0 0 0 0 0 
500 385 500 385 500 385 500 385 382 497 279 -473 239 -470 232 -465 123 -440 72 -397 55 -379 24 -352 -62 -247 -62 -247 -66 -233 -72 -225 46 94 10 169 -10 204 -148 -61 -18 166 -18 166 -21 172 -31 247 -26 314 11 454 494 499 494 499 500 499 500 -362 328 -473 328 -473 383 -418 383 -418 325 -387 257 -347 226 -329 184 -292 184 -292 136 -241 136 -241 136 -241 136 -241 -121 -193 -121 -193 -143 -105 -60 294 -177 -35 -189 2 -197 42 -200 120 -197 163 -151 307 21 413 32 423 74 455 117 483 161 493 194 498 259 493 302 481 343 468 379 455 436 440 468 438 474 435 340 377 345 377 349 377 447 -177 447 -177 458 -400 446 -410 300 -198 300 -198 
0 0 0 0 1 0 0 0 0 0 
500 -466 444 -457 323 -422 272 -384 188 -327 111 -273 110 -257 26 -159 -10 -92 -45 -18 -50 8 -57 121 -50 222 174 384 225 460 253 487 265 498 491 -376 424 -389 372 -378 304 -353 237 -324 165 -273 112 -221 103 -211 46 -113 24 -46 6 7 -1 59 -6 177 1 252 1 252 27 342 27 342 -75 363 -54 391 -49 399 98 451 105 456 133 476 199 497 233 500 262 492 325 484 386 471 428 466 464 461 500 461 450 -166 450 -166 387 -175 339 -173 283 -161 191 -96 160 -80 75 -4 74 -2 43 24 12 105 1 161 -4 191 -8 276 4 379 5 377 -100 231 -100 233 67 498 67 498 67 498 -51 287 -51 287 -4 314 39 325 94 332 114 332 
0 0 0 0 1 0 0 0 0 0 
498 497 500 326 500 326 479 331 481 310 307 410 307 410 307 410 288 415 292 373 290 363 288 357 275 347 230 342 153 447 141 489 134 500 354 -435 354 -435 339 -417 302 -393 240 -323 238 -310 238 -310 191 -301 158 -286 119 -292 110 -298 61 -292 34 -286 -7 -283 -40 -271 -48 -262 -80 -204 -93 -167 -95 -128 -95 -103 -98 57 -49 243 -49 243 -49 243 18 378 18 378 93 454 143 487 203 490 268 493 336 493 398 500 459 490 487 481 500 439 353 -236 336 -211 318 -199 246 -159 236 -154 174 -117 168 -119 161 -122 132 -122 -69 -42 -69 -42 -69 -42 -82 -37 -109 -24 -22 -87 -196 64 -196 64 -196 64 -67 12 -64 149 -57 179 -45 234 -41 249 
0 0 0 0 1 0 0 0 0 0 
498 500 498 500 298 -465 238 -185 238 -185 173 -176 146 -176 82 -172 29 -174 -36 -168 -95 -159 -114 -150 -114 -150 -167 -115 -208 -63 -215 -52 -219 -43 -222 -32 -226 -15 -226 -8 -228 -2 -229 28 -229 78 -225 155 -208 213 -192 242 -192 242 -181 259 -177 264 -176 292 -176 325 -55 281 -118 454 -118 454 -118 454 -82 469 -63 491 -6 486 5 500 161 349 184 349 210 338 317 301 390 281 412 283 422 279 439 268 448 264 458 257 492 220 496 216 500 213 497 -281 475 -279 393 -277 345 -279 306 -281 217 -281 166 -281 59 -279 39 -277 -113 -355 -113 -355 -135 -238 -135 -238 -135 -238 -135 -238 -137 -206 -131 -95 -131 -82 -131 -82 -46 119 -46 119 -46 119 -46 119 
0 0 0 0 1 0 0 0 0 0 
500 -161 448 -151 435 -168 323 -116 278 -99 278 -99 179 -59 134 -42 70 -12 -13 37 -46 54 -103 86 -114 89 -205 176 -205 176 -214 260 -212 362 -136 486 -105 498 128 382 198 436 226 451 307 476 365 478 365 -448 365 -448 288 -436 239 -441 207 -438 152 -411 127 -393 111 -353 49 -335 1 -323 -60 -280 -76 -240 -151 -203 -190 -132 -190 -132 -199 -122 -207 -107 -232 -12 -226 55 -223 72 -208 112 -146 208 -119 233 -119 233 -108 245 -1 390 -1 390 12 360 50 353 111 353 229 498 303 498 326 498 383 491 432 488 482 473 500 438 459 -323 459 -323 422 -301 367 -284 301 -268 279 -264 233 -251 207 -240 156 -211 112 -191 86 -180 26 -162 -23 -127 -87 -92 
0 0 0 0 1 0 0 0 0 0 
500 -180 500 -180 468 -198 457 -204 447 -207 412 -224 371 -242 218 -263 147 -254 125 -245 74 -215 44 -192 2 -156 -11 -136 -49 -50 -62 -2 -69 41 -74 142 -70 224 -38 340 -5 402 19 431 19 431 110 497 179 500 220 497 176 476 176 476 175 476 238 461 292 452 320 452 324 452 484 464 484 464 445 -12 432 -19 425 -22 399 -29 362 -37 327 -42 150 -42 102 -37 72 -34 39 -24 -22 32 -44 59 -56 74 -78 139 -86 179 -93 246 -93 335 -85 378 -36 485 -5 499 17 482 -88 286 -44 308 52 323 92 320 330 325 330 325 332 325 403 313 453 308 499 452 492 305 316 -354 316 -354 316 -354 296 -359 231 -372 73 -377 -4 -363 -14 -363 
0 0 0 0 1 0 0 0 0 0 
500 498 500 -251 432 -279 403 -290 362 -290 265 -287 243 -282 175 -254 157 -243 92 -206 35 -150 4 -100 -19 -41 -45 50 -54 139 -45 290 -30 340 -53 399 27 441 27 441 27 441 27 441 27 441 93 488 142 500 299 494 375 488 443 486 487 486 369 -398 321 -409 264 -412 235 -406 136 -395 115 -387 52 -364 47 -350 -52 -303 -112 -236 -146 -181 -157 -114 -198 -5 -207 77 -173 270 -166 295 -157 323 -48 395 -48 395 -70 401 -77 403 -79 406 -47 428 15 445 165 498 233 493 244 493 164 437 243 437 400 484 431 484 314 437 484 484 488 481 340 440 499 481 499 481 439 -87 439 -87 387 -100 339 -106 305 -108 239 -106 181 -100 129 -91 118 -91 
0 0 0 0 1 0 0 0 0 0 
