-262 -172 -262 -145 -253 48 -241 148 -209 299 -202 332 -193 377 -155 465 -138 498 490 132 500 -223 496 -244 -119 -229 -135 -170 -136 -122 -124 50 -123 81 -104 218 -97 267 -67 358 -57 381 -45 407 -185 351 -174 374 -130 424 -78 470 -66 475 -19 496 9 498 48 486 127 447 145 437 184 384 237 297 260 279 284 226 305 175 345 68 494 96 360 -22 370 -129 366 -188 499 -188 498 -206 355 -323 355 -330 345 -419 469 -381 -122 -252 -184 -41 -185 -16 -185 43 -173 219 -171 245 -139 416 -134 423 -114 493 -114 493 -87 500 -34 344 -29 354 19 409 60 439 85 451 114 460 148 465 190 458 256 428 279 405 332 351 375 284 393 266 412 233 451 159 479 69 
0 0 0 0 0 0 0 1 0 0 
499 489 -286 -460 -284 -352 -284 -280 -283 -186 -260 9 -249 48 -239 117 -225 204 -184 301 -176 328 -110 454 -69 500 311 259 373 -105 376 -132 372 -358 499 -358 499 -358 -168 -175 -168 -175 -163 -104 -161 -31 -156 8 -132 144 -124 177 -109 235 -95 284 -62 360 -47 386 35 497 58 500 94 280 113 291 132 302 159 317 191 328 221 337 271 337 327 311 364 268 407 204 443 117 446 295 464 48 473 13 480 -33 497 -126 499 11 499 11 499 -11 496 -208 495 -204 495 -213 497 -431 497 -431 -124 -385 -124 -385 -126 -292 -126 -226 -124 -142 -110 -13 -107 8 -91 101 -68 191 -49 240 -30 286 38 407 63 431 -52 426 -32 442 -2 464 9 475 46 489 69 497 
0 0 0 0 0 0 0 1 0 0 
-180 -147 -180 -147 -194 28 -187 210 -183 238 -175 291 -160 350 -140 317 -126 329 -187 365 -213 389 -177 431 -172 439 -118 467 -68 486 -45 494 -12 496 48 498 111 484 245 422 231 417 228 412 252 384 260 372 277 343 313 298 326 276 347 202 375 124 388 90 397 45 401 -28 401 -112 398 -221 373 -317 358 -369 353 -396 353 -396 499 -233 496 -236 -287 323 -109 428 -104 431 -96 433 -58 456 -34 483 291 483 327 448 397 498 397 498 397 498 397 498 457 413 493 298 494 278 497 240 500 145 500 42 493 -72 487 -120 478 -197 471 -218 -166 -321 -186 -162 -186 -2 -181 22 -172 104 -158 147 -150 409 -142 429 -130 457 -109 500 -64 488 -64 488 6 420 
0 0 0 0 0 0 0 1 0 0 
-40 225 499 500 -242 -147 -242 -147 -242 -147 -174 -311 -174 -311 -273 -40 -276 -24 -272 51 -272 51 -272 51 -167 134 -188 153 -193 166 -195 172 -185 193 -149 290 -88 379 -38 427 -33 430 26 465 80 489 128 499 164 499 210 481 392 473 392 473 392 473 392 473 392 473 392 473 474 266 474 255 492 129 499 83 435 -2 441 -99 455 -150 365 -236 468 -209 470 -215 470 -258 -163 -316 -155 -271 -150 -248 -155 121 -155 121 -155 121 -114 187 -114 187 -114 187 -114 187 -94 211 -22 327 32 395 88 440 110 453 161 472 190 480 241 496 300 498 366 477 234 461 340 448 327 422 324 411 324 398 326 393 374 261 377 237 389 126 467 -13 499 -189 -343 -261 
0 0 0 0 0 0 0 1 0 0 
497 500 -399 -286 -399 -286 -288 -155 -295 -116 -229 -45 -229 -45 -229 -45 -229 -45 -229 -45 -226 -25 -203 81 -201 118 -201 118 -266 228 -261 241 -258 250 -210 316 -171 362 -152 381 -81 433 -23 476 30 493 90 500 150 500 182 491 229 480 285 422 317 385 330 353 359 318 390 254 431 161 441 140 460 58 472 -40 500 -131 492 -161 488 -204 485 -237 485 -237 479 -318 475 -353 466 -390 -248 -336 -248 -336 -239 -256 -235 -217 -235 -217 -227 -172 -207 -94 -198 -73 -189 -36 -193 206 -180 239 -156 278 -117 357 -94 381 -94 381 -36 446 25 493 86 497 142 489 209 493 240 497 251 500 293 471 334 420 363 379 375 355 405 299 432 215 447 181 471 96 488 4 
0 0 0 0 0 0 0 1 0 0 
496 498 -211 -253 -325 -274 -329 -243 -336 -163 -338 -127 -338 -60 -338 -60 -338 -38 -338 -19 -335 19 -328 57 -328 57 -189 127 -158 202 -154 214 -115 281 -89 337 -38 378 -2 404 31 445 114 489 135 493 179 498 253 493 319 450 360 409 416 308 423 289 445 204 476 103 489 38 495 -14 499 -106 499 -163 496 -224 496 -224 492 -293 490 -303 -175 -233 -175 -233 -175 -233 -175 -233 -175 -233 -162 -168 -136 -108 -245 165 -245 165 -245 165 -188 271 -167 314 -102 377 -50 413 -27 435 86 485 104 492 147 500 247 487 308 451 339 415 408 322 419 278 435 204 482 98 491 40 497 -40 499 -103 499 -168 497 -237 -206 -171 -210 -130 -215 -50 -218 47 -218 105 -218 133 
0 0 0 0 0 0 0 1 0 0 
-124 -286 -134 -252 -152 -93 -153 -28 -146 72 -128 195 -101 307 -96 333 -66 419 -44 466 379 500 398 473 398 473 404 460 422 427 472 260 475 247 485 179 490 117 499 -26 497 -114 496 -161 490 -270 488 -369 -281 -312 -289 -289 -318 -166 -319 -104 -310 -11 -275 88 -258 218 -254 232 -201 328 -198 346 -31 357 -11 389 14 428 62 473 134 498 195 485 224 471 257 455 307 437 349 419 260 375 260 375 264 364 269 355 273 343 328 207 334 177 340 150 346 91 351 -38 351 -129 351 -129 342 -261 340 -337 499 -398 -129 -320 -158 -57 -158 -57 -181 57 -180 143 -171 196 -149 300 -114 419 -103 454 -90 483 -78 479 -194 342 -194 342 -148 415 -95 465 -36 498 
0 0 0 0 0 0 0 1 0 0 
499 498 -278 -269 -280 -201 -276 -57 -273 44 -263 101 -217 168 -211 192 -203 214 -12 303 -12 303 -12 303 -12 303 -12 303 55 355 100 377 143 391 191 399 260 382 260 382 294 366 369 322 298 344 436 498 436 498 487 261 497 115 499 74 -111 -304 -129 -225 -136 -173 -141 -46 -126 74 -115 131 -87 186 -69 228 -59 244 -59 244 -99 260 -115 271 -122 280 -122 280 -124 285 -81 335 -21 359 17 373 64 381 159 365 159 365 172 357 308 357 310 357 181 348 366 321 263 285 263 282 430 500 443 129 443 129 443 129 443 129 457 19 485 260 485 260 490 184 493 140 406 -230 389 -258 499 54 -180 -70 -180 -70 -184 -6 -189 46 -181 165 -160 247 
0 0 0 0 0 0 0 1 0 0 
-195 -62 -300 -363 -300 -339 -296 -251 -295 -181 -291 -90 -267 55 -240 136 -235 174 -228 203 -195 263 -190 275 -184 289 -180 301 -180 301 -176 313 -134 368 -83 425 -66 442 -53 456 2 488 45 500 79 500 119 485 158 471 206 416 240 380 301 296 347 208 357 184 365 155 378 86 406 -23 405 -100 394 -208 386 -263 380 -342 377 -385 376 -404 376 -423 376 -437 376 -442 376 -447 380 -459 488 -272 488 -272 500 -444 498 -447 -164 -269 -164 -244 -163 -136 -159 -45 -151 36 -132 215 -110 312 -98 363 -75 437 -57 474 -46 500 -46 500 500 -295 498 -312 497 -332 494 -372 494 -372 494 -392 490 -423 -170 -321 -204 -95 -196 -55 -191 -15 -183 75 -171 161 -140 286 -125 350 
0 0 0 0 0 0 0 1 0 0 
500 497 -81 -49 -66 163 -63 172 -60 233 -51 320 -12 498 -12 498 9 258 -9 258 -69 270 -96 292 -107 310 -81 409 -64 458 -60 489 476 313 476 313 478 292 481 270 496 -338 496 -366 497 -390 497 -440 499 -443 499 -446 -108 -351 -108 -351 -108 -351 -104 -176 -102 -158 -99 -123 -91 -40 -89 -18 -73 69 -73 69 -73 69 -61 128 -43 227 -43 227 -41 235 -40 238 -27 289 -9 345 9 391 9 391 52 455 83 479 125 493 220 498 277 490 311 482 372 439 399 404 441 327 466 254 475 217 475 217 480 187 480 187 484 171 486 150 487 128 495 58 499 -13 499 -131 498 -246 496 -313 498 -335 498 -335 496 -359 498 -383 498 -402 498 -428 498 -434 
0 0 0 0 0 0 0 1 0 0 
500 500 -169 -345 -303 -321 -301 -294 -295 -195 -294 -84 -290 77 -288 113 -260 184 -246 208 -238 254 -232 305 -226 337 -183 376 -173 412 -136 430 -125 441 19 410 23 412 -54 472 0 498 52 490 147 443 165 425 181 410 226 368 238 352 371 472 431 219 431 219 431 219 458 139 478 62 490 -6 496 -88 499 -184 495 -286 490 -328 485 -396 481 -432 482 -226 482 -226 -174 -320 -174 -320 -180 -160 -178 -23 -161 157 -158 175 -137 276 -130 312 -116 385 -105 421 319 431 387 387 414 475 430 498 442 465 450 447 478 354 487 320 500 162 500 113 489 -56 483 -100 473 -162 -177 -97 -177 -97 -180 24 -175 180 -160 303 -155 314 -129 407 -124 416 -111 493 -104 500 
0 0 0 0 0 0 0 1 0 0 
-187 -388 -179 -297 -175 -163 -175 -109 -171 21 -163 126 -150 225 -140 289 -111 426 -90 469 368 498 376 493 416 447 416 447 416 447 416 447 488 262 491 243 494 203 499 -93 496 -155 492 -276 491 -343 490 -412 -186 -162 -186 -162 -179 -92 -174 2 -173 67 -169 177 -158 263 -141 340 -123 412 -110 488 -86 500 -86 315 -54 355 7 414 15 418 45 432 65 441 115 457 190 459 233 445 312 403 356 355 403 500 403 500 352 326 346 322 340 317 340 317 374 193 376 177 379 119 380 -117 380 -166 378 -268 378 -319 376 -349 499 -443 -326 -373 -326 -373 -310 -304 -304 -200 -302 -139 -297 -30 -294 41 -291 134 -284 203 -239 295 -214 348 -214 348 -184 381 -133 443 
0 0 0 0 0 0 0 1 0 0 
499 498 -126 -367 -250 -348 -268 -325 -278 -295 -286 -235 -289 -145 -286 -94 -281 -4 -226 105 -228 116 -227 174 -227 218 -186 290 -177 308 -123 370 -94 385 -59 409 -11 449 3 469 51 471 51 471 111 482 167 486 173 486 227 451 244 427 426 497 432 499 457 427 457 427 464 414 472 398 478 343 478 343 482 330 371 99 371 99 493 -4 493 -4 493 -4 493 -4 494 -26 500 -174 500 -229 500 -303 498 -383 496 -440 492 -453 490 -453 -137 -337 -137 -337 -158 -280 -166 -215 -165 -95 -161 -32 -151 70 -144 136 -131 223 -120 313 -111 359 -88 425 -71 460 -44 490 384 498 395 457 404 430 408 422 411 405 411 405 346 288 439 286 439 286 481 332 481 332 
0 0 0 0 0 0 0 1 0 0 
-156 -100 -286 -69 -286 -69 -276 69 -273 107 -217 255 -120 -7 -120 -7 -120 -7 -120 -7 -120 -7 -96 62 -90 74 -40 167 -40 167 -23 184 41 265 55 282 81 272 81 272 89 275 124 277 194 287 227 277 266 272 245 500 245 500 290 468 400 179 405 162 365 351 365 351 365 351 473 -26 476 -64 479 -78 484 -148 487 -246 481 -346 481 -380 500 -334 -189 -332 -166 -94 -166 -72 -151 55 -143 94 -107 235 -226 266 -223 274 -223 281 -222 293 -222 300 -217 332 -71 337 -43 373 -37 381 -1 419 43 456 52 463 97 483 97 483 107 485 141 495 181 499 237 499 275 492 313 470 313 230 313 230 400 405 415 388 408 97 408 97 413 92 483 196 
0 0 0 0 0 0 0 1 0 0 
36 -187 33 -157 31 -99 36 24 48 127 69 209 85 265 123 361 153 406 171 422 191 444 343 500 369 475 376 464 469 262 476 220 479 201 497 5 499 -22 497 -157 497 -212 492 -342 492 -425 -102 2 -102 2 -102 60 -81 191 -65 268 -43 320 -25 366 -1 384 40 202 50 500 50 500 50 500 110 275 120 284 35 300 52 315 101 328 157 331 181 326 388 313 388 313 398 304 264 244 270 233 319 144 485 102 485 102 492 71 348 -53 500 48 500 48 495 31 489 -33 482 -137 477 -160 476 -162 -48 -247 -227 -285 -231 -258 -233 -206 -222 -89 -211 -2 -196 67 -165 121 -143 177 -134 197 -104 224 -96 231 -82 244 85 498 98 494 164 323 
0 0 0 0 0 0 0 1 0 0 
