473 500 481 471 486 444 500 326 497 209 497 134 494 52 492 -69 494 -189 494 -237 497 -326 497 -413 497 -437 497 -437 498 500 498 463 498 419 491 325 488 217 484 146 478 84 478 -52 481 -162 478 -233 481 -293 478 -405 474 -444 471 -456 499 500 495 474 491 440 477 372 473 317 464 212 456 125 452 68 444 -59 452 -171 450 -212 452 -294 460 -385 468 -429 473 -445 0 0 0 0 0 0 0 0 0 0 0 0 0 0 0 0 0 0 0 0 0 0 0 0 0 0 0 0 0 0 0 0 0 0 0 0 0 0 0 0 0 0 0 0 0 0 0 0 0 0 0 0 0 0 0 0 0 0 0 0 0 0 0 0 
0 0 0 1 0 0 0 0 0 0 
467 498 467 498 496 234 500 119 500 19 500 -32 500 -127 498 -256 496 -331 291 -461 291 -461 291 -461 300 498 302 464 302 464 366 193 368 87 372 -4 372 -55 368 -158 366 -280 364 -319 495 -480 495 -480 499 -482 314 -464 495 500 495 500 481 456 481 446 487 305 496 150 500 6 500 6 498 -125 496 -219 492 -344 492 -344 490 -368 490 -388 490 -388 498 -437 0 0 0 0 0 0 0 0 0 0 0 0 0 0 0 0 0 0 0 0 0 0 0 0 0 0 0 0 0 0 0 0 0 0 0 0 0 0 0 0 0 0 0 0 0 0 0 0 0 0 0 0 0 0 0 0 0 0 0 0 0 0 0 0 0 0 
0 0 0 1 0 0 0 0 0 0 
498 500 498 500 498 500 496 472 488 400 477 139 475 15 482 -75 490 -293 484 -430 434 500 450 413 455 381 465 339 470 293 480 241 488 184 498 41 493 -68 491 -110 460 -305 450 -416 450 -435 450 -435 459 499 459 499 459 426 462 361 476 282 487 204 488 189 493 148 499 -17 497 -116 488 -212 471 -348 462 -429 459 -441 459 -441 141 -434 141 -434 0 0 0 0 0 0 0 0 0 0 0 0 0 0 0 0 0 0 0 0 0 0 0 0 0 0 0 0 0 0 0 0 0 0 0 0 0 0 0 0 0 0 0 0 0 0 0 0 0 0 0 0 0 0 0 0 0 0 0 0 0 0 0 0 0 0 0 0 
0 0 0 1 0 0 0 0 0 0 
491 500 497 376 500 274 497 155 495 116 489 -18 474 -106 487 -218 487 -265 472 -420 474 -446 439 498 493 368 498 256 493 164 495 123 493 -22 460 -96 477 -233 466 -281 452 -400 447 -434 499 498 499 498 499 391 497 267 492 178 483 121 475 -6 472 -66 475 -201 475 -242 477 -350 485 -423 489 -432 0 0 0 0 0 0 0 0 0 0 0 0 0 0 0 0 0 0 0 0 0 0 0 0 0 0 0 0 0 0 0 0 0 0 0 0 0 0 0 0 0 0 0 0 0 0 0 0 0 0 0 0 0 0 0 0 0 0 0 0 0 0 0 0 0 0 0 0 0 0 0 0 0 0 0 0 0 0 0 0 
0 0 0 1 0 0 0 0 0 0 
411 498 476 365 485 329 497 259 500 107 494 -33 497 -77 491 -272 488 -395 497 -449 466 500 466 500 482 360 491 283 497 216 499 90 495 -45 497 -125 493 -315 482 -374 484 -422 499 422 305 498 305 498 309 370 339 316 352 232 317 113 307 4 305 -66 302 -241 303 -345 311 -437 311 -437 311 -437 0 0 0 0 0 0 0 0 0 0 0 0 0 0 0 0 0 0 0 0 0 0 0 0 0 0 0 0 0 0 0 0 0 0 0 0 0 0 0 0 0 0 0 0 0 0 0 0 0 0 0 0 0 0 0 0 0 0 0 0 0 0 0 0 0 0 0 0 0 0 0 0 0 0 0 0 0 0 0 0 
0 0 0 1 0 0 0 0 0 0 
482 498 480 419 470 315 461 190 465 91 477 -25 484 -145 491 -241 494 -422 496 -437 498 -455 500 500 500 500 485 404 475 330 462 198 459 154 455 58 455 -95 459 -154 475 -345 477 -360 492 -426 496 -438 500 462 35 500 35 500 44 429 46 358 42 212 42 169 44 77 48 -63 51 -132 66 -323 66 -339 66 -426 64 -441 498 -445 498 -445 0 0 0 0 0 0 0 0 0 0 0 0 0 0 0 0 0 0 0 0 0 0 0 0 0 0 0 0 0 0 0 0 0 0 0 0 0 0 0 0 0 0 0 0 0 0 0 0 0 0 0 0 0 0 0 0 0 0 0 0 0 0 0 0 0 0 0 0 0 0 
0 0 0 1 0 0 0 0 0 0 
169 498 169 498 168 338 166 228 157 68 150 -5 142 -170 133 -369 137 -446 137 -446 137 -446 137 -446 499 -438 499 -438 499 498 499 498 468 326 461 229 458 77 455 -36 450 -166 439 -332 436 -401 434 -437 434 -437 434 -437 500 500 489 324 491 202 487 43 489 -21 479 -189 477 -378 439 -454 439 -454 0 0 0 0 0 0 0 0 0 0 0 0 0 0 0 0 0 0 0 0 0 0 0 0 0 0 0 0 0 0 0 0 0 0 0 0 0 0 0 0 0 0 0 0 0 0 0 0 0 0 0 0 0 0 0 0 0 0 0 0 0 0 0 0 0 0 0 0 0 0 0 0 0 0 0 0 0 0 0 0 
0 0 0 1 0 0 0 0 0 0 
488 498 497 358 499 276 499 142 499 19 482 -118 459 -246 459 -309 470 -409 461 -445 458 499 462 469 474 341 483 259 498 154 480 4 476 -64 474 -148 471 -274 471 -311 462 -454 500 498 500 498 500 465 498 359 496 269 495 134 487 13 481 -80 475 -161 472 -256 475 -348 477 -379 492 -429 0 0 0 0 0 0 0 0 0 0 0 0 0 0 0 0 0 0 0 0 0 0 0 0 0 0 0 0 0 0 0 0 0 0 0 0 0 0 0 0 0 0 0 0 0 0 0 0 0 0 0 0 0 0 0 0 0 0 0 0 0 0 0 0 0 0 0 0 0 0 0 0 0 0 0 0 0 0 0 0 0 0 
0 0 0 1 0 0 0 0 0 0 
499 473 117 499 117 499 125 388 125 317 122 225 119 131 117 33 114 -89 109 -167 107 -269 106 -308 99 -439 269 -453 269 -453 499 498 499 498 489 371 482 271 477 187 476 114 471 -27 468 -117 463 -209 453 -301 450 -336 433 -441 499 498 469 337 465 266 450 178 444 90 432 7 428 -92 426 -156 424 -299 424 -313 420 -437 0 0 0 0 0 0 0 0 0 0 0 0 0 0 0 0 0 0 0 0 0 0 0 0 0 0 0 0 0 0 0 0 0 0 0 0 0 0 0 0 0 0 0 0 0 0 0 0 0 0 0 0 0 0 0 0 0 0 0 0 0 0 0 0 0 0 0 0 0 0 0 0 0 0 
0 0 0 1 0 0 0 0 0 0 
400 500 413 454 446 352 461 265 478 118 484 31 490 -41 494 -106 498 -251 498 -275 498 -437 498 -449 349 498 367 449 396 356 407 288 447 137 473 51 486 -20 492 -74 497 -185 500 -237 492 -397 484 -458 484 -458 484 -458 406 500 406 500 413 454 429 339 434 302 441 165 453 77 464 4 466 -52 476 -229 476 -229 479 -362 485 -417 489 -431 499 -451 499 -451 0 0 0 0 0 0 0 0 0 0 0 0 0 0 0 0 0 0 0 0 0 0 0 0 0 0 0 0 0 0 0 0 0 0 0 0 0 0 0 0 0 0 0 0 0 0 0 0 0 0 0 0 0 0 0 0 0 0 0 0 0 0 0 0 0 0 
0 0 0 1 0 0 0 0 0 0 
231 500 231 500 246 421 253 368 259 266 263 203 268 142 272 78 272 -83 268 -243 268 -263 270 -434 272 -449 500 -451 500 -451 498 498 496 429 496 366 492 260 490 201 488 137 486 73 484 -83 486 -240 484 -260 480 -427 480 -454 481 500 481 419 481 354 486 231 490 166 493 104 495 33 499 -135 493 -294 492 -312 483 -429 0 0 0 0 0 0 0 0 0 0 0 0 0 0 0 0 0 0 0 0 0 0 0 0 0 0 0 0 0 0 0 0 0 0 0 0 0 0 0 0 0 0 0 0 0 0 0 0 0 0 0 0 0 0 0 0 0 0 0 0 0 0 0 0 0 0 0 0 0 0 0 0 0 0 
0 0 0 1 0 0 0 0 0 0 
499 484 121 500 121 500 141 371 145 304 152 180 154 113 156 -48 156 -146 152 -273 150 -332 158 -438 158 -438 370 -394 370 -394 429 500 433 458 494 334 498 288 496 214 494 118 494 -29 496 -123 496 -243 494 -300 488 -399 488 -399 459 500 468 437 486 290 490 251 493 123 495 75 499 -138 499 -188 495 -340 495 -340 493 -421 0 0 0 0 0 0 0 0 0 0 0 0 0 0 0 0 0 0 0 0 0 0 0 0 0 0 0 0 0 0 0 0 0 0 0 0 0 0 0 0 0 0 0 0 0 0 0 0 0 0 0 0 0 0 0 0 0 0 0 0 0 0 0 0 0 0 0 0 0 0 0 0 0 0 
0 0 0 1 0 0 0 0 0 0 
499 498 175 489 175 489 186 337 188 225 186 185 186 68 182 21 182 2 177 -47 177 -47 173 -90 173 -106 165 -211 159 -280 154 -353 156 -444 472 -434 472 -434 342 494 499 498 479 301 486 199 493 163 330 -2 330 -2 330 -2 330 -2 330 -2 330 -30 333 -123 339 -223 340 -308 342 -363 472 -434 499 498 481 11 481 -4 483 -23 483 -23 485 -47 486 -71 485 -140 483 -230 483 -289 479 -349 0 0 0 0 0 0 0 0 0 0 0 0 0 0 0 0 0 0 0 0 0 0 0 0 0 0 0 0 0 0 0 0 0 0 0 0 0 0 0 0 0 0 0 0 0 0 0 0 0 0 0 0 0 0 0 0 0 0 
0 0 0 1 0 0 0 0 0 0 
358 498 358 498 347 425 334 351 324 267 315 166 309 81 294 -108 287 -196 262 -414 262 -414 498 -392 481 -378 499 498 493 439 482 368 462 257 455 162 447 84 442 -97 436 -173 420 -336 420 -357 0 0 0 0 0 0 0 0 0 0 0 0 0 0 0 0 0 0 0 0 0 0 0 0 0 0 0 0 0 0 0 0 0 0 0 0 0 0 0 0 0 0 0 0 0 0 0 0 0 0 0 0 0 0 0 0 0 0 0 0 0 0 0 0 0 0 0 0 0 0 0 0 0 0 0 0 0 0 0 0 0 0 0 0 0 0 0 0 0 0 0 0 0 0 0 0 0 0 0 0 0 0 0 0 
0 0 0 1 0 0 0 0 0 0 
485 498 487 477 487 439 487 417 487 400 493 366 490 349 493 283 495 228 495 151 498 38 487 -78 482 -142 477 -247 469 -309 445 -368 497 500 497 500 497 500 497 500 497 476 500 375 491 273 493 180 491 71 487 -119 485 -191 489 -324 487 -396 500 500 500 500 496 457 494 436 494 398 493 380 493 346 493 280 493 219 493 131 487 22 477 -128 474 -167 468 -285 470 -348 480 -434 0 0 0 0 0 0 0 0 0 0 0 0 0 0 0 0 0 0 0 0 0 0 0 0 0 0 0 0 0 0 0 0 0 0 0 0 0 0 0 0 0 0 0 0 0 0 0 0 0 0 0 0 0 0 0 0 0 0 0 0 
0 0 0 1 0 0 0 0 0 0 
