485 -361 485 -361 490 -246 493 -175 490 -57 493 26 493 137 493 219 496 325 498 405 496 452 496 498 496 498 499 -364 499 -364 499 -236 499 -166 493 -45 491 40 491 153 487 231 483 335 485 412 483 461 477 500 447 -357 485 -248 492 -167 496 -45 496 39 496 148 496 209 496 355 500 422 500 474 500 498 0 0 0 0 0 0 0 0 0 0 0 0 0 0 0 0 0 0 0 0 0 0 0 0 0 0 0 0 0 0 0 0 0 0 0 0 0 0 0 0 0 0 0 0 0 0 0 0 0 0 0 0 0 0 0 0 0 0 0 0 0 0 0 0 0 0 0 0 0 0 0 0 0 0 0 0 0 0 
0 0 1 0 0 0 0 0 0 0 
302 -360 91 -336 107 -304 111 -287 120 -227 128 -150 137 -17 137 -17 134 139 134 268 128 349 122 476 312 459 312 474 312 489 500 499 500 499 500 -364 293 -360 295 -339 295 -330 301 -253 304 -173 310 -45 310 -45 310 118 308 227 306 334 303 439 494 461 492 484 488 499 474 -351 476 -330 477 -318 487 -238 498 -108 500 -44 498 11 498 132 490 261 483 379 476 500 0 0 0 0 0 0 0 0 0 0 0 0 0 0 0 0 0 0 0 0 0 0 0 0 0 0 0 0 0 0 0 0 0 0 0 0 0 0 0 0 0 0 0 0 0 0 0 0 0 0 0 0 0 0 0 0 0 0 0 0 0 0 0 0 
0 0 1 0 0 0 0 0 0 0 
483 -393 487 -319 491 -247 499 -186 495 -113 489 -45 491 54 487 143 487 221 491 295 485 417 493 500 319 -382 323 -300 326 -223 328 -184 330 -113 328 -6 326 76 326 143 326 245 326 336 328 458 328 489 500 500 500 -391 500 -391 493 -307 493 -245 492 -182 489 -122 484 -27 482 51 479 131 474 232 473 292 474 393 460 494 460 494 459 498 0 0 0 0 0 0 0 0 0 0 0 0 0 0 0 0 0 0 0 0 0 0 0 0 0 0 0 0 0 0 0 0 0 0 0 0 0 0 0 0 0 0 0 0 0 0 0 0 0 0 0 0 0 0 0 0 0 0 0 0 0 0 0 0 0 0 0 0 0 0 
0 0 1 0 0 0 0 0 0 0 
385 -354 436 -269 468 -195 471 -89 468 -21 477 78 477 154 480 213 489 289 489 365 489 482 498 500 410 -364 459 -292 477 -213 482 -106 480 -50 484 58 484 137 489 196 489 272 491 349 496 458 498 500 498 500 475 -362 475 -362 479 -290 489 -190 489 -114 493 -30 495 43 495 125 495 184 495 258 499 334 499 444 495 490 495 490 493 498 0 0 0 0 0 0 0 0 0 0 0 0 0 0 0 0 0 0 0 0 0 0 0 0 0 0 0 0 0 0 0 0 0 0 0 0 0 0 0 0 0 0 0 0 0 0 0 0 0 0 0 0 0 0 0 0 0 0 0 0 0 0 0 0 0 0 0 0 0 0 
0 0 1 0 0 0 0 0 0 0 
79 -311 79 -311 85 -277 100 -155 109 -40 109 -2 115 97 118 186 124 346 124 384 136 500 498 491 498 491 498 499 456 -336 217 -353 217 -353 456 -336 214 -331 214 -331 224 -220 231 -113 231 -77 234 19 239 107 239 250 241 286 241 306 500 475 497 490 495 498 495 498 456 -331 456 -331 -34 -313 456 -331 456 -302 465 -197 470 -89 465 -52 468 46 473 127 465 276 468 311 500 500 12 486 14 500 302 478 0 0 0 0 0 0 0 0 0 0 0 0 0 0 0 0 0 0 0 0 0 0 0 0 0 0 0 0 0 0 0 0 0 0 0 0 0 0 0 0 0 0 0 0 0 0 0 0 0 0 0 0 0 0 
0 0 1 0 0 0 0 0 0 0 
447 -422 447 -422 466 -313 476 -251 488 -173 494 -113 500 -22 500 22 494 93 494 146 493 197 488 297 489 395 491 451 489 493 489 500 428 -412 440 -335 449 -271 461 -186 468 -131 475 -39 480 13 482 83 484 131 487 173 491 287 494 383 496 480 498 500 432 -291 441 -234 451 -166 460 -89 474 4 479 54 483 105 483 146 488 190 493 315 493 424 497 498 0 0 0 0 0 0 0 0 0 0 0 0 0 0 0 0 0 0 0 0 0 0 0 0 0 0 0 0 0 0 0 0 0 0 0 0 0 0 0 0 0 0 0 0 0 0 0 0 0 0 0 0 0 0 0 0 0 0 0 0 0 0 0 0 0 0 
0 0 1 0 0 0 0 0 0 0 
335 -280 335 -280 335 -280 335 -280 370 -121 498 56 498 56 498 56 478 238 471 271 468 379 473 498 482 -344 484 -320 488 -290 488 -273 494 -202 492 -136 480 -85 462 -19 482 14 484 42 500 113 500 175 500 241 500 316 484 455 428 500 123 -369 123 -369 130 -339 130 -331 132 -311 138 -239 145 -155 145 -138 149 -29 160 -2 158 10 160 113 160 168 155 228 153 309 155 485 155 485 500 500 500 500 0 0 0 0 0 0 0 0 0 0 0 0 0 0 0 0 0 0 0 0 0 0 0 0 0 0 0 0 0 0 0 0 0 0 0 0 0 0 0 0 0 0 0 0 0 0 0 0 0 0 0 0 0 0 0 0 
0 0 1 0 0 0 0 0 0 0 
484 -355 492 -264 495 -175 498 -95 498 62 495 82 492 191 489 297 498 482 498 500 450 -374 490 -292 494 -201 494 -134 498 57 496 79 492 199 498 285 498 477 496 498 496 498 482 -365 482 -365 490 -286 497 -186 499 -128 495 48 495 66 491 150 486 254 486 430 479 498 479 498 336 487 336 487 0 0 0 0 0 0 0 0 0 0 0 0 0 0 0 0 0 0 0 0 0 0 0 0 0 0 0 0 0 0 0 0 0 0 0 0 0 0 0 0 0 0 0 0 0 0 0 0 0 0 0 0 0 0 0 0 0 0 0 0 0 0 0 0 0 0 0 0 0 0 0 0 0 0 0 0 0 0 0 0 
0 0 1 0 0 0 0 0 0 0 
482 -368 486 -314 490 -256 490 -168 492 -92 496 25 496 92 496 185 496 250 498 358 498 500 88 -310 88 -257 90 -209 92 -115 92 -48 96 67 98 128 101 213 101 272 103 375 105 497 498 495 498 500 466 -368 466 -368 475 -310 486 -251 493 -198 498 -135 500 -26 498 32 500 113 498 174 498 272 493 371 490 449 487 500 487 500 0 0 0 0 0 0 0 0 0 0 0 0 0 0 0 0 0 0 0 0 0 0 0 0 0 0 0 0 0 0 0 0 0 0 0 0 0 0 0 0 0 0 0 0 0 0 0 0 0 0 0 0 0 0 0 0 0 0 0 0 0 0 0 0 0 0 0 0 0 0 0 0 
0 0 1 0 0 0 0 0 0 0 
492 -309 492 -309 492 -309 485 -191 480 -110 480 -9 482 108 482 189 487 268 489 352 494 435 498 498 476 -350 476 -350 478 -313 479 -291 485 -185 487 -113 491 -19 493 93 495 165 497 244 497 320 499 398 499 437 344 490 346 498 482 -350 101 -337 107 -318 113 -303 117 -283 126 -177 132 -106 136 -6 138 108 142 183 144 261 150 359 150 450 153 482 500 482 498 493 494 500 0 0 0 0 0 0 0 0 0 0 0 0 0 0 0 0 0 0 0 0 0 0 0 0 0 0 0 0 0 0 0 0 0 0 0 0 0 0 0 0 0 0 0 0 0 0 0 0 0 0 0 0 0 0 0 0 0 0 0 0 0 0 
0 0 1 0 0 0 0 0 0 0 
473 -290 484 -198 484 -156 489 -48 494 13 496 129 498 202 496 361 496 420 496 473 498 499 494 -338 494 -253 494 -187 498 -89 498 -46 500 69 498 155 492 282 490 371 490 394 486 498 486 498 500 -336 500 -336 484 -246 482 -187 478 -95 476 -56 478 43 475 146 467 265 461 343 461 360 454 466 454 466 447 498 0 0 0 0 0 0 0 0 0 0 0 0 0 0 0 0 0 0 0 0 0 0 0 0 0 0 0 0 0 0 0 0 0 0 0 0 0 0 0 0 0 0 0 0 0 0 0 0 0 0 0 0 0 0 0 0 0 0 0 0 0 0 0 0 0 0 0 0 0 0 0 0 0 0 0 0 
0 0 1 0 0 0 0 0 0 0 
445 -402 440 -371 426 -223 423 -135 426 -61 437 95 464 216 494 400 500 498 447 -412 447 -341 437 -306 416 -188 414 -112 414 -25 490 152 231 80 479 216 498 380 494 499 278 465 477 -460 477 -460 477 -460 464 -382 430 -301 428 -204 427 -130 427 -44 425 0 335 148 479 191 493 334 499 395 342 496 156 498 156 498 0 0 0 0 0 0 0 0 0 0 0 0 0 0 0 0 0 0 0 0 0 0 0 0 0 0 0 0 0 0 0 0 0 0 0 0 0 0 0 0 0 0 0 0 0 0 0 0 0 0 0 0 0 0 0 0 0 0 0 0 0 0 0 0 0 0 0 0 0 0 0 0 0 0 0 0 
0 0 1 0 0 0 0 0 0 0 
498 -472 492 -452 486 -379 486 -362 486 -326 486 -287 486 -195 483 -105 480 12 477 98 480 186 483 268 489 354 486 491 486 493 486 493 486 499 302 -407 302 -407 312 -301 314 -284 314 -264 316 -223 316 -85 316 -24 314 83 318 196 318 273 321 363 321 424 320 498 320 498 499 494 468 -257 468 -257 468 -257 468 -257 476 -92 478 -21 480 57 480 191 481 248 480 334 481 397 497 496 499 498 0 0 0 0 0 0 0 0 0 0 0 0 0 0 0 0 0 0 0 0 0 0 0 0 0 0 0 0 0 0 0 0 0 0 0 0 0 0 0 0 0 0 0 0 0 0 0 0 0 0 0 0 0 0 0 0 0 0 
0 0 1 0 0 0 0 0 0 0 
479 -417 479 -417 464 -358 455 -299 455 -275 455 -255 449 -198 449 -198 449 -93 449 -93 452 -34 452 8 452 61 449 102 449 120 449 244 455 310 470 397 485 436 485 436 500 497 500 500 470 -355 467 -326 463 -260 463 -260 459 -202 457 -153 455 -117 455 -117 455 -117 455 84 454 100 454 113 454 128 454 173 457 311 459 342 472 424 482 460 482 460 499 500 498 -182 498 -182 498 -182 498 -182 496 -162 496 -162 483 120 483 120 483 120 481 166 465 317 461 381 443 469 416 500 0 0 0 0 0 0 0 0 0 0 0 0 0 0 0 0 0 0 0 0 0 0 0 0 0 0 0 0 0 0 0 0 0 0 0 0 0 0 
0 0 1 0 0 0 0 0 0 0 
391 -309 158 -371 156 -343 152 -242 154 -193 154 -193 164 14 181 123 194 197 209 265 217 301 498 490 498 498 262 445 268 475 268 475 433 -325 428 -296 411 -170 236 4 236 4 236 4 273 238 271 298 271 364 495 487 499 498 416 -330 254 -304 252 -273 236 -163 393 -41 382 -8 388 26 406 158 415 239 423 313 456 402 141 432 141 432 493 491 499 500 0 0 0 0 0 0 0 0 0 0 0 0 0 0 0 0 0 0 0 0 0 0 0 0 0 0 0 0 0 0 0 0 0 0 0 0 0 0 0 0 0 0 0 0 0 0 0 0 0 0 0 0 0 0 0 0 0 0 0 0 0 0 0 0 0 0 
0 0 1 0 0 0 0 0 0 0 
