-162 102 -162 152 -152 375 500 499 474 134 466 102 412 -14 288 7 -62 -152 -62 -152 -69 187 -69 187 -51 -77 -51 -77 -60 277 -48 12 -47 31 -44 53 -28 389 7 250 12 262 60 347 74 372 102 403 145 450 203 493 211 496 275 498 329 481 376 435 390 416 452 313 500 479 500 479 481 194 481 194 497 70 497 51 475 -70 472 -85 466 -97 413 -189 400 -206 319 -46 315 -51 121 -304 121 -304 0 -330 -30 -323 5 -282 1 -262 -2 -248 -185 -60 -191 -17 -27 -53 -28 -51 -54 -81 -54 -81 -213 -91 -213 -69 -54 -55 -212 9 -210 28 -209 50 -37 110 -147 248 -144 260 -95 344 -84 368 -44 409 -14 455 44 489 53 491 121 498 160 484 
0 0 0 0 0 0 0 0 0 1 
-214 -80 -214 -80 -214 -80 -205 2 -189 61 -177 99 -163 137 -163 137 -160 149 -156 163 -149 185 -149 185 -141 223 -80 304 -12 380 5 401 50 439 85 465 170 494 222 498 310 482 395 425 439 375 472 308 487 239 499 116 498 66 491 -28 466 -135 449 -163 421 -216 416 -228 411 -244 405 -258 378 -292 351 -323 351 -323 334 -346 290 -377 290 -377 270 -399 270 -399 189 -463 189 -463 181 -467 167 -470 151 -472 50 -479 -19 -460 -55 -437 -55 -432 -127 -368 -127 -368 -139 -351 -184 -280 -209 -223 -209 -223 -216 -163 -219 -125 -219 -125 -219 -52 -219 -7 -20 -9 -20 -9 -52 163 -30 312 -20 377 -12 418 -7 431 0 452 15 499 499 -139 499 -139 470 -217 464 -54 
0 0 0 0 0 0 0 0 0 1 
-165 -103 -165 -103 -170 -72 -170 -4 -168 31 -152 115 -145 130 -130 159 -130 159 -125 171 -119 183 -104 221 -92 250 -92 250 -84 260 -66 284 -66 284 -36 327 -36 327 -19 354 -1 373 26 390 44 407 52 414 109 457 153 477 177 486 235 498 284 493 350 457 390 414 412 387 438 325 486 175 486 175 496 98 498 84 500 38 500 14 500 14 483 -113 451 -192 447 -207 442 -221 415 -267 415 -267 395 -293 375 -315 360 -332 339 -344 309 -361 309 -361 240 -400 240 -400 240 -400 218 -416 187 -428 160 -440 160 -440 150 -445 92 -455 21 -450 -64 -392 -64 -392 -81 -375 -81 -375 -86 -368 -92 -359 -155 -226 -163 -173 -165 -118 -167 -14 -165 7 28 26 28 26 
0 0 0 0 0 0 0 0 0 1 
-199 91 -199 91 -123 177 -110 202 -42 265 3 306 61 376 61 376 136 433 185 465 206 481 254 500 308 493 352 465 352 465 373 446 392 427 402 414 420 392 456 310 474 265 500 31 500 -79 496 -224 490 -370 498 -170 464 -281 438 -322 381 -363 314 -329 297 -310 222 -205 188 -145 146 -66 63 91 48 113 -21 -113 -160 300 -160 300 -160 300 -160 300 -160 300 -227 484 -159 234 -159 234 -165 243 -170 253 -173 256 -175 259 -181 281 -191 325 -196 207 -125 275 -105 289 -43 345 1 376 69 422 69 422 131 473 172 485 197 492 241 500 299 497 339 487 339 487 353 483 400 444 406 437 420 420 439 391 467 323 496 149 499 60 492 -89 477 -202 
0 0 0 0 0 0 0 0 0 1 
-275 190 -275 190 -224 327 -219 336 -213 348 -206 358 -194 370 -150 420 -130 442 -106 470 300 498 320 482 399 380 412 345 452 252 456 239 472 168 499 15 474 -264 468 -289 446 -395 409 -161 409 -161 62 -414 57 -404 -42 -255 -57 -137 -80 -130 -133 -12 -168 102 -180 383 -253 274 -253 274 -275 21 -275 21 -224 124 -213 352 -213 352 -190 384 -181 396 -162 417 -194 157 -171 176 -150 194 -124 448 -124 448 -90 469 -51 255 -26 262 26 274 87 279 203 276 241 269 300 253 243 500 243 500 244 481 244 481 412 138 344 347 344 347 344 347 481 -21 421 89 499 -211 346 -79 346 -79 346 -79 420 -429 412 -422 412 -422 409 -244 371 -274 266 -314 190 -286 
0 0 0 0 0 0 0 0 0 1 
-139 136 -136 162 -64 430 -45 485 -38 500 500 -90 488 -125 340 -354 301 -392 154 -468 79 -465 -5 -412 -14 -401 -29 -377 -51 -343 -110 -220 -117 -177 -125 -133 -134 -34 -139 55 -137 148 1 -31 3 -11 9 38 47 209 -135 234 73 500 73 500 -86 319 -73 337 -57 355 -1 405 36 425 63 434 136 418 187 389 207 367 260 292 281 247 319 155 343 45 348 -47 343 -105 499 9 499 9 304 -245 264 -319 257 -328 359 -177 359 -177 144 -434 91 -466 226 -297 194 -304 85 -189 85 -189 85 -189 85 -189 -136 -369 19 -83 19 -83 7 -31 -4 92 -6 123 -1 193 -1 193 -1 193 -65 152 -65 152 -60 175 -38 254 -7 361 43 498 68 299 68 299 
0 0 0 0 0 0 0 0 0 1 
-58 61 -31 242 -22 276 -2 354 25 422 48 467 492 484 492 484 494 464 499 301 494 228 494 228 446 33 446 33 446 33 351 -78 317 -98 256 -121 256 -121 164 -132 164 -132 164 -132 139 -121 51 -47 32 11 32 11 -5 152 -5 152 -12 340 -14 374 -8 498 -225 -116 -222 -31 -212 77 -203 133 -188 172 24 276 36 296 -136 293 -115 322 108 393 134 417 153 441 181 466 237 492 298 499 349 487 412 427 462 339 477 310 483 300 499 249 339 148 342 131 344 106 349 -38 332 -167 329 -182 329 -182 307 -249 286 -288 263 -320 210 -366 152 -407 93 -436 76 -444 76 -444 39 -449 26 -449 13 -446 -43 -427 -51 -419 -122 -349 -147 -288 -158 -262 
0 0 0 0 0 0 0 0 0 1 
-21 195 -185 -117 -185 -117 -185 -78 -180 2 -173 68 -147 190 -114 264 -65 361 -29 412 -29 412 -18 424 54 465 104 488 170 498 234 486 257 473 327 432 398 346 432 272 432 272 468 183 477 155 480 139 491 12 491 -63 473 -234 462 -277 447 -307 427 -379 427 -379 390 -455 368 -465 500 -262 500 -262 483 -440 473 -437 418 -277 411 -435 398 -435 349 -264 309 -267 9 -399 9 -399 1 -389 -1 -381 -19 -348 -68 -269 -78 -241 -91 -185 -104 -109 -114 -48 -122 -10 -127 38 -149 129 80 422 80 422 80 422 80 422 -149 165 -149 165 60 195 60 195 -67 35 -67 35 -57 110 -45 212 -16 326 1 366 42 460 71 498 450 409 467 371 497 266 499 247 
0 0 0 0 0 0 0 0 0 1 
500 496 15 200 15 200 -160 -33 59 307 -85 178 -68 213 148 498 148 498 -8 302 -6 307 58 371 75 389 136 427 381 467 406 476 316 440 316 440 411 351 442 316 471 207 476 171 490 126 499 71 485 -8 466 -131 463 -146 408 -249 347 -311 329 -322 321 -327 290 -345 112 -351 80 -347 51 -340 -39 -300 -63 -276 -75 -249 -75 -249 -116 -189 -129 -164 -140 -131 -147 -102 -152 -37 -155 40 -153 106 76 347 80 363 80 363 59 184 59 184 16 88 43 233 121 484 128 498 500 -225 467 -259 131 -239 103 -207 76 159 61 -139 61 -139 48 -96 34 -31 25 14 16 102 16 199 22 301 -218 -43 -38 13 -203 59 11 201 35 260 -138 233 -94 318 
0 0 0 0 0 0 0 0 0 1 
-123 -73 -123 -73 -127 -36 -134 73 -130 112 -105 242 -94 276 -94 276 -78 308 -78 308 -60 330 -54 339 -54 339 -49 352 22 418 228 474 255 491 115 481 115 481 241 498 250 498 316 464 378 410 431 288 458 176 461 156 464 90 468 -24 468 -48 461 -163 450 -220 415 -317 415 -322 407 -378 399 -422 399 -422 353 -466 349 -471 500 -457 500 -457 485 -251 -23 -42 -23 -42 -23 -7 -19 112 -16 150 15 281 15 281 30 317 30 317 42 343 47 350 47 350 53 357 60 367 112 429 171 472 180 474 301 498 312 496 373 474 426 410 476 286 490 198 493 176 497 93 499 -2 497 -59 490 -164 483 -212 475 -252 469 -291 438 -389 430 -422 430 -422 
0 0 0 0 0 0 0 0 0 1 
500 -482 417 -342 417 -342 388 -285 269 -48 269 -48 155 403 150 500 500 -438 500 -438 500 -438 245 -490 218 -459 413 -399 357 -342 343 -328 335 -318 305 -240 299 -227 241 318 229 409 229 409 218 498 499 -261 476 -271 451 -255 426 -237 378 -436 378 -436 325 -112 325 -112 325 -112 325 -112 245 75 243 80 186 33 150 161 150 161 147 201 159 498 0 0 0 0 0 0 0 0 0 0 0 0 0 0 0 0 0 0 0 0 0 0 0 0 0 0 0 0 0 0 0 0 0 0 0 0 0 0 0 0 0 0 0 0 0 0 0 0 0 0 0 0 0 0 0 0 0 0 0 0 0 0 0 0 0 0 0 0 0 0 
0 0 0 0 0 0 0 0 0 1 
-204 -12 -204 -12 -195 94 -189 118 -170 179 -170 179 -170 179 -166 188 -148 234 -131 267 -112 303 -106 313 -106 313 -97 325 -6 398 54 431 76 434 131 431 187 419 247 379 293 340 293 340 323 297 323 297 343 267 361 243 378 224 378 224 400 176 418 136 418 136 432 109 436 97 444 82 451 63 451 63 477 -18 477 -18 490 -85 493 -100 499 -185 494 -264 439 -401 398 -425 334 -422 245 -410 174 -410 102 -428 39 -425 -10 -410 -93 -319 -117 -300 -163 -194 -181 -151 -196 -48 -200 6 -200 75 -192 151 -186 200 -152 498 -152 498 -205 187 -180 256 -173 270 -167 285 -155 319 -155 319 -152 331 -132 368 -123 375 -105 395 -105 395 -85 419 -78 431 9 487 
0 0 0 0 0 0 0 0 0 1 
440 433 440 433 497 496 -292 -45 -292 -45 -286 24 280 319 302 300 326 284 385 498 385 498 323 364 325 359 492 -64 496 -109 499 -158 479 -324 464 -372 440 -426 415 -407 -69 -198 -69 -198 -69 -198 -69 -198 -69 -198 -77 -158 -77 -152 -192 -107 -192 -107 -192 -107 -80 -147 -174 -80 -168 -61 -172 -40 -187 29 -194 64 -194 64 -195 77 -202 107 -205 123 -221 222 -279 191 -279 191 -289 -83 -288 -56 -273 248 -257 95 -233 152 -208 189 -191 208 -104 280 -44 304 -34 307 33 319 63 319 100 316 162 307 213 297 317 498 317 498 339 476 375 181 391 152 384 383 447 54 447 54 469 2 476 -9 500 -100 404 98 404 98 404 98 498 -309 334 -140 334 -140 
0 0 0 0 0 0 0 0 0 1 
-219 122 -217 148 -207 209 -174 320 -129 385 -101 425 -50 458 9 482 20 484 84 489 162 480 258 458 338 407 393 374 363 348 338 315 337 305 500 -47 500 -47 408 174 408 174 408 174 408 174 408 174 408 49 408 7 406 -80 406 -80 389 -96 355 -122 337 -138 331 -145 331 -145 329 -148 329 -148 271 -167 262 -171 177 -188 104 -188 9 -174 -41 -162 -80 -145 -161 -105 -275 -47 -273 -32 -337 28 -350 54 -262 72 -269 98 -282 160 -282 160 -282 160 -282 160 -282 160 -282 160 -284 181 -288 256 -284 317 -267 400 -228 468 -207 498 -207 498 -274 -18 -265 48 -248 155 -230 225 -176 359 -160 387 -105 466 -52 490 -40 496 17 500 93 493 184 451 264 387 
0 0 0 0 0 0 0 0 0 1 
-178 318 -178 318 -178 318 -160 349 -115 431 -89 460 -72 485 -66 494 -60 500 253 380 270 346 283 318 283 318 303 258 323 215 323 215 347 127 356 79 356 -227 353 -250 321 -338 500 -323 500 -323 500 -323 467 -409 420 -460 410 -463 410 -463 400 -465 387 -465 352 -468 326 -465 281 -460 166 -463 166 -463 152 -465 152 -465 127 -468 113 -471 10 -389 0 -363 -16 -306 -29 -244 -43 -147 -49 -45 -47 25 500 500 -45 16 -45 16 -41 143 -17 256 -5 294 4 324 19 356 -142 362 53 413 53 413 89 462 94 470 94 470 -75 451 -54 467 -11 494 38 500 106 481 123 459 227 337 397 367 397 367 415 332 428 308 265 254 270 237 274 221 458 243 
0 0 0 0 0 0 0 0 0 1 
