497 497 1 243 62 129 70 123 78 111 97 96 153 60 244 27 244 27 244 27 244 27 369 63 406 -265 426 -234 495 -60 500 -42 400 87 402 99 403 111 402 153 364 325 352 355 343 400 339 430 337 436 337 436 -49 500 -81 463 -81 463 -124 385 -125 373 -153 259 -5 204 -173 180 -166 174 -197 -86 -145 -206 -90 -278 -85 -288 -80 -301 -37 -323 -24 -339 40 -367 88 -375 95 -375 107 -377 107 -377 173 -359 369 -15 406 10 479 170 490 227 492 250 492 250 496 290 499 367 496 461 494 482 493 500 324 262 457 318 457 318 452 331 264 364 258 377 230 400 147 436 138 438 82 436 27 420 -31 377 -60 346 71 369 71 369 62 362 
0 0 0 0 0 0 0 0 1 0 
499 58 499 58 495 500 -25 258 -16 220 9 123 38 413 55 378 84 316 101 277 165 208 213 138 255 108 317 96 357 142 355 -281 355 -281 380 -258 500 343 352 -108 355 -96 360 -81 428 123 433 146 433 146 500 274 -233 498 -234 474 -236 463 -236 447 -237 220 -237 204 -237 189 -237 177 -237 166 -237 154 -80 -14 -91 285 -84 253 -76 221 -48 -100 -25 88 -140 -275 -140 -275 -140 -275 -117 -298 -41 -362 -14 -394 45 -421 70 -418 116 -389 259 -88 282 -66 298 -54 193 -342 385 39 403 64 424 86 472 184 472 184 483 219 499 273 384 17 384 137 384 182 385 283 327 403 298 431 219 485 149 500 123 500 71 497 -8 480 -104 426 -121 413 
0 0 0 0 0 0 0 0 1 0 
-135 -129 -119 189 -119 189 -114 134 -220 -302 -53 -19 -53 -19 -53 -19 -53 -19 -155 -393 10 -395 10 -395 10 -395 10 -395 10 -395 65 -441 87 -453 118 -462 144 -467 159 -465 186 -460 284 -395 302 -381 308 -376 326 -357 351 -328 371 -302 371 -302 385 -282 385 -273 386 -261 386 -261 362 -223 344 -201 339 -191 336 -179 335 -163 334 -143 336 -98 339 -76 339 -76 497 263 499 287 336 177 336 177 336 177 395 369 272 359 272 359 248 455 200 498 24 494 -99 417 -97 414 -139 371 -144 338 -79 235 -83 220 -87 199 -110 117 -110 117 -130 9 -134 -64 -136 -107 -136 -112 -136 -112 -134 -154 -134 -154 -134 -154 -98 -261 -217 -321 -217 -321 -184 -341 -168 -368 14 -138 
0 0 0 0 0 0 0 0 1 0 
-30 370 -30 370 35 217 35 217 35 217 35 217 35 217 61 -430 61 -430 90 -453 170 -475 188 -483 200 -483 225 -483 237 -479 300 -464 307 -456 315 -449 340 -411 402 -273 444 -153 447 -138 451 -119 497 172 500 318 495 468 -62 498 -70 456 -70 438 -72 415 -75 393 -110 -222 -256 -177 -234 -207 -226 -220 -226 -220 -214 -247 -166 -305 -152 -325 -152 -325 -149 -332 -145 -342 -145 -342 -38 -397 -38 -397 -58 -427 -28 -457 -19 -462 233 -147 233 -147 233 -147 233 -147 233 -147 157 -472 157 -472 166 -465 176 -457 253 -407 439 -37 287 -350 287 -350 300 -325 499 72 499 72 499 72 320 -247 320 -247 388 -155 388 -155 384 -72 379 55 381 150 381 150 331 335 330 337 
0 0 0 0 0 0 0 0 1 0 
-92 -28 -92 -28 -70 -88 -44 -163 -33 -192 -16 -233 31 -319 41 -327 62 -350 85 -371 98 -394 106 -405 147 -441 168 -454 199 -467 219 -472 219 -472 277 -477 337 -472 359 -462 319 -387 353 -350 369 -288 369 -288 369 -288 371 -270 371 -270 374 -251 374 -251 378 -236 452 -127 452 -127 445 -12 445 62 499 223 499 223 383 244 383 244 315 397 270 444 234 470 187 488 126 498 56 490 -3 470 -25 449 -76 402 -95 368 -97 353 -147 275 -165 236 -173 174 -179 49 -42 49 -42 49 -42 49 500 497 -253 -61 -206 -146 -202 -173 -138 -302 -98 -339 -83 -359 -74 -377 -74 -377 177 -151 177 -151 190 -155 206 -160 223 -162 299 -168 333 -164 376 -407 392 -388 439 -300 
0 0 0 0 0 0 0 0 1 0 
-93 293 -93 293 -99 203 -101 138 -99 114 -98 92 -98 92 -96 73 -95 54 -88 5 -80 -40 -78 -54 -76 -65 -70 -81 -52 -133 -52 -133 -11 -195 -7 -201 0 -206 15 -225 43 -239 53 -241 78 -250 92 -250 173 -225 173 -225 195 -217 202 -211 221 -201 329 -73 345 -46 345 -46 345 -46 382 -165 401 -119 447 5 453 27 472 95 489 152 489 152 500 247 494 336 475 377 442 413 382 480 313 494 287 497 223 500 177 500 121 494 88 472 49 434 30 418 20 413 20 413 11 404 4 396 -4 388 -4 388 -13 375 -34 336 -53 309 -65 290 -75 277 -106 201 -124 130 -124 76 -122 54 -121 10 -119 -5 -121 288 -121 285 -163 -83 -163 -158 -159 -217 
0 0 0 0 0 0 0 0 1 0 
496 487 500 498 -168 248 -167 196 -164 133 -157 56 -148 -32 -132 -124 -132 -124 -116 -181 -92 -231 -92 -231 -145 -240 -173 -246 -178 -248 -181 -253 -144 -288 -82 -314 79 -355 -4 -299 -4 -299 92 -259 109 -240 129 -198 177 -174 346 -172 370 -139 370 -139 378 -128 395 -102 417 -76 417 -76 422 -65 422 -65 428 -52 448 -13 454 -2 477 19 479 30 483 45 486 61 486 61 494 124 499 172 489 257 483 270 471 303 471 303 461 334 457 349 451 360 447 368 447 368 380 231 380 231 331 286 304 299 272 307 272 307 209 327 150 349 150 349 99 375 33 480 33 480 -10 500 -21 497 -82 425 -82 425 -259 403 -259 360 -318 266 -327 222 -321 161 -210 -78 
0 0 0 0 0 0 0 0 1 0 
500 -122 -119 498 -127 184 -127 184 -127 184 -129 98 -118 -23 -231 -88 -232 -92 -232 -92 -231 -113 -8 -262 -155 -227 -155 -227 -155 -227 -54 -283 -44 -286 19 -283 93 -251 129 -217 180 -197 357 -193 357 -193 381 -176 398 -159 408 -144 359 0 362 6 416 75 429 101 442 141 442 141 500 225 500 225 498 236 498 236 500 247 500 247 500 247 500 253 442 363 439 372 439 372 437 380 437 384 437 391 426 406 398 438 380 466 368 486 367 492 368 494 354 498 439 320 400 329 400 329 363 335 327 350 267 367 198 376 157 374 91 365 1 460 1 460 -27 449 -50 419 -70 391 -80 359 -106 230 -106 230 -116 118 -116 92 -116 43 -113 -10 -113 -25 
0 0 0 0 0 0 0 0 1 0 
-193 176 -193 176 -193 144 -187 38 -319 -85 -156 -147 -150 -166 -133 -198 -133 -198 -125 -211 -96 -260 -96 -260 -96 -260 -91 -266 -91 -266 -72 -285 -36 -326 -28 -330 -10 -336 32 -347 96 -345 187 -300 251 -262 292 -215 323 -189 343 -174 350 -166 350 -166 368 -142 374 -132 392 -108 409 -91 417 -83 417 -83 431 -53 431 -53 443 -31 460 -14 460 -14 474 8 474 8 488 34 500 68 500 72 500 72 430 125 418 147 417 157 415 168 417 172 412 300 412 300 408 330 408 336 393 356 326 439 303 460 288 475 239 492 173 498 173 498 260 349 255 345 205 362 143 366 73 364 8 347 -193 490 -193 490 -193 490 -47 475 -66 449 -258 381 -258 381 -143 281 
0 0 0 0 0 0 0 0 1 0 
-83 420 -83 420 -75 323 -219 -44 -215 -58 -21 142 -161 -186 -157 -197 40 19 -43 -331 -34 -337 27 -373 112 -389 225 -331 232 -320 232 -320 432 19 432 19 432 19 432 19 301 -192 301 -192 499 261 499 261 499 261 492 253 492 253 461 275 431 311 408 345 376 381 376 381 340 420 327 428 292 456 282 462 227 490 183 498 121 498 72 476 44 456 36 445 28 437 -4 395 -17 367 -49 289 -64 225 -80 139 -89 91 -89 41 -244 116 -226 16 -38 -30 -28 -61 -176 -133 17 -172 23 -186 -124 -238 160 -113 162 -113 211 -102 296 -97 388 -130 388 -130 459 -263 260 -308 260 -308 280 -275 300 -247 487 -194 499 -147 342 -88 345 -63 351 -16 348 166 
0 0 0 0 0 0 0 0 1 0 
-74 359 -74 359 -226 33 -221 -13 -38 216 -38 216 -38 216 7 -231 7 -231 35 2 72 -333 91 -354 115 -98 151 -106 222 -117 282 -106 293 -106 348 -85 348 -85 348 -85 368 -354 368 -354 423 0 423 0 423 0 423 0 423 0 423 0 450 -244 450 -244 487 122 487 122 487 122 487 122 490 145 499 104 493 111 322 239 319 247 319 247 318 255 315 268 313 273 312 281 278 343 278 343 262 372 262 372 253 393 253 393 253 393 251 401 251 401 246 411 209 442 202 450 176 471 148 484 132 492 74 500 37 494 -31 473 -59 460 -72 447 -138 380 -181 307 -181 307 -199 247 -199 247 -206 132 -205 106 -205 85 -203 65 -203 44 -202 28 
0 0 0 0 0 0 0 0 1 0 
26 426 26 426 -170 79 -172 45 -169 -11 53 175 53 175 -113 -180 -107 -194 126 50 126 50 256 -372 78 -426 78 -426 173 -468 245 -474 326 -454 391 -378 391 -378 417 -330 424 -322 476 -211 482 -177 499 -36 499 -11 499 81 499 81 491 206 487 251 448 336 437 364 426 395 390 435 354 468 308 488 255 500 180 497 143 485 74 460 -1 426 -81 344 -86 333 -130 251 -143 220 -154 180 -159 158 -169 76 13 93 13 93 -221 69 -55 61 -60 27 -59 -11 -195 -130 -182 -161 -12 -175 -4 -189 -130 -270 -115 -295 140 -75 159 -392 176 -420 217 -445 280 -459 361 -420 407 -362 407 -362 430 -323 436 -309 475 -197 482 -161 497 -22 499 0 496 89 496 89 
0 0 0 0 0 0 0 0 1 0 
-54 114 -8 -114 5 -146 77 82 77 82 134 -22 134 -22 134 -22 234 -126 306 -133 306 -133 388 -53 388 -53 388 -53 388 -53 424 25 443 63 443 63 494 253 494 253 494 253 494 253 494 253 494 253 500 301 500 263 495 247 494 257 470 406 8 498 -6 469 -59 333 -205 2 -40 -10 -37 -32 -32 -55 -152 -182 -139 -215 83 -20 -92 -321 -72 -346 -39 -407 12 -481 18 -481 81 -491 149 -488 185 -491 210 -491 229 -488 243 -481 268 -443 286 -410 328 -356 329 -351 339 -318 347 -273 354 -237 357 -222 357 -222 360 -200 360 -200 365 -156 368 -139 388 -45 375 63 371 101 356 215 500 222 493 260 446 379 427 407 379 450 344 478 308 498 251 488 
0 0 0 0 0 0 0 0 1 0 
500 500 30 440 30 440 -1 391 -8 378 -198 270 -201 238 -199 223 -199 125 -201 23 -199 -34 -193 -70 -30 -417 -30 -417 -130 -185 -130 -185 -79 -231 130 -257 130 -257 166 -253 206 -244 232 -234 271 -214 238 -191 242 -185 248 -178 354 -131 340 -112 336 -93 337 -76 492 -200 402 34 402 34 402 34 402 34 499 -31 499 -31 448 274 397 355 397 355 366 406 316 295 316 295 260 297 208 310 196 310 21 500 117 312 79 302 64 295 -20 497 -1 280 -8 257 -192 327 -192 327 -175 302 -175 302 -242 151 -248 61 -251 -4 -248 -34 -71 -214 -71 -219 -118 486 -127 411 -47 277 -59 238 -70 191 -79 57 -76 -6 -66 -57 -40 -130 -13 -181 2 -200 57 -243 
0 0 0 0 0 0 0 0 1 0 
-237 10 -235 -60 -233 -130 -207 -261 -197 -287 -182 -319 -164 -355 -125 -415 -101 -443 -34 -473 -11 -476 86 -463 108 -453 164 -410 186 -382 250 -317 311 -204 354 -90 362 -45 372 75 368 206 499 297 487 332 328 347 447 410 421 425 386 458 331 493 243 498 221 491 131 445 103 430 42 387 34 377 34 377 -25 302 -62 236 -62 236 -72 211 -80 183 -80 183 -88 153 -95 100 -98 80 -99 62 -100 30 -103 -37 -103 -37 -88 -47 -86 -103 -81 -161 -59 -265 -54 -280 -33 -328 -11 -357 19 -395 53 -431 101 -458 137 -467 230 -451 230 -451 287 -415 331 -379 392 -316 450 -213 472 -152 485 -92 500 31 492 143 452 274 53 498 53 498 -79 305 -79 305 -79 305 
0 0 0 0 0 0 0 0 1 0 
