-99 -355 -99 -355 -51 -347 9 -333 64 -325 108 -316 250 -252 269 -238 339 -200 396 -161 410 -138 465 -94 487 -38 487 -38 500 69 498 152 451 311 446 325 446 325 431 358 399 397 344 436 344 436 298 458 243 477 185 491 131 500 86 500 42 500 -50 475 -71 466 -102 452 -107 450 8 -337 8 -337 8 -337 44 -327 92 -316 117 -313 181 -294 293 -241 308 -227 367 -190 404 -158 427 -131 454 -93 484 -26 484 -26 500 58 495 144 459 292 455 305 455 305 439 345 408 388 358 431 358 431 321 455 272 474 222 487 175 493 142 498 105 498 40 487 20 479 -9 466 -12 463 -24 458 -25 -97 29 -90 63 -85 123 -81 175 -72 307 -95 307 -95 
0 0 0 0 0 1 0 0 0 0 
-40 -2 -182 -346 -182 -346 -182 -346 -157 -337 -152 -337 -83 -329 46 -307 69 -304 115 -293 149 -282 188 -271 256 -249 256 -249 345 -204 353 -199 367 -193 401 -168 422 -149 444 -119 466 -83 484 -47 490 -33 493 -16 500 88 475 171 447 279 444 296 436 326 436 326 425 340 391 382 345 421 334 426 325 434 317 443 308 451 293 457 253 479 203 490 125 498 55 493 -15 470 -30 462 -80 432 -87 426 -162 382 -162 382 -162 382 -26 426 -35 423 -47 415 -58 -337 -95 -92 -95 -92 -58 -337 -52 -81 -52 -81 -2 -79 120 -72 134 -72 195 -72 195 -72 260 -88 260 -88 315 -256 398 22 398 22 398 22 398 22 398 22 466 -165 500 122 500 122 500 122 
0 0 0 0 0 1 0 0 0 0 
498 493 -76 -351 -76 -351 -76 -351 -63 -348 -25 -343 -12 -343 -2 -340 41 -335 41 -335 41 -335 69 -330 114 -323 142 -312 142 -312 151 -307 297 -20 323 -33 239 -262 239 -262 271 -231 281 -221 391 -30 483 180 489 195 489 195 495 203 496 201 499 264 497 376 487 483 325 272 319 282 299 318 328 422 224 394 182 394 182 394 86 419 25 424 -45 424 -97 427 -169 430 -192 430 -53 478 -257 432 -257 432 -86 496 -87 498 -91 58 -19 -32 -22 -296 226 -208 258 -190 285 -172 306 -157 308 -153 365 -109 421 -51 437 -25 472 69 472 69 483 113 490 153 496 183 499 274 497 402 493 498 -206 -405 -206 -405 -135 -386 -135 -386 -135 -386 -119 -386 -2 -372 
0 0 0 0 0 1 0 0 0 0 
-42 -300 0 -265 29 -252 37 -65 88 -24 88 -24 81 -330 81 -330 152 -5 152 -5 152 -5 247 -295 317 -252 378 -197 394 116 394 116 438 195 474 -62 487 -32 491 -18 495 8 500 102 482 219 442 322 422 338 376 387 355 401 331 428 293 449 285 455 253 479 221 485 178 493 124 495 65 498 34 490 -13 479 -72 457 -104 449 -90 -208 71 -361 71 -361 84 -359 158 -346 374 -247 393 -230 417 -197 499 125 499 125 499 125 499 247 451 375 453 381 415 416 324 500 328 497 -193 -470 -193 -470 -161 -462 -126 -447 -21 -302 -14 -153 58 -269 58 -269 81 -250 81 -250 135 -218 155 -207 155 -207 226 -187 226 -187 330 -142 366 -116 381 -99 425 -66 
0 0 0 0 0 1 0 0 0 0 
-113 -458 -113 -458 -80 -453 -39 -443 59 -364 104 -342 134 -328 164 -311 163 -318 183 -316 194 -309 268 -71 275 -11 275 -11 277 -227 336 -151 397 129 397 136 498 71 498 71 498 71 498 71 498 71 499 194 388 381 365 426 350 448 435 354 435 354 385 362 385 362 380 374 325 438 277 453 186 496 186 496 95 494 34 494 13 498 -66 390 -64 431 -149 362 -149 362 -190 321 -149 -300 -135 -296 -86 -285 0 -247 70 -199 102 -188 208 -133 223 -114 276 -81 337 -103 465 -157 377 -10 450 81 500 -103 497 -98 483 125 485 157 485 173 486 179 488 186 488 265 489 98 497 127 461 133 425 377 425 377 343 458 343 458 397 396 285 500 259 497 
0 0 0 0 0 1 0 0 0 0 
-74 -273 -74 -273 -74 -273 -74 -273 -35 -273 42 -261 118 -255 190 -241 234 -238 322 -211 341 -182 406 -123 414 -100 433 -52 493 35 500 123 498 164 432 314 432 314 432 314 432 314 377 379 289 444 237 464 195 479 119 497 93 494 50 500 -12 491 -61 485 -76 -321 -76 -321 -7 -305 4 -305 14 -305 28 -302 28 -302 73 -299 135 -290 183 -284 250 -275 264 -272 338 -241 379 -211 422 -162 442 -125 453 -85 487 6 499 97 497 119 497 119 462 253 452 284 448 293 418 330 394 363 359 400 268 464 233 480 172 495 152 495 112 498 61 495 7 489 7 489 -68 -373 -128 -72 -111 -66 -49 -60 -39 -60 -26 -60 -11 -60 1 -60 40 -55 107 -49 
0 0 0 0 0 1 0 0 0 0 
-177 -321 -121 -310 -73 -302 64 -299 124 -297 172 -297 243 -283 278 -267 332 -239 398 -190 416 -149 476 -2 479 13 481 84 463 228 437 302 428 329 400 378 499 384 482 400 431 446 375 479 317 493 245 498 172 485 97 455 -70 465 -82 457 -13 414 -15 414 -103 -81 -103 -81 -51 -71 -11 -66 126 -68 175 -66 213 -64 273 -56 325 -36 371 -15 416 19 453 66 496 176 496 176 499 254 475 355 468 379 455 422 406 493 293 234 291 239 249 265 194 288 125 306 59 308 -2 297 -73 275 -49 500 -49 500 -193 250 -193 250 -56 224 -56 224 -54 -362 -14 -344 33 -333 172 -330 210 -321 252 -318 318 -298 354 -286 393 -255 429 -214 462 -144 493 -31 
0 0 0 0 0 1 0 0 0 0 
-136 -392 -136 -392 -98 -372 -15 -345 18 -334 64 -319 145 -290 171 -281 229 -258 266 -238 304 -209 362 -159 378 -139 436 -69 458 -20 475 26 499 136 496 241 472 331 450 389 442 404 335 500 -50 -463 -50 -463 -35 -452 2 -427 65 -389 97 -373 146 -348 205 -326 225 -318 278 -302 309 -283 334 -253 394 -201 411 -188 453 -117 472 -76 487 -27 500 79 495 166 471 256 338 294 328 318 451 310 444 324 347 405 224 435 206 444 154 463 110 474 47 482 2 485 -38 485 -85 487 -125 498 -92 -139 -92 -139 -74 -133 -43 -120 12 -102 64 -91 84 -85 146 -69 199 -56 238 -39 276 -21 311 -4 365 28 390 45 438 98 457 124 471 161 485 242 484 316 
0 0 0 0 0 1 0 0 0 0 
49 -450 -116 -393 -116 -393 0 -54 15 -49 -47 -393 -47 -393 153 -38 98 -386 98 -386 170 -378 204 -370 261 -360 283 -352 358 -321 418 -284 446 -240 473 -207 500 -69 487 44 461 119 444 178 406 266 381 316 356 365 326 398 326 398 253 463 209 481 121 500 15 500 -10 500 -43 497 -81 494 52 474 38 471 -49 -124 -49 -124 -5 -459 8 -459 -36 -120 -20 -118 116 -455 102 -111 117 -113 222 -109 247 -105 288 -98 311 -91 380 -65 425 -35 458 2 462 13 500 144 476 260 469 286 441 363 415 413 391 472 361 498 361 498 362 231 310 293 267 310 193 323 92 326 83 326 45 323 26 321 -22 -444 -22 -444 -9 -444 -2 -444 140 -435 149 -435 
0 0 0 0 0 1 0 0 0 0 
4 -343 70 -359 152 -368 248 -343 271 -331 279 -328 317 -309 385 212 399 228 454 350 454 350 454 350 454 350 499 500 499 500 499 500 -165 -358 -165 -358 -165 -358 -114 -366 -40 -375 4 -372 57 -361 104 -345 104 -345 136 -326 396 -241 396 -241 420 -198 420 -198 424 -190 430 -182 430 -182 430 -182 430 -182 462 -105 462 -105 462 -105 473 -73 483 -32 483 -32 487 -19 500 24 373 95 373 95 401 146 357 203 334 260 285 331 249 364 186 407 128 442 93 464 37 483 0 491 -50 500 -93 497 -130 489 -181 472 -40 478 -40 475 -51 -2 -51 -2 1 -368 23 -10 23 -10 140 -387 158 -13 172 -10 172 -10 250 18 269 29 352 116 241 -233 241 -233 
0 0 0 0 0 1 0 0 0 0 
499 114 422 303 416 320 365 439 346 463 329 498 137 -259 137 -259 155 -256 229 -227 287 -185 295 -179 344 -139 370 -119 414 -76 440 -48 456 -17 487 45 366 2 351 -2 332 28 308 150 500 316 500 316 279 202 277 225 274 247 433 498 433 498 433 498 105 404 67 418 37 441 -70 475 -78 475 -135 478 -204 475 -262 464 -220 -443 -205 -424 -201 -419 -148 -394 -132 -392 -89 -384 -69 -384 -6 -370 55 -333 60 -328 108 -303 148 -279 186 -257 229 -215 241 -200 251 -188 489 -4 489 -4 499 63 496 176 353 166 353 166 461 272 461 272 446 306 302 291 302 291 302 291 251 458 240 475 183 477 112 500 103 500 44 497 -8 497 -77 487 -100 492 
0 0 0 0 0 1 0 0 0 0 
500 495 500 495 -57 -329 -44 -316 -42 -313 -21 -300 36 -242 67 -221 106 -187 113 -187 123 -182 137 -155 182 -126 206 -108 242 -84 263 -71 263 -71 359 26 359 26 359 26 378 39 378 39 450 131 453 134 453 134 490 221 490 221 499 240 499 240 499 240 496 211 488 184 483 192 440 255 405 348 381 358 338 382 265 467 258 464 187 477 129 482 63 493 0 498 -56 498 -103 496 -134 493 -180 485 -213 448 -26 -160 -26 -160 -26 -160 98 -60 98 -60 117 -42 278 -227 278 -227 117 -42 278 -227 278 -227 371 -137 371 -137 354 146 354 146 354 146 353 169 353 178 353 178 500 205 491 243 447 334 413 386 378 417 339 435 278 498 32 -422 
0 0 0 0 0 1 0 0 0 0 
-115 -442 -94 -372 -62 -338 -40 -331 -8 -329 33 -324 85 -322 113 -324 113 -324 190 -286 218 -276 246 -264 271 -257 325 -235 325 -235 325 -235 269 -52 321 -21 321 -21 396 38 415 67 436 122 483 175 490 211 499 288 481 365 481 365 470 382 449 418 449 418 435 439 431 447 399 468 470 466 456 468 426 475 392 483 296 500 236 495 166 490 140 495 58 497 -19 495 -99 495 -99 495 -172 490 -206 487 -192 -205 -192 -205 -179 -203 -179 -203 97 -393 97 -393 97 -393 97 -393 132 -393 132 -393 288 -129 314 -113 355 -65 355 -65 403 -13 450 76 467 105 496 189 497 205 499 300 493 335 477 440 477 440 477 440 477 440 477 440 477 440 417 498 
0 0 0 0 0 1 0 0 0 0 
-104 -238 -90 -238 -90 -238 -49 -249 -23 -257 -11 -262 -11 -262 8 -264 32 -264 43 -270 85 -272 137 -275 192 -272 192 -272 215 -267 255 -272 296 -254 319 -254 329 -251 343 -246 381 -236 430 -212 489 -116 499 -96 499 -96 499 -96 497 -114 488 -12 472 109 457 197 428 249 385 337 358 371 319 433 293 457 293 457 275 462 236 475 198 488 164 493 118 498 63 496 4 485 -30 470 -70 436 -102 358 -115 314 -115 314 500 497 500 497 297 -404 297 -404 297 -404 297 -404 297 -404 382 -422 449 -345 453 -336 453 -336 500 -83 500 -83 494 107 473 201 454 266 428 317 380 389 367 404 311 483 292 498 -92 -420 -92 -420 -92 -232 -92 -232 -92 -232 -16 -239 
0 0 0 0 0 1 0 0 0 0 
-182 -326 -168 -326 -128 -323 -74 -321 -39 -321 0 -318 85 -316 125 -305 174 -284 213 -253 438 -170 443 -158 450 -147 456 -134 462 -124 469 -111 475 -98 319 -69 319 -69 322 -54 336 0 352 111 350 202 333 290 499 321 495 331 318 331 311 344 290 365 445 401 437 409 267 383 267 383 256 388 234 396 125 422 49 435 10 440 136 468 125 466 80 479 70 484 14 494 -6 500 -64 -108 -64 -108 -17 -110 47 -110 78 -108 111 -108 153 -106 235 -101 277 -97 325 -86 356 -75 261 -235 261 -235 266 -226 273 -215 279 -206 286 -195 293 -184 481 121 481 121 481 121 481 121 499 272 495 341 489 365 331 175 327 188 441 476 441 476 441 476 281 246 
0 0 0 0 0 1 0 0 0 0 
