499 344 484 348 332 382 290 394 172 420 148 428 68 445 14 449 -37 453 -110 457 -194 466 -274 483 -292 491 -296 500 499 301 448 312 416 316 307 345 268 356 190 371 144 382 92 397 49 408 27 411 -52 422 -96 430 -170 444 -189 452 -203 459 -203 459 -264 500 500 392 500 392 456 397 420 402 292 432 263 450 174 448 130 456 75 461 38 464 -3 466 -79 472 -132 474 -198 482 -218 485 -251 490 -251 490 -283 498 -252 224 -252 224 0 0 0 0 0 0 0 0 0 0 0 0 0 0 0 0 0 0 0 0 0 0 0 0 0 0 0 0 0 0 0 0 0 0 0 0 0 0 0 0 0 0 0 0 0 0 0 0 
1 0 0 0 0 0 0 0 0 0 
498 407 498 407 498 407 498 407 328 437 257 442 174 457 96 462 -6 467 -105 482 -186 497 -186 497 499 461 428 443 384 431 324 426 281 426 248 428 220 434 200 437 189 437 164 443 95 446 49 449 -5 452 -47 455 -104 464 -158 470 -205 488 -216 500 -216 500 499 392 499 392 424 392 387 379 335 366 283 366 250 370 222 379 199 387 190 387 180 392 110 409 65 413 11 422 -31 431 -90 443 -144 465 -167 474 -188 495 -197 500 -197 500 0 0 0 0 0 0 0 0 0 0 0 0 0 0 0 0 0 0 0 0 0 0 0 0 0 0 0 0 0 0 0 0 0 0 0 0 0 0 0 0 0 0 0 0 0 0 
1 0 0 0 0 0 0 0 0 0 
499 500 377 495 335 491 258 479 193 479 63 470 10 470 -54 466 -92 470 -156 470 -225 466 -279 466 -279 466 500 500 470 492 370 478 318 473 266 470 193 465 90 468 45 468 -9 465 -55 465 -100 465 -145 468 -221 470 -221 470 -221 470 499 222 499 222 454 217 371 211 323 203 273 203 202 195 117 201 54 201 23 201 -26 201 -74 201 -118 201 -185 206 -195 206 -195 206 -250 500 -250 500 0 0 0 0 0 0 0 0 0 0 0 0 0 0 0 0 0 0 0 0 0 0 0 0 0 0 0 0 0 0 0 0 0 0 0 0 0 0 0 0 0 0 0 0 0 0 0 0 0 0 0 0 0 0 0 0 0 0 
1 0 0 0 0 0 0 0 0 0 
500 497 500 497 483 493 360 485 360 485 250 465 193 465 103 465 26 465 -56 473 -174 477 -225 473 499 500 419 462 419 462 419 462 341 416 315 409 315 409 270 378 208 356 172 340 110 325 48 303 18 303 -30 310 -124 325 -172 333 -248 333 -248 333 499 498 499 498 499 498 443 498 433 494 422 494 393 486 342 471 321 463 310 460 256 448 206 441 187 433 126 418 75 410 31 410 -34 414 -100 418 -163 422 -217 414 -217 414 -291 -79 -291 -79 0 0 0 0 0 0 0 0 0 0 0 0 0 0 0 0 0 0 0 0 0 0 0 0 0 0 0 0 0 0 0 0 0 0 0 0 0 0 0 0 0 0 0 0 
1 0 0 0 0 0 0 0 0 0 
499 500 500 237 500 237 467 250 417 278 417 278 388 290 365 302 352 302 322 314 309 314 277 318 248 322 217 326 156 342 62 375 62 375 3 379 -42 391 -111 391 -111 391 -176 366 -219 334 -219 334 -228 330 -234 322 -273 286 -294 262 -302 254 -305 250 -358 197 -388 173 -446 145 -466 141 -355 495 -360 500 500 421 500 421 485 424 480 424 418 441 390 444 399 401 288 461 376 343 376 343 376 343 141 492 141 492 141 492 114 375 -66 498 -214 438 -214 438 -214 438 -286 404 -286 404 500 293 470 307 470 307 329 442 370 346 370 346 370 346 370 346 370 346 370 346 154 483 95 498 95 498 58 410 58 410 58 410 21 436 -10 416 
1 0 0 0 0 0 0 0 0 0 
499 500 499 500 481 492 340 440 332 436 256 412 268 420 239 432 239 432 239 432 -338 476 -338 476 499 500 499 500 417 459 417 459 436 467 454 467 454 467 462 470 462 470 452 463 445 456 351 397 336 390 279 368 261 364 143 346 143 346 131 350 -53 343 -53 343 -53 343 -53 343 -36 361 -71 379 -150 401 -190 408 -202 412 -242 416 -261 416 500 498 500 498 475 494 475 494 420 477 420 477 396 470 357 45 353 49 346 45 341 45 330 42 309 35 296 31 216 -21 180 -56 150 -70 119 -80 119 -80 75 -84 54 -84 19 -84 -2 -80 -37 -73 -37 -73 -78 -66 -133 -42 -188 -21 -232 -17 -254 -10 -289 -10 -309 -10 -317 -10 0 0 
1 0 0 0 0 0 0 0 0 0 
499 104 499 104 462 114 408 130 341 143 299 147 242 147 163 137 125 124 68 107 18 500 18 496 13 81 13 81 -10 68 -40 58 -164 35 -228 42 -243 45 -284 55 -320 78 464 67 499 469 499 469 452 478 411 487 335 500 291 500 229 500 150 484 140 481 78 460 16 58 16 58 -119 411 -119 411 -119 411 -119 411 -169 386 -214 389 -235 392 -243 395 -293 417 -335 52 -338 55 499 455 484 461 414 483 365 492 303 498 209 495 141 486 156 476 62 461 95 436 94 433 94 433 -364 406 0 0 0 0 0 0 0 0 0 0 0 0 0 0 0 0 0 0 0 0 0 0 0 0 0 0 0 0 0 0 0 0 0 0 
1 0 0 0 0 0 0 0 0 0 
499 404 499 404 444 389 344 366 263 328 222 297 190 274 122 267 49 267 -31 282 -117 335 -149 358 -200 404 -245 442 -280 465 -323 496 500 498 500 498 445 490 431 486 403 483 351 471 310 464 265 441 196 438 157 426 113 411 55 411 -6 411 -64 415 -139 438 -159 430 -220 456 -254 471 -280 479 -315 494 -321 494 -356 -7 -356 -7 499 488 448 498 435 498 412 496 354 485 331 480 281 469 213 461 160 450 118 442 66 442 -1 442 -53 448 -111 453 -133 458 -198 474 -234 482 -267 490 -295 496 -358 -151 0 0 0 0 0 0 0 0 0 0 0 0 0 0 0 0 0 0 0 0 0 0 0 0 0 0 0 0 0 0 0 0 
1 0 0 0 0 0 0 0 0 0 
499 404 442 411 368 425 302 432 273 432 219 439 189 439 135 446 88 446 37 460 -9 475 -31 475 -90 482 -127 482 -177 482 -198 482 -266 489 -315 496 -345 496 500 449 500 449 434 445 374 445 305 449 278 449 218 452 202 456 148 456 101 463 52 470 2 480 -13 484 -62 487 -109 484 -157 487 -178 487 -241 494 -287 498 -318 498 -362 -10 -366 -10 499 464 499 464 442 467 374 467 307 467 285 467 224 467 208 469 154 469 109 474 72 477 23 482 -1 487 -44 487 -96 487 -132 487 -166 487 -221 492 -263 492 -301 500 -343 211 -343 211 -368 -148 -368 -148 0 0 0 0 0 0 0 0 0 0 0 0 0 0 0 0 0 0 0 0 
1 0 0 0 0 0 0 0 0 0 
499 500 499 500 499 500 370 489 361 485 360 485 360 485 280 475 198 457 140 439 -12 442 -104 457 -111 460 -78 442 499 70 448 70 425 63 401 56 401 56 274 430 308 40 308 40 296 36 278 36 220 26 161 13 98 3 -6 3 -58 10 -123 23 -123 23 -167 380 -168 393 -178 403 -230 453 -253 473 -275 500 499 499 499 499 454 499 429 496 405 492 381 485 371 482 305 471 294 471 284 468 273 468 221 453 165 436 89 407 0 407 -44 414 -105 436 -285 478 -285 478 -207 99 -207 99 -276 156 -298 170 -327 187 -338 202 0 0 0 0 0 0 0 0 0 0 0 0 0 0 0 0 0 0 0 0 0 0 0 0 0 0 
1 0 0 0 0 0 0 0 0 0 
500 421 500 421 473 445 447 469 397 500 272 463 262 463 235 457 210 445 169 421 129 391 86 361 38 337 -32 319 -62 319 -105 325 -143 337 -200 349 -232 349 -251 355 -278 373 -278 373 500 464 500 464 464 475 385 500 302 489 231 478 213 471 200 468 147 447 103 419 67 397 4 383 -69 380 -119 383 -147 383 -210 397 -275 401 -294 401 -153 338 -169 341 500 467 482 474 433 492 402 500 292 481 254 460 222 438 214 431 177 405 142 384 107 365 56 358 1 351 -43 351 -70 351 -119 355 -165 358 -193 358 0 0 0 0 0 0 0 0 0 0 0 0 0 0 0 0 0 0 0 0 0 0 0 0 0 0 0 0 0 0 
1 0 0 0 0 0 0 0 0 0 
500 500 500 500 424 418 392 377 370 360 306 313 237 250 237 250 170 209 131 203 50 203 38 209 -1 220 -71 267 -140 313 -184 348 -192 354 -211 366 -217 366 -222 372 -226 372 -237 377 -255 389 -271 395 -284 389 -295 383 500 476 475 468 413 420 313 360 285 356 238 332 124 324 72 316 -31 332 -31 332 -84 336 -121 340 -247 432 -273 460 -337 472 -347 480 -351 480 -354 484 -358 488 -399 500 499 500 464 483 374 432 342 425 272 371 253 364 211 344 133 331 82 324 2 334 2 334 -47 347 -91 371 -193 408 -217 432 -310 320 -288 452 -288 452 -288 452 -288 452 -288 452 -380 347 -348 469 -348 469 0 0 0 0 0 0 0 0 0 0 
1 0 0 0 0 0 0 0 0 0 
499 344 461 360 409 371 344 387 280 404 245 409 201 415 152 415 96 420 47 442 1 469 -48 480 -83 491 -110 497 -159 491 -209 469 -241 448 -277 431 499 410 458 421 407 434 336 445 272 455 227 458 183 458 130 462 64 469 11 479 -43 486 -85 493 -132 496 -156 500 -217 500 -281 489 -304 486 -359 479 -270 78 499 450 499 450 457 453 408 453 348 457 287 464 239 467 200 467 165 467 114 470 59 477 24 484 -21 491 -54 494 -82 498 -130 498 -164 491 -201 481 -231 477 -243 474 -306 75 -306 75 0 0 0 0 0 0 0 0 0 0 0 0 0 0 0 0 0 0 0 0 0 0 0 0 0 0 0 0 0 0 0 0 
1 0 0 0 0 0 0 0 0 0 
499 346 499 346 454 350 361 367 281 384 209 393 160 397 104 405 61 410 -21 431 -93 448 -122 452 -180 465 -203 470 -241 482 -259 482 -308 500 499 304 487 304 424 333 393 341 327 349 317 349 268 357 202 386 157 394 133 402 82 410 53 414 8 430 -49 447 -85 455 -104 463 -128 467 -147 471 -182 483 -219 500 -222 500 500 378 500 378 438 376 405 378 353 378 339 381 276 387 219 395 167 398 113 401 92 401 56 398 8 403 -61 409 -94 384 -121 403 -138 417 -168 448 -211 470 -243 487 -247 490 -261 498 0 0 0 0 0 0 0 0 0 0 0 0 0 0 0 0 0 0 0 0 0 0 0 0 0 0 0 0 0 0 
1 0 0 0 0 0 0 0 0 0 
500 500 500 500 500 500 500 500 500 500 442 494 360 488 317 494 258 494 207 494 125 483 67 477 -29 471 -131 443 -203 426 -279 404 -324 393 499 498 428 413 428 413 411 409 393 409 378 409 378 409 306 416 265 419 238 419 190 422 155 422 99 422 57 416 -13 413 -70 409 -126 406 -187 400 -221 400 -247 403 499 210 499 210 461 199 416 192 386 188 372 188 360 188 348 184 326 184 289 181 253 173 219 173 175 173 142 173 92 170 43 170 -21 170 -60 159 -119 148 -172 130 -202 123 -226 112 -264 500 -264 500 0 0 0 0 0 0 0 0 0 0 0 0 0 0 0 0 0 0 0 0 0 0 0 0 0 0 0 0 
1 0 0 0 0 0 0 0 0 0 
