-249 80 -335 456 -322 459 -283 473 -240 484 -189 487 -150 487 -92 498 -55 498 4 491 50 484 77 487 120 473 176 463 222 456 267 449 325 439 358 439 398 439 446 456 478 466 496 473 499 473 499 473 -418 321 -418 321 -372 356 -325 385 -284 402 -243 413 -188 419 -153 431 -97 436 -59 425 -28 419 14 396 68 362 107 339 153 321 202 310 234 310 273 316 325 350 342 367 499 499 -255 371 -255 371 -201 439 -172 460 -123 476 -83 486 -27 492 6 497 60 492 96 486 128 471 166 455 225 418 266 392 311 371 356 356 389 350 431 356 474 376 499 387 0 0 0 0 0 0 0 0 0 0 0 0 0 0 0 0 0 0 0 0 
0 1 0 0 0 0 0 0 0 0 
-188 453 -338 355 -338 355 -288 342 -236 338 -116 371 -86 375 -34 391 25 400 99 408 129 412 223 428 272 432 304 436 371 453 423 473 474 489 494 493 500 497 -356 61 -274 417 -274 417 -205 390 -178 387 -89 390 -38 398 -6 422 47 435 97 443 144 449 211 457 274 462 315 465 367 467 407 473 441 478 474 483 498 497 500 500 -228 379 -217 379 -170 372 -133 368 -37 387 -3 394 36 402 103 409 133 409 169 417 243 428 295 436 327 439 383 451 425 466 464 481 482 488 500 500 0 0 0 0 0 0 0 0 0 0 0 0 0 0 0 0 0 0 0 0 0 0 0 0 0 0 0 0 0 0 0 0 0 0 0 0 
0 1 0 0 0 0 0 0 0 0 
-307 497 -307 497 -247 440 -199 398 -158 383 -122 378 -62 367 -8 357 30 341 54 341 87 347 99 347 110 347 120 352 120 352 124 352 133 352 165 352 174 352 188 352 188 352 193 357 199 357 224 352 233 352 239 352 243 352 248 352 259 352 292 347 296 341 310 336 310 336 314 336 342 331 353 326 357 326 363 321 367 321 371 316 409 295 435 274 472 248 500 233 190 489 190 489 190 489 258 499 258 499 258 499 335 493 335 493 335 493 412 489 412 489 412 489 500 486 500 486 500 486 500 486 -283 500 -221 454 -173 441 -130 435 -87 431 -51 431 5 425 50 425 69 422 103 425 113 425 118 425 123 422 134 425 145 425 
0 1 0 0 0 0 0 0 0 0 
-253 498 -217 480 -154 441 -120 412 -33 348 2 327 113 313 128 320 183 334 235 352 285 359 289 362 289 362 304 366 304 366 326 373 357 384 396 395 401 398 410 402 421 405 437 409 500 423 -310 146 -310 146 -272 116 -221 78 -162 41 -67 -44 -52 -44 48 -59 67 -56 129 -37 183 -7 267 400 275 404 230 7 230 7 241 7 251 11 260 14 275 22 308 29 374 434 379 438 344 41 347 41 362 44 362 44 390 48 442 48 499 483 496 486 484 498 -370 500 -370 500 -339 476 -285 443 -225 406 -153 343 -81 306 -35 300 -2 300 57 323 111 346 199 -50 203 -50 176 370 176 370 176 370 176 370 176 370 176 370 217 390 302 -23 
0 1 0 0 0 0 0 0 0 0 
-357 500 -345 494 -316 482 -304 476 -292 476 -292 476 -271 458 -203 440 -142 434 -92 428 -17 422 16 422 80 422 143 434 176 440 195 446 243 452 296 452 334 464 382 464 416 446 499 416 -316 500 -316 500 -349 88 -288 489 -277 485 -266 482 -256 482 -236 478 -179 464 -123 457 -60 468 -16 457 40 454 102 464 153 461 187 464 205 464 244 468 294 471 323 475 367 475 412 471 470 468 478 24 480 24 499 17 -366 63 -418 500 -418 500 -304 449 -361 479 -361 479 -361 479 -361 479 -361 479 -272 459 -222 456 -163 453 -110 453 -65 453 -1 456 47 463 98 463 105 466 149 469 204 469 220 473 265 469 321 466 373 449 472 419 469 419 452 416 
0 1 0 0 0 0 0 0 0 0 
498 500 -207 498 -207 498 -207 498 -195 495 -82 444 -82 444 -66 434 50 400 50 400 50 400 68 400 152 409 246 409 277 412 337 419 347 422 401 428 486 441 486 441 499 441 -347 500 -347 500 -300 463 -267 442 -232 418 -189 403 -167 396 -157 393 -123 381 -79 369 -79 369 -60 360 -10 336 20 324 20 324 40 324 80 315 120 315 169 321 221 330 266 336 310 342 336 345 367 345 401 351 420 357 450 366 467 372 480 384 465 403 500 33 500 33 -413 497 -400 478 -361 450 -327 422 -286 399 -242 375 -222 366 -213 361 -167 338 -139 319 -139 319 -117 300 -67 272 -16 230 -16 230 -1 220 20 215 65 215 119 220 175 234 225 244 270 253 
0 1 0 0 0 0 0 0 0 0 
-327 381 -327 381 -274 375 -232 387 -114 393 -81 393 2 421 78 421 102 439 102 439 102 439 157 462 167 468 167 468 197 479 252 485 318 497 337 497 363 491 386 485 427 462 491 393 500 387 -282 440 -282 440 -235 430 -203 434 -89 444 -28 447 19 454 112 468 128 468 128 468 128 468 169 482 179 486 179 486 209 493 268 496 328 500 348 500 361 500 386 496 429 486 481 472 482 468 497 6 499 3 -393 426 -313 416 -274 423 -129 423 -71 426 -4 436 69 449 69 449 69 449 150 478 150 478 207 491 236 495 320 498 320 498 391 485 391 485 429 469 499 439 0 0 0 0 0 0 0 0 0 0 0 0 0 0 0 0 
0 1 0 0 0 0 0 0 0 0 
-286 398 -286 398 -286 398 -268 402 -182 416 -107 428 -62 439 -30 450 49 468 70 472 114 483 186 490 243 487 323 479 363 479 419 479 464 483 499 498 -214 374 -203 384 -194 391 -174 405 -147 419 -136 426 -74 444 -3 458 17 465 75 479 133 486 143 489 192 496 67 437 77 437 240 500 121 437 125 437 306 496 382 489 408 486 454 479 485 479 500 479 401 458 403 458 -260 493 -247 493 -236 495 -214 495 -183 495 -166 498 -109 495 -48 493 2 490 39 476 113 460 120 454 176 432 191 279 203 282 246 441 255 282 264 279 296 454 366 460 396 465 428 471 475 479 499 484 496 271 496 271 0 0 0 0 0 0 0 0 0 0 
0 1 0 0 0 0 0 0 0 0 
-211 116 -372 97 -372 97 -329 82 -133 500 -124 477 -235 30 -126 -30 -92 -37 -51 -41 -1 -37 61 -18 112 3 283 383 287 383 194 33 223 41 274 52 283 56 293 60 352 90 369 101 443 142 466 157 482 169 499 184 -260 500 -248 496 -170 456 -183 64 -169 57 -134 402 -41 352 -7 345 37 341 88 341 138 348 185 352 187 14 192 17 230 330 300 57 322 57 322 57 346 68 398 97 425 115 487 154 497 161 500 165 -240 86 -225 82 -183 60 -121 32 -33 -17 12 -25 37 -25 90 -21 146 -7 184 7 235 28 336 444 336 444 336 444 402 476 433 483 490 498 500 498 0 0 0 0 0 0 0 0 0 0 0 0 0 0 
0 1 0 0 0 0 0 0 0 0 
-249 439 -231 443 -185 439 -141 406 -119 398 -70 394 -31 398 15 398 37 402 50 402 100 414 123 422 140 426 200 443 256 451 267 455 301 463 311 463 362 479 410 483 476 500 494 500 499 483 -249 454 -380 305 -369 309 -322 297 -277 280 -261 276 -207 264 -163 272 -109 280 -84 289 -73 293 -35 293 -3 309 13 314 63 322 124 338 153 355 178 355 197 363 239 371 277 384 345 404 391 417 409 409 499 499 499 495 -383 44 -312 442 -296 442 -244 428 -202 411 -177 406 -131 400 -94 397 -45 397 -11 397 -8 397 45 400 69 400 100 397 146 400 206 397 215 394 268 400 281 397 319 397 375 476 423 487 471 495 494 498 497 498 498 498 
0 1 0 0 0 0 0 0 0 0 
-242 498 -336 76 -336 76 -273 79 -248 73 -192 70 -192 70 -182 65 -182 65 -137 59 -129 56 -73 53 -29 56 50 65 94 73 180 99 218 110 302 130 344 147 390 161 421 164 473 184 485 186 500 195 -212 369 -201 380 -174 384 -157 384 -121 384 -54 373 -54 373 -54 373 -54 373 13 369 76 366 111 369 194 388 253 406 292 417 363 454 402 468 448 483 465 490 499 498 -216 132 -269 438 -269 438 -235 438 -198 433 -167 433 -87 353 -87 353 -82 359 -53 337 -53 337 -11 343 50 329 77 345 162 422 202 438 245 446 315 460 355 462 404 462 434 468 483 486 500 500 0 0 0 0 0 0 0 0 0 0 0 0 0 0 0 0 
0 1 0 0 0 0 0 0 0 0 
-331 250 -316 250 -234 264 -223 264 -132 283 -75 322 1 360 61 389 135 427 195 413 257 437 307 442 473 485 496 495 500 500 -349 -64 -290 355 -278 352 -189 355 -179 355 -106 372 -51 383 23 392 85 383 145 380 207 380 254 375 291 386 254 53 282 50 322 58 456 473 456 473 491 492 491 492 499 498 -302 500 -235 218 -218 215 -145 232 -122 235 -55 254 -9 264 62 284 94 287 163 300 210 300 258 303 289 303 327 330 365 316 396 336 443 359 473 372 496 392 496 392 499 395 0 0 0 0 0 0 0 0 0 0 0 0 0 0 0 0 0 0 0 0 0 0 0 0 0 0 0 0 0 0 0 0 0 0 0 0 
0 1 0 0 0 0 0 0 0 0 
-324 67 -454 391 -454 391 -369 498 -406 401 -406 401 -321 355 -304 333 -218 417 -229 365 -231 333 -200 323 -102 304 -80 300 -31 297 115 -35 125 -35 119 368 119 368 119 368 119 368 137 320 186 323 274 401 270 388 332 420 332 420 332 420 388 414 388 414 434 375 442 294 500 336 500 336 500 336 500 336 -372 498 -372 498 -327 67 -372 498 -356 491 -240 436 -223 417 -163 3 -153 0 -131 -9 -102 -16 -3 -32 40 -35 95 -35 46 346 43 333 136 -38 145 -35 155 -35 172 -35 192 381 247 407 315 0 334 3 255 378 255 372 370 6 425 -9 433 -12 486 -38 500 -51 418 252 418 252 417 239 -327 124 -327 124 -327 124 -316 117 -223 78 
0 1 0 0 0 0 0 0 0 0 
-195 498 -195 498 -195 498 -195 498 -166 494 -166 494 -149 494 -86 487 -45 476 -11 472 64 447 96 433 124 425 185 418 215 422 255 422 311 422 339 418 389 415 421 407 458 404 499 397 -319 76 -277 68 -238 68 -195 72 -195 72 -169 76 -144 72 -123 72 -123 72 -112 68 -51 64 -25 60 8 56 84 40 113 36 144 32 203 28 231 28 268 28 327 28 350 28 395 20 437 12 485 8 499 4 487 493 489 497 -322 498 -322 498 -271 493 -233 493 -191 495 -179 495 -152 498 -128 495 -111 495 -99 495 -99 495 -55 495 -22 493 23 487 78 479 118 474 139 474 200 474 230 471 267 474 325 474 344 474 387 471 423 469 478 466 495 469 
0 1 0 0 0 0 0 0 0 0 
-364 333 -319 356 -291 371 -243 409 -192 439 -150 446 -95 469 -61 477 -15 484 14 492 44 500 108 500 139 500 191 500 221 492 274 477 323 446 365 431 401 416 458 401 489 401 500 409 -409 428 -409 428 -349 443 -338 443 -279 465 -240 473 -189 477 -145 481 -112 488 -69 496 -39 496 -8 500 54 496 84 500 141 496 173 492 218 481 266 465 304 462 336 454 386 450 411 450 424 450 499 -45 499 -53 -364 474 -364 474 -310 474 -288 474 -233 482 -194 487 -142 487 -99 490 -67 493 -31 495 1 495 34 495 97 498 137 498 176 498 214 495 268 487 315 479 353 477 388 477 435 474 470 474 492 474 485 172 491 172 500 167 0 0 0 0 
0 1 0 0 0 0 0 0 0 0 
