40 150 4
204 204 204 204 500 500 500 500 363 363 363 363 204 204 204 204 500 500 204 204 363 363 497 204 497 204 494 204 489 500 484 500 479 363 477 363 474 204 474 204 479 500 482 204 489 363 500 0 499 116 491 497 491 497 416 494 340 489 300 484 239 479 183 477 120 474 62 474 0 479 -83 482 -141 489 -174 500 -174 500 0 0 0 0 0 0 0 0 0 0 0 0 0 0 0 0 0 0 0 0 0 0 0 0 0 0 0 0 0 0 0 0 0 0 0 0 0 0 0 0 0 0 0 0 0 0 0 0 0 0 0 0 0 0 0 0 0 0 0 0 0 0 0 0 0 0 0 0 0 0 0 0 
1 0 0 0 
500 500 363 363 204 204 204 204 363 363 204 204 204 204 363 363 204 204 0 0 0 0 204 204 204 204 363 363 204 204 204 204 204 204 401 500 401 500 405 363 412 363 412 204 415 204 417 363 417 363 419 363 422 204 422 204 422 204 424 363 433 204 440 0 454 0 463 204 467 204 477 363 483 204 490 204 493 204 500 363 500 49 495 389 495 389 476 393 442 400 428 400 412 402 398 404 398 404 384 407 347 409 347 409 336 409 323 411 292 420 266 427 213 441 138 450 101 454 40 463 -6 470 -79 477 -133 479 -194 486 -224 500 -224 500 0 0 0 0 0 0 0 0 0 0 0 0 0 0 0 0 0 0 
1 0 0 0 
78 78 78 78 78 78 315 315 315 315 315 315 315 315 315 315 315 315 315 315 499 499 499 499 499 499 499 499 315 315 315 315 315 315 499 499 315 315 489 499 491 315 493 78 496 78 496 78 498 315 498 315 498 315 498 315 498 315 496 315 496 315 496 315 496 315 493 315 491 315 491 315 489 499 489 499 484 499 476 499 467 315 454 315 445 315 433 499 430 315 428 78 428 78 500 489 500 489 456 491 416 493 407 496 402 496 398 498 398 498 393 498 393 498 338 498 329 496 322 496 308 496 308 496 296 493 260 491 255 491 239 489 225 489 172 484 119 476 53 467 -9 454 -72 445 -130 433 -170 430 -178 428 
1 0 0 0 
499 499 315 315 78 78 315 315 315 315 315 315 315 315 315 315 315 315 315 315 315 315 315 315 498 499 498 499 484 315 470 78 465 315 465 315 458 78 458 315 458 315 454 315 449 315 444 315 447 315 449 315 454 315 454 315 500 -183 420 498 420 498 333 484 252 470 206 465 206 465 126 458 115 458 102 458 29 454 -11 449 -65 444 -175 447 -184 449 -241 454 -241 454 -269 458 0 0 0 0 0 0 0 0 0 0 0 0 0 0 0 0 0 0 0 0 0 0 0 0 0 0 0 0 0 0 0 0 0 0 0 0 0 0 0 0 0 0 0 0 0 0 0 0 0 0 0 0 0 0 0 0 0 0 
1 0 0 0 
483 483 483 483 483 483 193 193 193 193 193 193 193 193 193 193 193 193 193 193 193 193 193 193 500 483 479 483 469 483 465 193 458 193 453 193 449 193 444 193 444 193 449 193 456 193 467 193 467 193 500 500 500 500 442 479 369 469 313 465 234 458 174 453 97 449 37 444 -39 444 -98 449 -171 456 -235 467 -235 467 -240 469 0 0 0 0 0 0 0 0 0 0 0 0 0 0 0 0 0 0 0 0 0 0 0 0 0 0 0 0 0 0 0 0 0 0 0 0 0 0 0 0 0 0 0 0 0 0 0 0 0 0 0 0 0 0 0 0 0 0 0 0 0 0 0 0 0 0 0 0 0 0 
1 0 0 0 
483 483 193 193 483 483 483 483 483 483 193 193 193 193 483 483 193 193 483 483 483 483 483 483 498 483 498 483 490 193 486 483 484 483 480 483 471 193 467 193 465 483 463 193 461 483 465 483 480 483 499 -339 442 498 442 498 377 490 326 486 273 484 216 480 149 471 93 467 35 465 -19 463 -76 461 -130 465 -203 480 -231 490 0 0 0 0 0 0 0 0 0 0 0 0 0 0 0 0 0 0 0 0 0 0 0 0 0 0 0 0 0 0 0 0 0 0 0 0 0 0 0 0 0 0 0 0 0 0 0 0 0 0 0 0 0 0 0 0 0 0 0 0 0 0 0 0 0 0 0 0 0 0 
1 0 0 0 
0 0 204 204 204 204 204 204 204 204 204 204 204 204 0 0 204 204 204 204 204 204 500 500 456 204 461 0 458 204 451 204 449 204 451 204 449 204 447 204 454 0 463 204 475 204 491 204 498 500 498 500 500 451 500 451 405 456 368 454 307 447 245 444 182 447 103 444 41 442 -9 449 -59 459 -97 470 -176 487 -208 494 -208 494 -224 498 0 0 0 0 0 0 0 0 0 0 0 0 0 0 0 0 0 0 0 0 0 0 0 0 0 0 0 0 0 0 0 0 0 0 0 0 0 0 0 0 0 0 0 0 0 0 0 0 0 0 0 0 0 0 0 0 0 0 0 0 0 0 0 0 0 0 
1 0 0 0 
315 315 315 315 499 499 315 315 78 78 315 315 315 315 78 78 315 315 315 315 315 315 78 78 465 500 455 204 452 204 452 363 457 204 463 0 463 204 463 204 463 0 465 204 476 204 492 204 500 0 500 465 500 465 431 455 369 452 308 452 255 457 204 463 142 463 81 463 20 463 -31 465 -92 476 -146 492 -175 500 -175 500 0 0 0 0 0 0 0 0 0 0 0 0 0 0 0 0 0 0 0 0 0 0 0 0 0 0 0 0 0 0 0 0 0 0 0 0 0 0 0 0 0 0 0 0 0 0 0 0 0 0 0 0 0 0 0 0 0 0 0 0 0 0 0 0 0 0 0 0 0 0 
1 0 0 0 
204 204 204 204 0 0 204 204 204 204 204 204 363 363 500 500 204 204 204 204 204 204 500 500 0 0 491 204 500 204 497 0 493 204 470 204 451 204 436 363 427 500 425 204 427 204 427 204 429 500 436 0 500 491 500 491 394 500 325 497 284 493 180 470 117 451 52 436 -10 427 -54 425 -124 427 -194 427 -242 429 -264 436 0 0 0 0 0 0 0 0 0 0 0 0 0 0 0 0 0 0 0 0 0 0 0 0 0 0 0 0 0 0 0 0 0 0 0 0 0 0 0 0 0 0 0 0 0 0 0 0 0 0 0 0 0 0 0 0 0 0 0 0 0 0 0 0 0 0 0 0 0 0 
1 0 0 0 
499 499 315 315 315 315 315 315 78 78 78 78 315 315 315 315 78 78 78 78 78 78 78 78 412 500 430 363 443 204 458 204 468 204 476 0 485 0 493 204 497 204 500 0 500 0 500 0 500 0 500 0 500 412 500 412 448 430 406 443 353 458 301 468 245 476 183 485 106 493 73 497 3 500 -65 500 -106 500 -138 500 -138 500 0 0 0 0 0 0 0 0 0 0 0 0 0 0 0 0 0 0 0 0 0 0 0 0 0 0 0 0 0 0 0 0 0 0 0 0 0 0 0 0 0 0 0 0 0 0 0 0 0 0 0 0 0 0 0 0 0 0 0 0 0 0 0 0 0 0 0 0 
1 0 0 0 
500 500 500 500 204 204 204 204 204 204 204 204 204 204 204 204 363 363 204 204 204 204 500 500 489 500 487 500 487 500 484 204 477 204 469 204 464 204 461 204 461 204 467 363 474 204 474 204 477 204 -265 500 -265 500 -157 489 -101 487 -88 487 -61 484 -1 477 59 469 135 464 247 461 320 461 368 467 405 474 406 474 410 477 499 -205 499 -205 0 0 0 0 0 0 0 0 0 0 0 0 0 0 0 0 0 0 0 0 0 0 0 0 0 0 0 0 0 0 0 0 0 0 0 0 0 0 0 0 0 0 0 0 0 0 0 0 0 0 0 0 0 0 0 0 0 0 0 0 0 0 0 0 0 0 
0 1 0 0 
315 315 315 315 315 315 315 315 315 315 315 315 315 315 499 499 315 315 315 315 315 315 315 315 315 315 78 78 498 499 490 315 474 315 472 315 463 315 461 315 458 315 456 315 450 499 445 315 439 315 430 315 423 315 421 315 421 78 -337 78 -337 78 -184 498 -184 498 -157 490 -77 474 -66 472 1 463 71 461 110 458 185 456 231 450 253 445 308 439 370 430 404 423 415 421 418 421 500 -337 500 -337 0 0 0 0 0 0 0 0 0 0 0 0 0 0 0 0 0 0 0 0 0 0 0 0 0 0 0 0 0 0 0 0 0 0 0 0 0 0 0 0 0 0 0 0 0 0 0 0 0 0 0 0 
0 1 0 0 
363 363 500 500 204 204 500 500 204 204 500 500 500 500 204 204 363 363 204 204 467 363 467 363 476 500 471 204 471 500 469 204 474 500 474 500 478 204 483 363 498 204 125 0 125 0 -200 467 -200 467 -200 467 -103 476 -43 471 34 471 134 469 245 474 292 474 352 478 361 483 401 498 368 125 368 125 499 -343 499 -343 0 0 0 0 0 0 0 0 0 0 0 0 0 0 0 0 0 0 0 0 0 0 0 0 0 0 0 0 0 0 0 0 0 0 0 0 0 0 0 0 0 0 0 0 0 0 0 0 0 0 0 0 0 0 0 0 0 0 0 0 0 0 0 0 0 0 0 0 0 0 0 0 
0 1 0 0 
498 499 487 315 472 315 463 315 454 315 451 315 454 499 461 315 472 315 482 78 -138 498 -138 498 -18 487 32 472 68 463 146 454 205 451 321 454 370 461 426 472 474 482 499 -367 499 -367 0 0 0 0 0 0 0 0 0 0 0 0 0 0 0 0 0 0 0 0 0 0 0 0 0 0 0 0 0 0 0 0 0 0 0 0 0 0 0 0 0 0 0 0 0 0 0 0 0 0 0 0 0 0 0 0 0 0 0 0 0 0 0 0 0 0 0 0 0 0 0 0 0 0 0 0 0 0 0 0 0 0 0 0 0 0 0 0 0 0 0 0 0 0 0 0 0 0 0 0 0 0 0 0 
0 1 0 0 
386 122 403 387 436 387 453 489 495 489 495 265 478 265 462 265 445 265 436 265 445 387 453 265 -121 -47 -121 -47 -52 -38 9 -21 43 -12 118 8 157 8 220 0 295 -8 334 -17 392 -21 448 -17 499 -12 482 500 482 500 0 0 0 0 0 0 0 0 0 0 0 0 0 0 0 0 0 0 0 0 0 0 0 0 0 0 0 0 0 0 0 0 0 0 0 0 0 0 0 0 0 0 0 0 0 0 0 0 0 0 0 0 0 0 0 0 0 0 0 0 0 0 0 0 0 0 0 0 0 0 0 0 0 0 0 0 0 0 0 0 0 0 0 0 0 0 0 0 0 0 0 0 0 0 0 0 
0 1 0 0 
500 500 500 500 363 363 363 363 191 387 132 387 117 387 147 489 205 489 279 489 338 265 352 387 367 387 441 265 500 265 500 265 455 265 -143 191 -143 191 -78 132 -24 117 11 147 63 205 131 279 207 338 259 352 284 367 360 441 422 500 422 500 475 455 500 411 0 0 0 0 0 0 0 0 0 0 0 0 0 0 0 0 0 0 0 0 0 0 0 0 0 0 0 0 0 0 0 0 0 0 0 0 0 0 0 0 0 0 0 0 0 0 0 0 0 0 0 0 0 0 0 0 0 0 0 0 0 0 0 0 0 0 0 0 0 0 0 0 0 0 0 0 0 0 0 0 0 0 0 0 0 0 
0 1 0 0 
499 499 315 315 315 315 499 499 499 499 315 315 441 499 382 499 441 315 485 499 500 315 485 499 500 315 485 315 485 499 485 499 485 315 485 315 455 315 397 315 -138 441 -138 441 -87 382 7 441 64 485 165 500 220 485 244 500 256 485 268 485 285 485 357 485 357 485 425 455 475 397 500 323 0 0 0 0 0 0 0 0 0 0 0 0 0 0 0 0 0 0 0 0 0 0 0 0 0 0 0 0 0 0 0 0 0 0 0 0 0 0 0 0 0 0 0 0 0 0 0 0 0 0 0 0 0 0 0 0 0 0 0 0 0 0 0 0 0 0 0 0 0 0 0 0 0 0 0 0 0 0 
0 1 0 0 
282 193 282 193 313 193 327 193 348 193 393 193 413 483 434 193 441 483 458 193 468 483 475 193 482 193 493 193 499 193 -222 282 -222 282 -148 313 -116 327 -61 348 30 393 78 413 126 434 148 441 232 458 266 468 319 475 374 482 400 493 409 499 495 -179 499 -182 0 0 0 0 0 0 0 0 0 0 0 0 0 0 0 0 0 0 0 0 0 0 0 0 0 0 0 0 0 0 0 0 0 0 0 0 0 0 0 0 0 0 0 0 0 0 0 0 0 0 0 0 0 0 0 0 0 0 0 0 0 0 0 0 0 0 0 0 0 0 0 0 0 0 0 0 0 0 0 0 0 0 0 0 0 0 
0 1 0 0 
204 204 363 363 204 204 363 363 500 500 363 363 363 363 363 363 363 363 363 363 204 204 0 0 499 204 499 204 474 500 459 363 452 363 449 204 452 363 452 204 452 363 452 500 454 363 454 363 457 363 457 363 459 363 462 204 467 0 83 0 83 0 -171 499 -171 499 -171 499 -122 474 -73 459 -7 452 27 449 83 452 94 452 106 452 117 452 130 454 199 454 258 457 324 457 375 459 414 462 448 467 410 83 416 83 495 -376 499 -376 0 0 0 0 0 0 0 0 0 0 0 0 0 0 0 0 0 0 0 0 0 0 0 0 0 0 0 0 0 0 0 0 0 0 0 0 0 0 0 0 0 0 0 0 
0 1 0 0 
363 363 500 500 0 0 0 0 0 0 0 0 0 0 0 0 0 0 0 0 363 363 363 363 497 500 500 363 500 500 497 0 497 0 -343 204 -343 204 -353 204 490 0 490 0 490 0 490 0 490 0 480 0 475 363 468 363 -365 204 -362 204 -205 497 -205 497 -167 500 -82 500 12 497 12 497 88 -343 88 -343 147 -353 174 490 174 490 174 490 174 490 174 490 278 480 316 475 369 468 497 -365 500 -362 500 -362 0 0 0 0 0 0 0 0 0 0 0 0 0 0 0 0 0 0 0 0 0 0 0 0 0 0 0 0 0 0 0 0 0 0 0 0 0 0 0 0 0 0 0 0 0 0 0 0 0 0 
0 1 0 0 
499 499 315 315 499 499 315 315 78 78 315 315 315 315 499 499 78 78 315 315 78 78 78 78 78 78 78 78 -376 499 -376 499 -273 315 -231 499 -199 315 -120 78 -24 315 83 315 131 499 251 78 297 315 369 78 455 78 498 78 498 78 498 78 294 -376 294 -376 306 -273 315 -231 323 -199 341 -120 361 -24 404 83 424 131 462 251 473 297 488 369 500 455 494 498 494 498 494 498 494 498 494 498 0 0 0 0 0 0 0 0 0 0 0 0 0 0 0 0 0 0 0 0 0 0 0 0 0 0 0 0 0 0 0 0 0 0 0 0 0 0 0 0 0 0 0 0 0 0 0 0 0 0 0 0 0 0 
0 0 1 0 
500 500 363 363 204 204 204 204 204 204 363 363 363 363 363 363 363 363 204 204 0 0 -317 500 -317 500 -224 363 -140 204 -15 204 64 204 123 363 220 363 323 363 358 363 440 204 498 0 481 0 481 0 450 -306 -173 -317 -173 -317 -182 -224 -184 -140 -178 -15 -172 64 -167 123 -160 220 -152 323 -151 358 -145 440 -143 498 500 481 500 481 500 481 500 481 0 0 0 0 0 0 0 0 0 0 0 0 0 0 0 0 0 0 0 0 0 0 0 0 0 0 0 0 0 0 0 0 0 0 0 0 0 0 0 0 0 0 0 0 0 0 0 0 0 0 0 0 0 0 0 0 0 0 0 0 0 0 0 0 0 0 
0 0 1 0 
363 363 363 363 204 204 363 363 363 363 204 204 500 500 500 500 204 204 204 204 204 204 0 0 -344 363 -344 363 -267 363 -168 204 -92 363 -15 363 68 204 122 500 200 500 258 204 357 204 463 204 500 0 474 0 474 0 -212 -344 -212 -344 -212 -267 -203 -168 -194 -92 -187 -15 -179 68 -173 122 -164 200 -159 258 -150 357 -141 463 -135 500 499 474 499 474 190 495 190 495 0 0 0 0 0 0 0 0 0 0 0 0 0 0 0 0 0 0 0 0 0 0 0 0 0 0 0 0 0 0 0 0 0 0 0 0 0 0 0 0 0 0 0 0 0 0 0 0 0 0 0 0 0 0 0 0 0 0 0 0 0 0 
0 0 1 0 
314 314 314 314 500 500 407 407 407 407 314 314 314 314 314 314 314 314 74 74 -92 -92 -92 -92 -92 -92 -92 -92 -406 314 -406 314 -323 314 -161 500 -76 407 71 407 148 314 215 314 271 314 355 314 458 74 489 -92 494 -92 498 -92 498 -92 498 -92 368 -410 368 -410 377 -330 403 -174 413 -92 438 49 457 123 471 187 481 241 492 321 500 421 500 451 500 455 500 460 500 460 500 460 295 498 295 498 0 0 0 0 0 0 0 0 0 0 0 0 0 0 0 0 0 0 0 0 0 0 0 0 0 0 0 0 0 0 0 0 0 0 0 0 0 0 0 0 0 0 0 0 0 0 0 0 0 0 0 0 0 0 
0 0 1 0 
315 315 499 499 499 499 499 499 499 499 499 499 499 499 499 499 499 499 499 499 499 499 315 315 78 78 -345 315 -345 315 -287 499 -215 499 -112 499 -25 499 -6 499 60 499 170 499 259 499 298 499 382 499 477 315 498 78 498 78 -145 -345 -145 -345 -162 -287 -175 -215 -179 -112 -181 -25 -181 -6 -179 60 -178 170 -178 259 -178 298 -176 382 -176 477 -178 498 -178 498 499 479 497 481 0 0 0 0 0 0 0 0 0 0 0 0 0 0 0 0 0 0 0 0 0 0 0 0 0 0 0 0 0 0 0 0 0 0 0 0 0 0 0 0 0 0 0 0 0 0 0 0 0 0 0 0 0 0 0 0 0 0 0 0 
0 0 1 0 
204 204 204 204 363 363 500 500 0 0 204 204 363 363 204 204 204 204 500 500 500 500 204 204 204 204 0 0 0 0 0 0 -363 204 -363 204 -264 363 -170 500 -123 0 -69 204 4 363 82 204 158 204 227 500 279 500 357 204 437 204 487 0 491 0 495 0 500 0 437 -318 -182 -363 -182 -363 -179 -264 -166 -170 -156 -123 -145 -69 -138 4 -130 82 -121 158 -109 227 -104 279 -99 357 -93 437 -89 487 -89 491 -89 495 -89 500 500 489 500 489 0 0 0 0 0 0 0 0 0 0 0 0 0 0 0 0 0 0 0 0 0 0 0 0 0 0 0 0 0 0 0 0 0 0 0 0 0 0 0 0 0 0 0 0 
0 0 1 0 
204 204 363 363 500 500 500 500 363 363 204 204 363 363 204 204 204 204 204 204 204 204 -351 204 -351 204 -224 363 -173 500 -70 500 -54 363 -35 204 54 363 158 204 232 204 318 204 415 204 415 204 435 204 498 0 404 -351 404 -351 434 -224 445 -173 457 -70 459 -54 461 -35 464 54 478 158 487 232 491 318 491 415 491 415 491 435 498 498 0 0 0 0 0 0 0 0 0 0 0 0 0 0 0 0 0 0 0 0 0 0 0 0 0 0 0 0 0 0 0 0 0 0 0 0 0 0 0 0 0 0 0 0 0 0 0 0 0 0 0 0 0 0 0 0 0 0 0 0 0 0 0 0 0 0 0 0 
0 0 1 0 
204 204 204 204 363 363 500 500 363 363 204 204 363 363 204 204 0 0 0 0 -338 204 -338 204 -228 204 -181 363 -79 500 0 363 150 204 258 363 342 204 428 0 491 0 500 0 400 -338 400 -338 452 -228 471 -181 495 -79 500 0 495 150 485 258 481 342 476 428 471 491 471 500 471 500 471 500 0 0 0 0 0 0 0 0 0 0 0 0 0 0 0 0 0 0 0 0 0 0 0 0 0 0 0 0 0 0 0 0 0 0 0 0 0 0 0 0 0 0 0 0 0 0 0 0 0 0 0 0 0 0 0 0 0 0 0 0 0 0 0 0 0 0 0 0 0 0 0 0 0 0 0 0 0 0 
0 0 1 0 
315 315 499 499 315 315 499 499 499 499 499 499 499 499 315 315 499 499 315 315 78 78 -323 500 -213 204 -165 363 -94 204 8 363 66 363 172 363 273 363 355 204 426 363 478 204 500 0 461 0 474 0 -151 -324 -151 -324 -134 -215 -128 -167 -122 -96 -114 6 -111 64 -103 169 -96 270 -89 352 -80 423 -74 475 -68 496 172 458 173 470 497 494 499 498 0 0 0 0 0 0 0 0 0 0 0 0 0 0 0 0 0 0 0 0 0 0 0 0 0 0 0 0 0 0 0 0 0 0 0 0 0 0 0 0 0 0 0 0 0 0 0 0 0 0 0 0 0 0 0 0 0 0 0 0 0 0 0 0 0 0 
0 0 1 0 
500 500 500 500 363 363 500 500 500 500 363 363 363 363 363 363 363 363 363 363 363 363 0 0 -359 363 -269 500 -235 500 -192 363 -111 500 -19 500 55 363 132 363 241 363 274 363 368 363 441 363 494 0 494 0 498 0 357 -359 357 -359 384 -269 393 -235 400 -192 409 -111 422 -19 432 55 446 132 463 241 466 274 478 368 489 441 499 494 499 494 499 498 174 494 174 494 0 0 0 0 0 0 0 0 0 0 0 0 0 0 0 0 0 0 0 0 0 0 0 0 0 0 0 0 0 0 0 0 0 0 0 0 0 0 0 0 0 0 0 0 0 0 0 0 0 0 0 0 0 0 0 0 0 0 0 0 
0 0 1 0 
315 315 315 315 315 315 78 78 78 78 78 78 315 315 315 315 315 315 315 315 499 499 315 315 315 315 500 315 430 315 332 315 275 315 220 78 127 78 36 78 -46 315 -131 315 -216 315 -281 315 -338 499 -419 315 -449 315 -449 315 -90 500 -93 430 -92 332 -96 275 -103 220 -114 127 -123 36 -128 -46 -131 -131 -132 -216 -134 -281 -135 -338 -140 -419 -145 -449 -145 -449 500 -379 500 -379 0 0 0 0 0 0 0 0 0 0 0 0 0 0 0 0 0 0 0 0 0 0 0 0 0 0 0 0 0 0 0 0 0 0 0 0 0 0 0 0 0 0 0 0 0 0 0 0 0 0 0 0 0 0 0 0 0 0 0 0 
0 0 0 1 
315 315 315 315 315 315 499 499 315 315 315 315 315 315 78 78 78 78 78 78 498 315 349 315 277 315 182 499 125 315 2 315 -64 315 -209 78 -294 78 -380 78 -380 78 500 498 500 498 453 349 430 277 384 182 357 125 315 2 300 -64 265 -209 257 -294 257 -380 257 -380 253 -396 0 0 0 0 0 0 0 0 0 0 0 0 0 0 0 0 0 0 0 0 0 0 0 0 0 0 0 0 0 0 0 0 0 0 0 0 0 0 0 0 0 0 0 0 0 0 0 0 0 0 0 0 0 0 0 0 0 0 0 0 0 0 0 0 0 0 0 0 0 0 0 0 0 0 0 0 0 0 0 0 0 0 
0 0 0 1 
315 315 315 315 78 78 78 78 78 78 499 499 315 315 499 499 78 78 78 78 498 315 460 315 292 315 175 78 85 78 -6 78 -96 499 -182 315 -267 499 -406 78 -406 78 -406 78 -139 498 -139 498 -140 460 -142 292 -143 175 -148 85 -152 -6 -156 -96 -159 -182 -159 -267 -156 -406 -156 -406 -156 -406 499 -350 499 -350 0 0 0 0 0 0 0 0 0 0 0 0 0 0 0 0 0 0 0 0 0 0 0 0 0 0 0 0 0 0 0 0 0 0 0 0 0 0 0 0 0 0 0 0 0 0 0 0 0 0 0 0 0 0 0 0 0 0 0 0 0 0 0 0 0 0 0 0 0 0 0 0 0 0 0 0 
0 0 0 1 
0 0 204 204 204 204 363 363 500 500 500 500 500 500 363 363 204 204 0 0 500 0 478 204 419 204 344 363 273 500 191 500 73 500 -16 363 -195 204 -287 0 500 500 48 500 53 478 68 419 83 344 88 273 88 191 84 73 79 -16 71 -195 66 -287 435 -341 435 -341 0 0 0 0 0 0 0 0 0 0 0 0 0 0 0 0 0 0 0 0 0 0 0 0 0 0 0 0 0 0 0 0 0 0 0 0 0 0 0 0 0 0 0 0 0 0 0 0 0 0 0 0 0 0 0 0 0 0 0 0 0 0 0 0 0 0 0 0 0 0 0 0 0 0 0 0 0 0 0 0 0 0 0 0 
0 0 0 1 
483 483 193 193 193 193 193 193 483 483 193 193 483 483 483 483 193 193 498 483 498 483 407 193 296 193 175 193 63 483 -2 193 -116 483 -209 483 -330 193 -330 193 -117 498 -117 498 -117 407 -117 296 -114 175 -115 63 -115 -2 -115 -116 -115 -209 -117 -330 -117 -330 499 -341 499 -341 0 0 0 0 0 0 0 0 0 0 0 0 0 0 0 0 0 0 0 0 0 0 0 0 0 0 0 0 0 0 0 0 0 0 0 0 0 0 0 0 0 0 0 0 0 0 0 0 0 0 0 0 0 0 0 0 0 0 0 0 0 0 0 0 0 0 0 0 0 0 0 0 0 0 0 0 0 0 0 0 0 0 0 0 
0 0 0 1 
122 122 265 265 387 387 265 265 265 265 387 387 387 387 489 489 387 387 498 34 473 155 363 258 260 155 139 155 80 344 43 258 20 258 -112 431 -130 258 -169 258 -196 431 -196 431 -267 344 -290 500 -290 500 -356 258 499 485 29 498 42 473 80 363 63 260 66 139 221 80 224 43 73 20 217 -112 221 -130 87 -169 221 -196 221 -196 84 -267 221 -290 221 -290 77 -356 0 0 0 0 0 0 0 0 0 0 0 0 0 0 0 0 0 0 0 0 0 0 0 0 0 0 0 0 0 0 0 0 0 0 0 0 0 0 0 0 0 0 0 0 0 0 0 0 0 0 0 0 0 0 0 0 0 0 0 0 0 0 
0 0 0 1 
315 315 315 315 315 315 315 315 499 499 499 499 315 315 315 315 499 499 315 315 315 315 500 315 500 315 407 315 321 315 217 315 168 499 97 499 19 315 -60 315 -160 499 -253 315 -326 315 -426 78 500 500 500 500 471 407 451 321 413 217 384 168 341 97 317 19 298 -60 288 -160 278 -253 274 -326 274 -426 274 -443 0 0 0 0 0 0 0 0 0 0 0 0 0 0 0 0 0 0 0 0 0 0 0 0 0 0 0 0 0 0 0 0 0 0 0 0 0 0 0 0 0 0 0 0 0 0 0 0 0 0 0 0 0 0 0 0 0 0 0 0 0 0 0 0 0 0 0 0 0 0 0 0 0 0 
0 0 0 1 
204 204 500 500 500 500 363 363 204 204 363 363 363 363 204 204 204 204 204 204 0 0 498 204 498 204 405 500 337 500 248 363 166 204 50 363 -35 363 -121 204 -226 204 -310 204 -368 0 -368 0 500 419 -209 498 -209 498 -229 405 -237 337 -237 248 -235 166 -232 50 -231 -35 -228 -121 -227 -226 -229 -310 -228 -368 -228 -368 0 0 0 0 0 0 0 0 0 0 0 0 0 0 0 0 0 0 0 0 0 0 0 0 0 0 0 0 0 0 0 0 0 0 0 0 0 0 0 0 0 0 0 0 0 0 0 0 0 0 0 0 0 0 0 0 0 0 0 0 0 0 0 0 0 0 0 0 0 0 0 0 0 0 
0 0 0 1 
483 483 483 483 193 193 483 483 483 483 483 483 483 483 483 483 193 193 193 193 193 193 498 483 498 483 404 483 333 193 260 483 177 483 87 483 -4 483 -118 483 -182 193 -297 193 -427 193 -427 193 497 498 497 498 456 404 433 333 410 260 396 177 396 87 400 -4 414 -118 423 -182 423 -297 414 -427 414 -427 414 -446 0 0 0 0 0 0 0 0 0 0 0 0 0 0 0 0 0 0 0 0 0 0 0 0 0 0 0 0 0 0 0 0 0 0 0 0 0 0 0 0 0 0 0 0 0 0 0 0 0 0 0 0 0 0 0 0 0 0 0 0 0 0 0 0 0 0 0 0 0 0 0 0 0 0 
0 0 0 1 
265 265 489 489 387 387 265 265 122 122 122 122 265 265 122 122 265 265 387 387 265 265 -61 -61 498 265 498 265 393 489 333 387 214 265 192 122 93 122 -40 265 -105 122 -181 265 -263 387 -324 265 -400 -61 -400 -61 499 472 87 498 87 498 97 393 95 333 78 214 75 192 67 93 58 -40 55 -105 52 -181 48 -263 47 -324 40 -400 40 -400 440 -375 440 -375 0 0 0 0 0 0 0 0 0 0 0 0 0 0 0 0 0 0 0 0 0 0 0 0 0 0 0 0 0 0 0 0 0 0 0 0 0 0 0 0 0 0 0 0 0 0 0 0 0 0 0 0 0 0 0 0 0 0 0 0 0 0 0 0 
0 0 0 1 
