500 500 500 500 204 204 204 204 204 204 204 204 204 204 204 204 363 363 204 204 204 204 500 500 489 500 487 500 487 500 484 204 477 204 469 204 464 204 461 204 461 204 467 363 474 204 474 204 477 204 -265 500 -265 500 -157 489 -101 487 -88 487 -61 484 -1 477 59 469 135 464 247 461 320 461 368 467 405 474 406 474 410 477 499 -205 499 -205 0 0 0 0 0 0 0 0 0 0 0 0 0 0 0 0 0 0 0 0 0 0 0 0 0 0 0 0 0 0 0 0 0 0 0 0 0 0 0 0 0 0 0 0 0 0 0 0 0 0 0 0 0 0 0 0 0 0 0 0 0 0 0 0 0 0 
0 1 0 0 
315 315 315 315 315 315 315 315 315 315 315 315 315 315 499 499 315 315 315 315 315 315 315 315 315 315 78 78 498 499 490 315 474 315 472 315 463 315 461 315 458 315 456 315 450 499 445 315 439 315 430 315 423 315 421 315 421 78 -337 78 -337 78 -184 498 -184 498 -157 490 -77 474 -66 472 1 463 71 461 110 458 185 456 231 450 253 445 308 439 370 430 404 423 415 421 418 421 500 -337 500 -337 0 0 0 0 0 0 0 0 0 0 0 0 0 0 0 0 0 0 0 0 0 0 0 0 0 0 0 0 0 0 0 0 0 0 0 0 0 0 0 0 0 0 0 0 0 0 0 0 0 0 0 0 
0 1 0 0 
363 363 500 500 204 204 500 500 204 204 500 500 500 500 204 204 363 363 204 204 467 363 467 363 476 500 471 204 471 500 469 204 474 500 474 500 478 204 483 363 498 204 125 0 125 0 -200 467 -200 467 -200 467 -103 476 -43 471 34 471 134 469 245 474 292 474 352 478 361 483 401 498 368 125 368 125 499 -343 499 -343 0 0 0 0 0 0 0 0 0 0 0 0 0 0 0 0 0 0 0 0 0 0 0 0 0 0 0 0 0 0 0 0 0 0 0 0 0 0 0 0 0 0 0 0 0 0 0 0 0 0 0 0 0 0 0 0 0 0 0 0 0 0 0 0 0 0 0 0 0 0 0 0 
0 1 0 0 
498 499 487 315 472 315 463 315 454 315 451 315 454 499 461 315 472 315 482 78 -138 498 -138 498 -18 487 32 472 68 463 146 454 205 451 321 454 370 461 426 472 474 482 499 -367 499 -367 0 0 0 0 0 0 0 0 0 0 0 0 0 0 0 0 0 0 0 0 0 0 0 0 0 0 0 0 0 0 0 0 0 0 0 0 0 0 0 0 0 0 0 0 0 0 0 0 0 0 0 0 0 0 0 0 0 0 0 0 0 0 0 0 0 0 0 0 0 0 0 0 0 0 0 0 0 0 0 0 0 0 0 0 0 0 0 0 0 0 0 0 0 0 0 0 0 0 0 0 0 0 0 0 
0 1 0 0 
386 122 403 387 436 387 453 489 495 489 495 265 478 265 462 265 445 265 436 265 445 387 453 265 -121 -47 -121 -47 -52 -38 9 -21 43 -12 118 8 157 8 220 0 295 -8 334 -17 392 -21 448 -17 499 -12 482 500 482 500 0 0 0 0 0 0 0 0 0 0 0 0 0 0 0 0 0 0 0 0 0 0 0 0 0 0 0 0 0 0 0 0 0 0 0 0 0 0 0 0 0 0 0 0 0 0 0 0 0 0 0 0 0 0 0 0 0 0 0 0 0 0 0 0 0 0 0 0 0 0 0 0 0 0 0 0 0 0 0 0 0 0 0 0 0 0 0 0 0 0 0 0 0 0 0 0 
0 1 0 0 
500 500 500 500 363 363 363 363 191 387 132 387 117 387 147 489 205 489 279 489 338 265 352 387 367 387 441 265 500 265 500 265 455 265 -143 191 -143 191 -78 132 -24 117 11 147 63 205 131 279 207 338 259 352 284 367 360 441 422 500 422 500 475 455 500 411 0 0 0 0 0 0 0 0 0 0 0 0 0 0 0 0 0 0 0 0 0 0 0 0 0 0 0 0 0 0 0 0 0 0 0 0 0 0 0 0 0 0 0 0 0 0 0 0 0 0 0 0 0 0 0 0 0 0 0 0 0 0 0 0 0 0 0 0 0 0 0 0 0 0 0 0 0 0 0 0 0 0 0 0 0 0 
0 1 0 0 
499 499 315 315 315 315 499 499 499 499 315 315 441 499 382 499 441 315 485 499 500 315 485 499 500 315 485 315 485 499 485 499 485 315 485 315 455 315 397 315 -138 441 -138 441 -87 382 7 441 64 485 165 500 220 485 244 500 256 485 268 485 285 485 357 485 357 485 425 455 475 397 500 323 0 0 0 0 0 0 0 0 0 0 0 0 0 0 0 0 0 0 0 0 0 0 0 0 0 0 0 0 0 0 0 0 0 0 0 0 0 0 0 0 0 0 0 0 0 0 0 0 0 0 0 0 0 0 0 0 0 0 0 0 0 0 0 0 0 0 0 0 0 0 0 0 0 0 0 0 0 0 
0 1 0 0 
282 193 282 193 313 193 327 193 348 193 393 193 413 483 434 193 441 483 458 193 468 483 475 193 482 193 493 193 499 193 -222 282 -222 282 -148 313 -116 327 -61 348 30 393 78 413 126 434 148 441 232 458 266 468 319 475 374 482 400 493 409 499 495 -179 499 -182 0 0 0 0 0 0 0 0 0 0 0 0 0 0 0 0 0 0 0 0 0 0 0 0 0 0 0 0 0 0 0 0 0 0 0 0 0 0 0 0 0 0 0 0 0 0 0 0 0 0 0 0 0 0 0 0 0 0 0 0 0 0 0 0 0 0 0 0 0 0 0 0 0 0 0 0 0 0 0 0 0 0 0 0 0 0 
0 1 0 0 
204 204 363 363 204 204 363 363 500 500 363 363 363 363 363 363 363 363 363 363 204 204 0 0 499 204 499 204 474 500 459 363 452 363 449 204 452 363 452 204 452 363 452 500 454 363 454 363 457 363 457 363 459 363 462 204 467 0 83 0 83 0 -171 499 -171 499 -171 499 -122 474 -73 459 -7 452 27 449 83 452 94 452 106 452 117 452 130 454 199 454 258 457 324 457 375 459 414 462 448 467 410 83 416 83 495 -376 499 -376 0 0 0 0 0 0 0 0 0 0 0 0 0 0 0 0 0 0 0 0 0 0 0 0 0 0 0 0 0 0 0 0 0 0 0 0 0 0 0 0 0 0 0 0 
0 1 0 0 
363 363 500 500 0 0 0 0 0 0 0 0 0 0 0 0 0 0 0 0 363 363 363 363 497 500 500 363 500 500 497 0 497 0 -343 204 -343 204 -353 204 490 0 490 0 490 0 490 0 490 0 480 0 475 363 468 363 -365 204 -362 204 -205 497 -205 497 -167 500 -82 500 12 497 12 497 88 -343 88 -343 147 -353 174 490 174 490 174 490 174 490 174 490 278 480 316 475 369 468 497 -365 500 -362 500 -362 0 0 0 0 0 0 0 0 0 0 0 0 0 0 0 0 0 0 0 0 0 0 0 0 0 0 0 0 0 0 0 0 0 0 0 0 0 0 0 0 0 0 0 0 0 0 0 0 0 0 
0 1 0 0 
