315 315 315 315 315 315 78 78 78 78 78 78 315 315 315 315 315 315 315 315 499 499 315 315 315 315 500 315 430 315 332 315 275 315 220 78 127 78 36 78 -46 315 -131 315 -216 315 -281 315 -338 499 -419 315 -449 315 -449 315 -90 500 -93 430 -92 332 -96 275 -103 220 -114 127 -123 36 -128 -46 -131 -131 -132 -216 -134 -281 -135 -338 -140 -419 -145 -449 -145 -449 500 -379 500 -379 0 0 0 0 0 0 0 0 0 0 0 0 0 0 0 0 0 0 0 0 0 0 0 0 0 0 0 0 0 0 0 0 0 0 0 0 0 0 0 0 0 0 0 0 0 0 0 0 0 0 0 0 0 0 0 0 0 0 0 0 
0 0 0 1 
315 315 315 315 315 315 499 499 315 315 315 315 315 315 78 78 78 78 78 78 498 315 349 315 277 315 182 499 125 315 2 315 -64 315 -209 78 -294 78 -380 78 -380 78 500 498 500 498 453 349 430 277 384 182 357 125 315 2 300 -64 265 -209 257 -294 257 -380 257 -380 253 -396 0 0 0 0 0 0 0 0 0 0 0 0 0 0 0 0 0 0 0 0 0 0 0 0 0 0 0 0 0 0 0 0 0 0 0 0 0 0 0 0 0 0 0 0 0 0 0 0 0 0 0 0 0 0 0 0 0 0 0 0 0 0 0 0 0 0 0 0 0 0 0 0 0 0 0 0 0 0 0 0 0 0 
0 0 0 1 
315 315 315 315 78 78 78 78 78 78 499 499 315 315 499 499 78 78 78 78 498 315 460 315 292 315 175 78 85 78 -6 78 -96 499 -182 315 -267 499 -406 78 -406 78 -406 78 -139 498 -139 498 -140 460 -142 292 -143 175 -148 85 -152 -6 -156 -96 -159 -182 -159 -267 -156 -406 -156 -406 -156 -406 499 -350 499 -350 0 0 0 0 0 0 0 0 0 0 0 0 0 0 0 0 0 0 0 0 0 0 0 0 0 0 0 0 0 0 0 0 0 0 0 0 0 0 0 0 0 0 0 0 0 0 0 0 0 0 0 0 0 0 0 0 0 0 0 0 0 0 0 0 0 0 0 0 0 0 0 0 0 0 0 0 
0 0 0 1 
0 0 204 204 204 204 363 363 500 500 500 500 500 500 363 363 204 204 0 0 500 0 478 204 419 204 344 363 273 500 191 500 73 500 -16 363 -195 204 -287 0 500 500 48 500 53 478 68 419 83 344 88 273 88 191 84 73 79 -16 71 -195 66 -287 435 -341 435 -341 0 0 0 0 0 0 0 0 0 0 0 0 0 0 0 0 0 0 0 0 0 0 0 0 0 0 0 0 0 0 0 0 0 0 0 0 0 0 0 0 0 0 0 0 0 0 0 0 0 0 0 0 0 0 0 0 0 0 0 0 0 0 0 0 0 0 0 0 0 0 0 0 0 0 0 0 0 0 0 0 0 0 0 0 
0 0 0 1 
483 483 193 193 193 193 193 193 483 483 193 193 483 483 483 483 193 193 498 483 498 483 407 193 296 193 175 193 63 483 -2 193 -116 483 -209 483 -330 193 -330 193 -117 498 -117 498 -117 407 -117 296 -114 175 -115 63 -115 -2 -115 -116 -115 -209 -117 -330 -117 -330 499 -341 499 -341 0 0 0 0 0 0 0 0 0 0 0 0 0 0 0 0 0 0 0 0 0 0 0 0 0 0 0 0 0 0 0 0 0 0 0 0 0 0 0 0 0 0 0 0 0 0 0 0 0 0 0 0 0 0 0 0 0 0 0 0 0 0 0 0 0 0 0 0 0 0 0 0 0 0 0 0 0 0 0 0 0 0 0 0 
0 0 0 1 
122 122 265 265 387 387 265 265 265 265 387 387 387 387 489 489 387 387 498 34 473 155 363 258 260 155 139 155 80 344 43 258 20 258 -112 431 -130 258 -169 258 -196 431 -196 431 -267 344 -290 500 -290 500 -356 258 499 485 29 498 42 473 80 363 63 260 66 139 221 80 224 43 73 20 217 -112 221 -130 87 -169 221 -196 221 -196 84 -267 221 -290 221 -290 77 -356 0 0 0 0 0 0 0 0 0 0 0 0 0 0 0 0 0 0 0 0 0 0 0 0 0 0 0 0 0 0 0 0 0 0 0 0 0 0 0 0 0 0 0 0 0 0 0 0 0 0 0 0 0 0 0 0 0 0 0 0 0 0 
0 0 0 1 
315 315 315 315 315 315 315 315 499 499 499 499 315 315 315 315 499 499 315 315 315 315 500 315 500 315 407 315 321 315 217 315 168 499 97 499 19 315 -60 315 -160 499 -253 315 -326 315 -426 78 500 500 500 500 471 407 451 321 413 217 384 168 341 97 317 19 298 -60 288 -160 278 -253 274 -326 274 -426 274 -443 0 0 0 0 0 0 0 0 0 0 0 0 0 0 0 0 0 0 0 0 0 0 0 0 0 0 0 0 0 0 0 0 0 0 0 0 0 0 0 0 0 0 0 0 0 0 0 0 0 0 0 0 0 0 0 0 0 0 0 0 0 0 0 0 0 0 0 0 0 0 0 0 0 0 
0 0 0 1 
204 204 500 500 500 500 363 363 204 204 363 363 363 363 204 204 204 204 204 204 0 0 498 204 498 204 405 500 337 500 248 363 166 204 50 363 -35 363 -121 204 -226 204 -310 204 -368 0 -368 0 500 419 -209 498 -209 498 -229 405 -237 337 -237 248 -235 166 -232 50 -231 -35 -228 -121 -227 -226 -229 -310 -228 -368 -228 -368 0 0 0 0 0 0 0 0 0 0 0 0 0 0 0 0 0 0 0 0 0 0 0 0 0 0 0 0 0 0 0 0 0 0 0 0 0 0 0 0 0 0 0 0 0 0 0 0 0 0 0 0 0 0 0 0 0 0 0 0 0 0 0 0 0 0 0 0 0 0 0 0 0 0 
0 0 0 1 
483 483 483 483 193 193 483 483 483 483 483 483 483 483 483 483 193 193 193 193 193 193 498 483 498 483 404 483 333 193 260 483 177 483 87 483 -4 483 -118 483 -182 193 -297 193 -427 193 -427 193 497 498 497 498 456 404 433 333 410 260 396 177 396 87 400 -4 414 -118 423 -182 423 -297 414 -427 414 -427 414 -446 0 0 0 0 0 0 0 0 0 0 0 0 0 0 0 0 0 0 0 0 0 0 0 0 0 0 0 0 0 0 0 0 0 0 0 0 0 0 0 0 0 0 0 0 0 0 0 0 0 0 0 0 0 0 0 0 0 0 0 0 0 0 0 0 0 0 0 0 0 0 0 0 0 0 
0 0 0 1 
265 265 489 489 387 387 265 265 122 122 122 122 265 265 122 122 265 265 387 387 265 265 -61 -61 498 265 498 265 393 489 333 387 214 265 192 122 93 122 -40 265 -105 122 -181 265 -263 387 -324 265 -400 -61 -400 -61 499 472 87 498 87 498 97 393 95 333 78 214 75 192 67 93 58 -40 55 -105 52 -181 48 -263 47 -324 40 -400 40 -400 440 -375 440 -375 0 0 0 0 0 0 0 0 0 0 0 0 0 0 0 0 0 0 0 0 0 0 0 0 0 0 0 0 0 0 0 0 0 0 0 0 0 0 0 0 0 0 0 0 0 0 0 0 0 0 0 0 0 0 0 0 0 0 0 0 0 0 0 0 
0 0 0 1 
