499 499 315 315 499 499 315 315 78 78 315 315 315 315 499 499 78 78 315 315 78 78 78 78 78 78 78 78 -376 499 -376 499 -273 315 -231 499 -199 315 -120 78 -24 315 83 315 131 499 251 78 297 315 369 78 455 78 498 78 498 78 498 78 294 -376 294 -376 306 -273 315 -231 323 -199 341 -120 361 -24 404 83 424 131 462 251 473 297 488 369 500 455 494 498 494 498 494 498 494 498 494 498 0 0 0 0 0 0 0 0 0 0 0 0 0 0 0 0 0 0 0 0 0 0 0 0 0 0 0 0 0 0 0 0 0 0 0 0 0 0 0 0 0 0 0 0 0 0 0 0 0 0 0 0 0 0 
0 0 1 0 
500 500 363 363 204 204 204 204 204 204 363 363 363 363 363 363 363 363 204 204 0 0 -317 500 -317 500 -224 363 -140 204 -15 204 64 204 123 363 220 363 323 363 358 363 440 204 498 0 481 0 481 0 450 -306 -173 -317 -173 -317 -182 -224 -184 -140 -178 -15 -172 64 -167 123 -160 220 -152 323 -151 358 -145 440 -143 498 500 481 500 481 500 481 500 481 0 0 0 0 0 0 0 0 0 0 0 0 0 0 0 0 0 0 0 0 0 0 0 0 0 0 0 0 0 0 0 0 0 0 0 0 0 0 0 0 0 0 0 0 0 0 0 0 0 0 0 0 0 0 0 0 0 0 0 0 0 0 0 0 0 0 
0 0 1 0 
363 363 363 363 204 204 363 363 363 363 204 204 500 500 500 500 204 204 204 204 204 204 0 0 -344 363 -344 363 -267 363 -168 204 -92 363 -15 363 68 204 122 500 200 500 258 204 357 204 463 204 500 0 474 0 474 0 -212 -344 -212 -344 -212 -267 -203 -168 -194 -92 -187 -15 -179 68 -173 122 -164 200 -159 258 -150 357 -141 463 -135 500 499 474 499 474 190 495 190 495 0 0 0 0 0 0 0 0 0 0 0 0 0 0 0 0 0 0 0 0 0 0 0 0 0 0 0 0 0 0 0 0 0 0 0 0 0 0 0 0 0 0 0 0 0 0 0 0 0 0 0 0 0 0 0 0 0 0 0 0 0 0 
0 0 1 0 
314 314 314 314 500 500 407 407 407 407 314 314 314 314 314 314 314 314 74 74 -92 -92 -92 -92 -92 -92 -92 -92 -406 314 -406 314 -323 314 -161 500 -76 407 71 407 148 314 215 314 271 314 355 314 458 74 489 -92 494 -92 498 -92 498 -92 498 -92 368 -410 368 -410 377 -330 403 -174 413 -92 438 49 457 123 471 187 481 241 492 321 500 421 500 451 500 455 500 460 500 460 500 460 295 498 295 498 0 0 0 0 0 0 0 0 0 0 0 0 0 0 0 0 0 0 0 0 0 0 0 0 0 0 0 0 0 0 0 0 0 0 0 0 0 0 0 0 0 0 0 0 0 0 0 0 0 0 0 0 0 0 
0 0 1 0 
315 315 499 499 499 499 499 499 499 499 499 499 499 499 499 499 499 499 499 499 499 499 315 315 78 78 -345 315 -345 315 -287 499 -215 499 -112 499 -25 499 -6 499 60 499 170 499 259 499 298 499 382 499 477 315 498 78 498 78 -145 -345 -145 -345 -162 -287 -175 -215 -179 -112 -181 -25 -181 -6 -179 60 -178 170 -178 259 -178 298 -176 382 -176 477 -178 498 -178 498 499 479 497 481 0 0 0 0 0 0 0 0 0 0 0 0 0 0 0 0 0 0 0 0 0 0 0 0 0 0 0 0 0 0 0 0 0 0 0 0 0 0 0 0 0 0 0 0 0 0 0 0 0 0 0 0 0 0 0 0 0 0 0 0 
0 0 1 0 
204 204 204 204 363 363 500 500 0 0 204 204 363 363 204 204 204 204 500 500 500 500 204 204 204 204 0 0 0 0 0 0 -363 204 -363 204 -264 363 -170 500 -123 0 -69 204 4 363 82 204 158 204 227 500 279 500 357 204 437 204 487 0 491 0 495 0 500 0 437 -318 -182 -363 -182 -363 -179 -264 -166 -170 -156 -123 -145 -69 -138 4 -130 82 -121 158 -109 227 -104 279 -99 357 -93 437 -89 487 -89 491 -89 495 -89 500 500 489 500 489 0 0 0 0 0 0 0 0 0 0 0 0 0 0 0 0 0 0 0 0 0 0 0 0 0 0 0 0 0 0 0 0 0 0 0 0 0 0 0 0 0 0 0 0 
0 0 1 0 
204 204 363 363 500 500 500 500 363 363 204 204 363 363 204 204 204 204 204 204 204 204 -351 204 -351 204 -224 363 -173 500 -70 500 -54 363 -35 204 54 363 158 204 232 204 318 204 415 204 415 204 435 204 498 0 404 -351 404 -351 434 -224 445 -173 457 -70 459 -54 461 -35 464 54 478 158 487 232 491 318 491 415 491 415 491 435 498 498 0 0 0 0 0 0 0 0 0 0 0 0 0 0 0 0 0 0 0 0 0 0 0 0 0 0 0 0 0 0 0 0 0 0 0 0 0 0 0 0 0 0 0 0 0 0 0 0 0 0 0 0 0 0 0 0 0 0 0 0 0 0 0 0 0 0 0 0 
0 0 1 0 
204 204 204 204 363 363 500 500 363 363 204 204 363 363 204 204 0 0 0 0 -338 204 -338 204 -228 204 -181 363 -79 500 0 363 150 204 258 363 342 204 428 0 491 0 500 0 400 -338 400 -338 452 -228 471 -181 495 -79 500 0 495 150 485 258 481 342 476 428 471 491 471 500 471 500 471 500 0 0 0 0 0 0 0 0 0 0 0 0 0 0 0 0 0 0 0 0 0 0 0 0 0 0 0 0 0 0 0 0 0 0 0 0 0 0 0 0 0 0 0 0 0 0 0 0 0 0 0 0 0 0 0 0 0 0 0 0 0 0 0 0 0 0 0 0 0 0 0 0 0 0 0 0 0 0 
0 0 1 0 
315 315 499 499 315 315 499 499 499 499 499 499 499 499 315 315 499 499 315 315 78 78 -323 500 -213 204 -165 363 -94 204 8 363 66 363 172 363 273 363 355 204 426 363 478 204 500 0 461 0 474 0 -151 -324 -151 -324 -134 -215 -128 -167 -122 -96 -114 6 -111 64 -103 169 -96 270 -89 352 -80 423 -74 475 -68 496 172 458 173 470 497 494 499 498 0 0 0 0 0 0 0 0 0 0 0 0 0 0 0 0 0 0 0 0 0 0 0 0 0 0 0 0 0 0 0 0 0 0 0 0 0 0 0 0 0 0 0 0 0 0 0 0 0 0 0 0 0 0 0 0 0 0 0 0 0 0 0 0 0 0 
0 0 1 0 
500 500 500 500 363 363 500 500 500 500 363 363 363 363 363 363 363 363 363 363 363 363 0 0 -359 363 -269 500 -235 500 -192 363 -111 500 -19 500 55 363 132 363 241 363 274 363 368 363 441 363 494 0 494 0 498 0 357 -359 357 -359 384 -269 393 -235 400 -192 409 -111 422 -19 432 55 446 132 463 241 466 274 478 368 489 441 499 494 499 494 499 498 174 494 174 494 0 0 0 0 0 0 0 0 0 0 0 0 0 0 0 0 0 0 0 0 0 0 0 0 0 0 0 0 0 0 0 0 0 0 0 0 0 0 0 0 0 0 0 0 0 0 0 0 0 0 0 0 0 0 0 0 0 0 0 0 
0 0 1 0 
