204 204 204 204 500 500 500 500 363 363 363 363 204 204 204 204 500 500 204 204 363 363 497 204 497 204 494 204 489 500 484 500 479 363 477 363 474 204 474 204 479 500 482 204 489 363 500 0 499 116 491 497 491 497 416 494 340 489 300 484 239 479 183 477 120 474 62 474 0 479 -83 482 -141 489 -174 500 -174 500 0 0 0 0 0 0 0 0 0 0 0 0 0 0 0 0 0 0 0 0 0 0 0 0 0 0 0 0 0 0 0 0 0 0 0 0 0 0 0 0 0 0 0 0 0 0 0 0 0 0 0 0 0 0 0 0 0 0 0 0 0 0 0 0 0 0 0 0 0 0 0 0 
1 0 0 0 
500 500 363 363 204 204 204 204 363 363 204 204 204 204 363 363 204 204 0 0 0 0 204 204 204 204 363 363 204 204 204 204 204 204 401 500 401 500 405 363 412 363 412 204 415 204 417 363 417 363 419 363 422 204 422 204 422 204 424 363 433 204 440 0 454 0 463 204 467 204 477 363 483 204 490 204 493 204 500 363 500 49 495 389 495 389 476 393 442 400 428 400 412 402 398 404 398 404 384 407 347 409 347 409 336 409 323 411 292 420 266 427 213 441 138 450 101 454 40 463 -6 470 -79 477 -133 479 -194 486 -224 500 -224 500 0 0 0 0 0 0 0 0 0 0 0 0 0 0 0 0 0 0 
1 0 0 0 
78 78 78 78 78 78 315 315 315 315 315 315 315 315 315 315 315 315 315 315 499 499 499 499 499 499 499 499 315 315 315 315 315 315 499 499 315 315 489 499 491 315 493 78 496 78 496 78 498 315 498 315 498 315 498 315 498 315 496 315 496 315 496 315 496 315 493 315 491 315 491 315 489 499 489 499 484 499 476 499 467 315 454 315 445 315 433 499 430 315 428 78 428 78 500 489 500 489 456 491 416 493 407 496 402 496 398 498 398 498 393 498 393 498 338 498 329 496 322 496 308 496 308 496 296 493 260 491 255 491 239 489 225 489 172 484 119 476 53 467 -9 454 -72 445 -130 433 -170 430 -178 428 
1 0 0 0 
499 499 315 315 78 78 315 315 315 315 315 315 315 315 315 315 315 315 315 315 315 315 315 315 498 499 498 499 484 315 470 78 465 315 465 315 458 78 458 315 458 315 454 315 449 315 444 315 447 315 449 315 454 315 454 315 500 -183 420 498 420 498 333 484 252 470 206 465 206 465 126 458 115 458 102 458 29 454 -11 449 -65 444 -175 447 -184 449 -241 454 -241 454 -269 458 0 0 0 0 0 0 0 0 0 0 0 0 0 0 0 0 0 0 0 0 0 0 0 0 0 0 0 0 0 0 0 0 0 0 0 0 0 0 0 0 0 0 0 0 0 0 0 0 0 0 0 0 0 0 0 0 0 0 
1 0 0 0 
483 483 483 483 483 483 193 193 193 193 193 193 193 193 193 193 193 193 193 193 193 193 193 193 500 483 479 483 469 483 465 193 458 193 453 193 449 193 444 193 444 193 449 193 456 193 467 193 467 193 500 500 500 500 442 479 369 469 313 465 234 458 174 453 97 449 37 444 -39 444 -98 449 -171 456 -235 467 -235 467 -240 469 0 0 0 0 0 0 0 0 0 0 0 0 0 0 0 0 0 0 0 0 0 0 0 0 0 0 0 0 0 0 0 0 0 0 0 0 0 0 0 0 0 0 0 0 0 0 0 0 0 0 0 0 0 0 0 0 0 0 0 0 0 0 0 0 0 0 0 0 0 0 
1 0 0 0 
483 483 193 193 483 483 483 483 483 483 193 193 193 193 483 483 193 193 483 483 483 483 483 483 498 483 498 483 490 193 486 483 484 483 480 483 471 193 467 193 465 483 463 193 461 483 465 483 480 483 499 -339 442 498 442 498 377 490 326 486 273 484 216 480 149 471 93 467 35 465 -19 463 -76 461 -130 465 -203 480 -231 490 0 0 0 0 0 0 0 0 0 0 0 0 0 0 0 0 0 0 0 0 0 0 0 0 0 0 0 0 0 0 0 0 0 0 0 0 0 0 0 0 0 0 0 0 0 0 0 0 0 0 0 0 0 0 0 0 0 0 0 0 0 0 0 0 0 0 0 0 0 0 
1 0 0 0 
0 0 204 204 204 204 204 204 204 204 204 204 204 204 0 0 204 204 204 204 204 204 500 500 456 204 461 0 458 204 451 204 449 204 451 204 449 204 447 204 454 0 463 204 475 204 491 204 498 500 498 500 500 451 500 451 405 456 368 454 307 447 245 444 182 447 103 444 41 442 -9 449 -59 459 -97 470 -176 487 -208 494 -208 494 -224 498 0 0 0 0 0 0 0 0 0 0 0 0 0 0 0 0 0 0 0 0 0 0 0 0 0 0 0 0 0 0 0 0 0 0 0 0 0 0 0 0 0 0 0 0 0 0 0 0 0 0 0 0 0 0 0 0 0 0 0 0 0 0 0 0 0 0 
1 0 0 0 
315 315 315 315 499 499 315 315 78 78 315 315 315 315 78 78 315 315 315 315 315 315 78 78 465 500 455 204 452 204 452 363 457 204 463 0 463 204 463 204 463 0 465 204 476 204 492 204 500 0 500 465 500 465 431 455 369 452 308 452 255 457 204 463 142 463 81 463 20 463 -31 465 -92 476 -146 492 -175 500 -175 500 0 0 0 0 0 0 0 0 0 0 0 0 0 0 0 0 0 0 0 0 0 0 0 0 0 0 0 0 0 0 0 0 0 0 0 0 0 0 0 0 0 0 0 0 0 0 0 0 0 0 0 0 0 0 0 0 0 0 0 0 0 0 0 0 0 0 0 0 0 0 
1 0 0 0 
204 204 204 204 0 0 204 204 204 204 204 204 363 363 500 500 204 204 204 204 204 204 500 500 0 0 491 204 500 204 497 0 493 204 470 204 451 204 436 363 427 500 425 204 427 204 427 204 429 500 436 0 500 491 500 491 394 500 325 497 284 493 180 470 117 451 52 436 -10 427 -54 425 -124 427 -194 427 -242 429 -264 436 0 0 0 0 0 0 0 0 0 0 0 0 0 0 0 0 0 0 0 0 0 0 0 0 0 0 0 0 0 0 0 0 0 0 0 0 0 0 0 0 0 0 0 0 0 0 0 0 0 0 0 0 0 0 0 0 0 0 0 0 0 0 0 0 0 0 0 0 0 0 
1 0 0 0 
499 499 315 315 315 315 315 315 78 78 78 78 315 315 315 315 78 78 78 78 78 78 78 78 412 500 430 363 443 204 458 204 468 204 476 0 485 0 493 204 497 204 500 0 500 0 500 0 500 0 500 0 500 412 500 412 448 430 406 443 353 458 301 468 245 476 183 485 106 493 73 497 3 500 -65 500 -106 500 -138 500 -138 500 0 0 0 0 0 0 0 0 0 0 0 0 0 0 0 0 0 0 0 0 0 0 0 0 0 0 0 0 0 0 0 0 0 0 0 0 0 0 0 0 0 0 0 0 0 0 0 0 0 0 0 0 0 0 0 0 0 0 0 0 0 0 0 0 0 0 0 0 
1 0 0 0 
