44 202 37 174 34 128 67 5 89 -33 145 -92 205 -123 265 -143 347 -138 428 -79 464 -28 487 38 499 123 488 243 469 320 450 361 414 412 362 464 305 494 240 500 176 489 119 446 94 410 60 330 43 300 0 0 0 0 0 0 0 0 0 0 0 0 0 0 0 0 0 0 0 0 0 0 0 0 0 0 0 0 0 0 0 0 0 0 0 0 0 0 0 0 0 0 0 0 0 0 0 0 0 0 0 0 0 0 0 0 0 0 0 0 0 0 0 0 0 0 0 0 0 0 0 0 0 0 0 0 0 0 0 0 0 0 0 0 0 0 0 0 0 0 0 0 0 0 0 0 0 0 0 0 
0 0 0 0 1 0 0 0 0 0 0 0 0 0 
-42 173 -39 122 -14 11 -3 -21 16 -58 72 -112 104 -136 166 -152 220 -152 305 -138 348 -124 421 -84 449 -56 490 39 500 93 488 227 466 300 438 354 399 401 350 441 320 462 255 490 192 500 121 488 57 438 7 380 -13 345 -42 276 -59 213 -67 154 0 0 0 0 0 0 0 0 0 0 0 0 0 0 0 0 0 0 0 0 0 0 0 0 0 0 0 0 0 0 0 0 0 0 0 0 0 0 0 0 0 0 0 0 0 0 0 0 0 0 0 0 0 0 0 0 0 0 0 0 0 0 0 0 0 0 0 0 0 0 0 0 0 0 0 0 0 0 0 0 0 0 0 0 0 0 0 0 0 0 
0 0 0 0 1 0 0 0 0 0 0 0 0 0 
18 82 35 16 70 -80 90 -117 140 -173 185 -211 259 -229 349 -211 394 -176 434 -131 468 -74 496 16 500 80 481 211 458 286 424 366 399 406 352 467 319 491 265 500 215 475 170 433 148 398 117 336 81 256 68 216 55 152 0 0 0 0 0 0 0 0 0 0 0 0 0 0 0 0 0 0 0 0 0 0 0 0 0 0 0 0 0 0 0 0 0 0 0 0 0 0 0 0 0 0 0 0 0 0 0 0 0 0 0 0 0 0 0 0 0 0 0 0 0 0 0 0 0 0 0 0 0 0 0 0 0 0 0 0 0 0 0 0 0 0 0 0 0 0 0 0 0 0 0 0 0 0 0 0 
0 0 0 0 1 0 0 0 0 0 0 0 0 0 
-25 212 -30 175 -23 97 -1 12 16 -30 52 -82 79 -120 123 -152 173 -162 271 -142 297 -130 353 -87 438 12 472 65 489 110 500 180 494 262 463 350 420 420 364 470 340 482 280 500 215 495 153 475 96 430 57 382 30 322 9 260 -3 195 -5 112 0 0 0 0 0 0 0 0 0 0 0 0 0 0 0 0 0 0 0 0 0 0 0 0 0 0 0 0 0 0 0 0 0 0 0 0 0 0 0 0 0 0 0 0 0 0 0 0 0 0 0 0 0 0 0 0 0 0 0 0 0 0 0 0 0 0 0 0 0 0 0 0 0 0 0 0 0 0 0 0 0 0 0 0 0 0 0 0 0 0 
0 0 0 0 1 0 0 0 0 0 0 0 0 0 
-64 216 -60 160 -24 -10 18 -90 43 -128 122 -200 184 -213 279 -197 354 -168 390 -144 439 -98 464 -61 492 10 500 96 484 210 458 309 415 378 343 450 294 482 241 498 175 482 105 442 64 397 30 346 1 288 -16 216 -28 136 -30 64 0 0 0 0 0 0 0 0 0 0 0 0 0 0 0 0 0 0 0 0 0 0 0 0 0 0 0 0 0 0 0 0 0 0 0 0 0 0 0 0 0 0 0 0 0 0 0 0 0 0 0 0 0 0 0 0 0 0 0 0 0 0 0 0 0 0 0 0 0 0 0 0 0 0 0 0 0 0 0 0 0 0 0 0 0 0 0 0 0 0 0 0 0 0 
0 0 0 0 1 0 0 0 0 0 0 0 0 0 
10 2 24 -49 48 -106 69 -136 133 -200 177 -230 212 -246 267 -260 326 -254 395 -213 428 -172 471 -106 493 -41 500 52 495 156 458 265 439 306 396 380 375 413 313 479 273 498 214 495 158 452 121 400 101 361 82 290 60 197 45 123 37 46 0 0 0 0 0 0 0 0 0 0 0 0 0 0 0 0 0 0 0 0 0 0 0 0 0 0 0 0 0 0 0 0 0 0 0 0 0 0 0 0 0 0 0 0 0 0 0 0 0 0 0 0 0 0 0 0 0 0 0 0 0 0 0 0 0 0 0 0 0 0 0 0 0 0 0 0 0 0 0 0 0 0 0 0 0 0 0 0 0 0 0 0 
0 0 0 0 1 0 0 0 0 0 0 0 0 0 
-23 234 -15 188 3 123 23 55 55 -4 90 -58 117 -83 175 -127 225 -151 319 -127 396 -81 444 -25 467 11 495 95 499 167 476 290 454 327 415 395 374 437 316 481 282 493 216 500 154 481 103 448 62 411 33 360 7 283 -7 225 0 0 0 0 0 0 0 0 0 0 0 0 0 0 0 0 0 0 0 0 0 0 0 0 0 0 0 0 0 0 0 0 0 0 0 0 0 0 0 0 0 0 0 0 0 0 0 0 0 0 0 0 0 0 0 0 0 0 0 0 0 0 0 0 0 0 0 0 0 0 0 0 0 0 0 0 0 0 0 0 0 0 0 0 0 0 0 0 0 0 0 0 0 0 
0 0 0 0 1 0 0 0 0 0 0 0 0 0 
-7 140 9 79 75 -82 84 -91 150 -177 202 -217 244 -229 341 -217 381 -195 445 -128 470 -82 497 27 499 134 464 290 431 351 364 434 329 464 258 498 194 492 107 431 84 385 61 299 55 229 55 134 0 0 0 0 0 0 0 0 0 0 0 0 0 0 0 0 0 0 0 0 0 0 0 0 0 0 0 0 0 0 0 0 0 0 0 0 0 0 0 0 0 0 0 0 0 0 0 0 0 0 0 0 0 0 0 0 0 0 0 0 0 0 0 0 0 0 0 0 0 0 0 0 0 0 0 0 0 0 0 0 0 0 0 0 0 0 0 0 0 0 0 0 0 0 0 0 0 0 0 0 0 0 
0 0 0 0 1 0 0 0 0 0 0 0 0 0 
0 241 -12 191 -11 132 20 37 60 -14 107 -52 162 -73 210 -78 267 -78 317 -68 359 -49 422 -7 464 59 490 120 500 174 474 295 446 354 407 404 381 432 319 475 252 498 191 491 140 465 92 430 51 378 25 321 7 255 1 191 0 0 0 0 0 0 0 0 0 0 0 0 0 0 0 0 0 0 0 0 0 0 0 0 0 0 0 0 0 0 0 0 0 0 0 0 0 0 0 0 0 0 0 0 0 0 0 0 0 0 0 0 0 0 0 0 0 0 0 0 0 0 0 0 0 0 0 0 0 0 0 0 0 0 0 0 0 0 0 0 0 0 0 0 0 0 0 0 0 0 0 0 0 0 
0 0 0 0 1 0 0 0 0 0 0 0 0 0 
42 64 51 10 75 -94 102 -161 123 -206 159 -252 215 -274 296 -260 345 -233 392 -201 431 -155 467 -99 489 -29 497 37 499 129 467 244 438 306 401 362 364 408 311 462 281 483 227 499 156 475 130 454 74 370 52 309 39 223 37 110 44 21 0 0 0 0 0 0 0 0 0 0 0 0 0 0 0 0 0 0 0 0 0 0 0 0 0 0 0 0 0 0 0 0 0 0 0 0 0 0 0 0 0 0 0 0 0 0 0 0 0 0 0 0 0 0 0 0 0 0 0 0 0 0 0 0 0 0 0 0 0 0 0 0 0 0 0 0 0 0 0 0 0 0 0 0 0 0 0 0 0 0 0 0 
0 0 0 0 1 0 0 0 0 0 0 0 0 0 
112 192 117 124 161 -73 194 -135 258 -217 334 -240 395 -228 454 -183 483 -124 500 -42 496 81 475 223 444 313 416 381 377 432 325 485 274 500 217 488 168 454 147 401 140 296 0 0 0 0 0 0 0 0 0 0 0 0 0 0 0 0 0 0 0 0 0 0 0 0 0 0 0 0 0 0 0 0 0 0 0 0 0 0 0 0 0 0 0 0 0 0 0 0 0 0 0 0 0 0 0 0 0 0 0 0 0 0 0 0 0 0 0 0 0 0 0 0 0 0 0 0 0 0 0 0 0 0 0 0 0 0 0 0 0 0 0 0 0 0 0 0 0 0 0 0 0 0 0 0 0 0 0 0 
0 0 0 0 1 0 0 0 0 0 0 0 0 0 
84 278 89 218 108 105 133 35 159 -25 181 -57 233 -113 300 -140 379 -113 423 -82 453 -52 483 10 499 85 492 221 472 296 435 366 411 407 379 439 325 487 286 500 228 500 165 454 138 419 112 369 98 314 0 0 0 0 0 0 0 0 0 0 0 0 0 0 0 0 0 0 0 0 0 0 0 0 0 0 0 0 0 0 0 0 0 0 0 0 0 0 0 0 0 0 0 0 0 0 0 0 0 0 0 0 0 0 0 0 0 0 0 0 0 0 0 0 0 0 0 0 0 0 0 0 0 0 0 0 0 0 0 0 0 0 0 0 0 0 0 0 0 0 0 0 0 0 0 0 0 0 0 0 
0 0 0 0 1 0 0 0 0 0 0 0 0 0 
-142 68 -138 31 -122 -57 -101 -130 -79 -172 -34 -240 10 -280 79 -324 140 -340 211 -337 254 -324 328 -293 406 -227 442 -178 483 -99 499 -44 494 102 480 159 456 240 442 293 389 387 364 421 303 476 258 497 198 500 117 471 81 450 27 395 -18 321 -41 246 -54 170 -61 104 0 0 0 0 0 0 0 0 0 0 0 0 0 0 0 0 0 0 0 0 0 0 0 0 0 0 0 0 0 0 0 0 0 0 0 0 0 0 0 0 0 0 0 0 0 0 0 0 0 0 0 0 0 0 0 0 0 0 0 0 0 0 0 0 0 0 0 0 0 0 0 0 0 0 0 0 0 0 0 0 0 0 0 0 0 0 
0 0 0 0 1 0 0 0 0 0 0 0 0 0 
-124 253 -127 184 -116 74 -96 -10 -69 -74 -52 -123 -17 -184 21 -235 81 -258 172 -251 250 -210 302 -179 374 -135 420 -94 449 -61 484 -2 500 74 492 200 468 274 445 317 387 407 356 435 290 484 255 500 174 497 108 476 46 428 17 392 -7 346 -29 253 -36 176 0 0 0 0 0 0 0 0 0 0 0 0 0 0 0 0 0 0 0 0 0 0 0 0 0 0 0 0 0 0 0 0 0 0 0 0 0 0 0 0 0 0 0 0 0 0 0 0 0 0 0 0 0 0 0 0 0 0 0 0 0 0 0 0 0 0 0 0 0 0 0 0 0 0 0 0 0 0 0 0 0 0 0 0 0 0 0 0 
0 0 0 0 1 0 0 0 0 0 0 0 0 0 
-5 146 10 64 40 -42 68 -112 95 -169 131 -223 162 -248 216 -265 312 -248 375 -206 406 -175 438 -138 472 -84 500 -16 498 79 477 177 448 259 407 330 346 412 305 454 254 485 194 500 133 483 102 457 68 370 61 310 61 274 0 0 0 0 0 0 0 0 0 0 0 0 0 0 0 0 0 0 0 0 0 0 0 0 0 0 0 0 0 0 0 0 0 0 0 0 0 0 0 0 0 0 0 0 0 0 0 0 0 0 0 0 0 0 0 0 0 0 0 0 0 0 0 0 0 0 0 0 0 0 0 0 0 0 0 0 0 0 0 0 0 0 0 0 0 0 0 0 0 0 0 0 0 0 0 0 
0 0 0 0 1 0 0 0 0 0 0 0 0 0 
