40 2 31 85 28 147 26 192 35 287 51 360 70 410 107 462 141 485 204 500 294 490 349 467 395 432 444 362 474 300 488 250 499 137 497 70 486 -27 460 -92 428 -145 389 -190 368 -210 301 -237 229 -225 190 -200 126 -127 107 -92 67 -17 49 15 0 0 0 0 0 0 0 0 0 0 0 0 0 0 0 0 0 0 0 0 0 0 0 0 0 0 0 0 0 0 0 0 0 0 0 0 0 0 0 0 0 0 0 0 0 0 0 0 0 0 0 0 0 0 0 0 0 0 0 0 0 0 0 0 0 0 0 0 0 0 0 0 0 0 0 0 0 0 0 0 0 0 0 0 0 0 0 0 0 0 
0 0 0 0 0 1 0 0 0 0 0 0 0 0 
1 120 17 246 30 305 66 397 102 445 153 478 185 492 245 498 320 473 384 411 416 352 452 282 480 207 493 120 500 56 496 -86 486 -151 449 -246 429 -277 359 -333 320 -344 257 -347 187 -316 157 -291 109 -226 79 -168 47 -78 30 8 19 70 4 179 -1 240 0 0 0 0 0 0 0 0 0 0 0 0 0 0 0 0 0 0 0 0 0 0 0 0 0 0 0 0 0 0 0 0 0 0 0 0 0 0 0 0 0 0 0 0 0 0 0 0 0 0 0 0 0 0 0 0 0 0 0 0 0 0 0 0 0 0 0 0 0 0 0 0 0 0 0 0 0 0 0 0 0 0 0 0 0 0 0 0 
0 0 0 0 0 1 0 0 0 0 0 0 0 0 
-13 50 -8 103 9 204 26 274 56 351 97 421 122 450 182 491 235 498 326 469 366 433 407 392 446 318 475 255 487 209 499 101 495 38 472 -77 444 -137 422 -171 381 -212 321 -248 257 -260 182 -238 140 -204 89 -134 63 -84 43 -24 16 60 4 110 0 0 0 0 0 0 0 0 0 0 0 0 0 0 0 0 0 0 0 0 0 0 0 0 0 0 0 0 0 0 0 0 0 0 0 0 0 0 0 0 0 0 0 0 0 0 0 0 0 0 0 0 0 0 0 0 0 0 0 0 0 0 0 0 0 0 0 0 0 0 0 0 0 0 0 0 0 0 0 0 0 0 0 0 0 0 0 0 0 0 
0 0 0 0 0 1 0 0 0 0 0 0 0 0 
24 45 32 142 51 261 71 337 101 401 166 468 236 498 278 498 325 483 377 452 412 404 449 337 475 261 491 173 500 63 498 -18 482 -145 462 -203 446 -234 407 -282 360 -319 313 -334 247 -340 195 -322 139 -264 103 -203 72 -136 43 -36 30 24 22 97 21 209 0 0 0 0 0 0 0 0 0 0 0 0 0 0 0 0 0 0 0 0 0 0 0 0 0 0 0 0 0 0 0 0 0 0 0 0 0 0 0 0 0 0 0 0 0 0 0 0 0 0 0 0 0 0 0 0 0 0 0 0 0 0 0 0 0 0 0 0 0 0 0 0 0 0 0 0 0 0 0 0 0 0 0 0 0 0 0 0 
0 0 0 0 0 1 0 0 0 0 0 0 0 0 
-17 172 -1 238 33 328 68 386 100 430 129 457 189 498 245 498 310 476 359 440 400 389 433 326 464 253 482 170 494 92 500 31 496 -85 478 -163 443 -218 421 -253 363 -296 291 -321 217 -323 138 -301 107 -277 64 -226 31 -180 -5 -99 -29 -36 -49 31 -57 97 0 0 0 0 0 0 0 0 0 0 0 0 0 0 0 0 0 0 0 0 0 0 0 0 0 0 0 0 0 0 0 0 0 0 0 0 0 0 0 0 0 0 0 0 0 0 0 0 0 0 0 0 0 0 0 0 0 0 0 0 0 0 0 0 0 0 0 0 0 0 0 0 0 0 0 0 0 0 0 0 0 0 0 0 0 0 0 0 
0 0 0 0 0 1 0 0 0 0 0 0 0 0 
-129 88 -115 160 -81 244 -48 306 -14 355 27 402 70 439 105 466 176 498 293 479 348 446 387 404 432 348 460 286 480 214 499 111 497 27 482 -56 454 -123 413 -167 350 -212 313 -229 250 -246 165 -229 128 -209 55 -148 31 -108 -12 -32 -35 17 -50 76 0 0 0 0 0 0 0 0 0 0 0 0 0 0 0 0 0 0 0 0 0 0 0 0 0 0 0 0 0 0 0 0 0 0 0 0 0 0 0 0 0 0 0 0 0 0 0 0 0 0 0 0 0 0 0 0 0 0 0 0 0 0 0 0 0 0 0 0 0 0 0 0 0 0 0 0 0 0 0 0 0 0 0 0 0 0 0 0 0 0 
0 0 0 0 0 1 0 0 0 0 0 0 0 0 
-37 49 -29 109 -3 224 17 295 60 367 99 419 132 443 213 490 275 498 342 482 388 441 430 394 461 328 475 276 493 180 499 117 495 -19 485 -76 452 -180 418 -232 352 -293 316 -309 253 -315 192 -301 120 -260 89 -235 48 -178 25 -139 -8 -49 -29 19 -41 79 0 0 0 0 0 0 0 0 0 0 0 0 0 0 0 0 0 0 0 0 0 0 0 0 0 0 0 0 0 0 0 0 0 0 0 0 0 0 0 0 0 0 0 0 0 0 0 0 0 0 0 0 0 0 0 0 0 0 0 0 0 0 0 0 0 0 0 0 0 0 0 0 0 0 0 0 0 0 0 0 0 0 0 0 0 0 0 0 
0 0 0 0 0 1 0 0 0 0 0 0 0 0 
-118 -45 -116 7 -99 158 -81 241 -55 316 -21 376 18 429 60 464 109 489 170 500 251 477 305 437 354 386 418 293 429 273 464 170 484 90 494 50 500 10 494 -77 478 -153 452 -213 400 -268 337 -306 268 -329 231 -334 168 -326 125 -309 79 -278 35 -218 3 -168 -38 -80 -43 -67 -67 -2 -84 62 -94 120 0 0 0 0 0 0 0 0 0 0 0 0 0 0 0 0 0 0 0 0 0 0 0 0 0 0 0 0 0 0 0 0 0 0 0 0 0 0 0 0 0 0 0 0 0 0 0 0 0 0 0 0 0 0 0 0 0 0 0 0 0 0 0 0 0 0 0 0 0 0 0 0 0 0 0 0 0 0 
0 0 0 0 0 1 0 0 0 0 0 0 0 0 
-19 135 -8 184 21 278 60 362 93 413 149 460 182 480 256 500 338 472 399 416 430 357 460 288 481 211 495 133 499 56 486 -56 470 -103 439 -162 394 -216 375 -231 319 -243 238 -233 172 -206 139 -184 80 -128 47 -83 13 -9 -4 64 -13 115 -21 192 0 0 0 0 0 0 0 0 0 0 0 0 0 0 0 0 0 0 0 0 0 0 0 0 0 0 0 0 0 0 0 0 0 0 0 0 0 0 0 0 0 0 0 0 0 0 0 0 0 0 0 0 0 0 0 0 0 0 0 0 0 0 0 0 0 0 0 0 0 0 0 0 0 0 0 0 0 0 0 0 0 0 0 0 0 0 0 0 0 0 
0 0 0 0 0 1 0 0 0 0 0 0 0 0 
-66 -7 -67 51 -62 195 -50 270 -16 346 26 412 85 458 153 487 216 500 307 485 355 458 389 431 435 363 467 302 483 258 498 178 500 63 476 -31 455 -70 421 -121 378 -168 346 -195 296 -231 266 -243 207 -246 119 -200 71 -136 39 -85 21 -41 -16 56 -35 114 0 0 0 0 0 0 0 0 0 0 0 0 0 0 0 0 0 0 0 0 0 0 0 0 0 0 0 0 0 0 0 0 0 0 0 0 0 0 0 0 0 0 0 0 0 0 0 0 0 0 0 0 0 0 0 0 0 0 0 0 0 0 0 0 0 0 0 0 0 0 0 0 0 0 0 0 0 0 0 0 0 0 0 0 0 0 0 0 
0 0 0 0 0 1 0 0 0 0 0 0 0 0 
34 58 50 160 59 209 83 285 103 335 159 428 186 460 250 495 308 498 380 463 406 428 457 317 478 239 491 174 500 55 475 -90 447 -151 421 -186 373 -227 324 -256 272 -274 213 -265 159 -224 127 -172 108 -128 83 -46 68 34 0 0 0 0 0 0 0 0 0 0 0 0 0 0 0 0 0 0 0 0 0 0 0 0 0 0 0 0 0 0 0 0 0 0 0 0 0 0 0 0 0 0 0 0 0 0 0 0 0 0 0 0 0 0 0 0 0 0 0 0 0 0 0 0 0 0 0 0 0 0 0 0 0 0 0 0 0 0 0 0 0 0 0 0 0 0 0 0 0 0 0 0 0 0 0 0 
0 0 0 0 0 1 0 0 0 0 0 0 0 0 
-23 117 10 282 21 315 40 363 85 435 153 486 213 500 297 483 347 446 395 399 429 332 467 256 488 181 499 122 499 69 491 -36 472 -117 431 -201 388 -248 342 -282 272 -310 199 -301 126 -265 71 -198 37 -145 12 -75 -17 25 -30 72 -40 142 0 0 0 0 0 0 0 0 0 0 0 0 0 0 0 0 0 0 0 0 0 0 0 0 0 0 0 0 0 0 0 0 0 0 0 0 0 0 0 0 0 0 0 0 0 0 0 0 0 0 0 0 0 0 0 0 0 0 0 0 0 0 0 0 0 0 0 0 0 0 0 0 0 0 0 0 0 0 0 0 0 0 0 0 0 0 0 0 0 0 0 0 
0 0 0 0 0 1 0 0 0 0 0 0 0 0 
-105 26 -97 136 -88 178 -65 252 -32 316 0 368 41 417 85 453 137 479 189 500 253 486 309 457 359 412 397 363 439 305 467 241 484 169 496 98 500 42 487 -71 470 -136 449 -171 421 -205 357 -245 321 -254 230 -250 178 -234 126 -205 86 -167 52 -116 36 -73 20 -2 20 78 0 0 0 0 0 0 0 0 0 0 0 0 0 0 0 0 0 0 0 0 0 0 0 0 0 0 0 0 0 0 0 0 0 0 0 0 0 0 0 0 0 0 0 0 0 0 0 0 0 0 0 0 0 0 0 0 0 0 0 0 0 0 0 0 0 0 0 0 0 0 0 0 0 0 0 0 0 0 0 0 0 0 0 0 
0 0 0 0 0 1 0 0 0 0 0 0 0 0 
-42 140 -5 230 25 310 31 323 75 394 112 441 155 482 182 500 277 476 332 431 371 375 426 297 463 206 482 135 499 64 497 -8 476 -88 460 -127 402 -191 345 -217 304 -228 238 -226 173 -213 123 -183 90 -159 42 -103 20 -68 -14 8 -27 53 -35 127 -31 193 0 0 0 0 0 0 0 0 0 0 0 0 0 0 0 0 0 0 0 0 0 0 0 0 0 0 0 0 0 0 0 0 0 0 0 0 0 0 0 0 0 0 0 0 0 0 0 0 0 0 0 0 0 0 0 0 0 0 0 0 0 0 0 0 0 0 0 0 0 0 0 0 0 0 0 0 0 0 0 0 0 0 0 0 0 0 0 0 
0 0 0 0 0 1 0 0 0 0 0 0 0 0 
-50 206 -37 254 -1 353 14 387 64 456 95 479 153 500 243 488 299 461 344 419 367 394 390 369 428 309 457 245 482 176 497 103 499 50 484 -55 452 -130 410 -176 378 -194 318 -208 236 -192 151 -149 108 -114 57 -55 36 -20 7 57 -9 153 -9 201 0 0 0 0 0 0 0 0 0 0 0 0 0 0 0 0 0 0 0 0 0 0 0 0 0 0 0 0 0 0 0 0 0 0 0 0 0 0 0 0 0 0 0 0 0 0 0 0 0 0 0 0 0 0 0 0 0 0 0 0 0 0 0 0 0 0 0 0 0 0 0 0 0 0 0 0 0 0 0 0 0 0 0 0 0 0 0 0 0 0 
0 0 0 0 0 1 0 0 0 0 0 0 0 0 
