-91 -326 -63 -337 -32 -349 9 -363 97 -356 136 -349 175 -335 223 -319 289 -292 329 -262 367 -223 405 -182 437 -136 477 -50 494 15 499 73 496 184 479 257 465 301 440 356 398 410 334 470 304 488 256 500 191 500 129 495 69 493 10 493 -40 493 0 0 0 0 0 0 0 0 0 0 0 0 0 0 0 0 0 0 0 0 0 0 0 0 0 0 0 0 0 0 0 0 0 0 0 0 0 0 0 0 0 0 0 0 0 0 0 0 0 0 0 0 0 0 0 0 0 0 0 0 0 0 0 0 0 0 0 0 0 0 0 0 0 0 0 0 0 0 0 0 0 0 0 0 0 0 0 0 0 0 0 0 
0 0 0 0 0 0 1 0 0 0 0 0 0 0 
-50 -345 -32 -343 7 -343 75 -343 130 -343 203 -334 275 -321 329 -297 373 -261 405 -228 438 -186 463 -130 489 -57 500 35 482 155 467 217 440 297 409 345 374 392 336 430 280 465 252 481 188 494 125 496 67 496 10 498 -28 494 0 0 0 0 0 0 0 0 0 0 0 0 0 0 0 0 0 0 0 0 0 0 0 0 0 0 0 0 0 0 0 0 0 0 0 0 0 0 0 0 0 0 0 0 0 0 0 0 0 0 0 0 0 0 0 0 0 0 0 0 0 0 0 0 0 0 0 0 0 0 0 0 0 0 0 0 0 0 0 0 0 0 0 0 0 0 0 0 0 0 0 0 0 0 0 0 
0 0 0 0 0 0 1 0 0 0 0 0 0 0 
-71 -358 -58 -362 10 -376 47 -380 121 -380 191 -369 251 -356 301 -337 343 -312 386 -285 410 -256 448 -208 467 -172 493 -72 499 -18 496 70 479 165 454 247 427 297 398 349 362 392 317 426 290 444 233 469 181 478 106 480 50 480 -2 487 -47 498 0 0 0 0 0 0 0 0 0 0 0 0 0 0 0 0 0 0 0 0 0 0 0 0 0 0 0 0 0 0 0 0 0 0 0 0 0 0 0 0 0 0 0 0 0 0 0 0 0 0 0 0 0 0 0 0 0 0 0 0 0 0 0 0 0 0 0 0 0 0 0 0 0 0 0 0 0 0 0 0 0 0 0 0 0 0 0 0 0 0 0 0 
0 0 0 0 0 0 1 0 0 0 0 0 0 0 
-98 -366 -75 -368 -36 -370 31 -376 91 -374 159 -370 195 -360 267 -336 303 -322 372 -277 400 -254 442 -202 465 -170 491 -96 500 -8 486 111 459 181 442 218 403 301 380 330 324 395 298 418 245 458 165 484 93 494 32 498 0 0 0 0 0 0 0 0 0 0 0 0 0 0 0 0 0 0 0 0 0 0 0 0 0 0 0 0 0 0 0 0 0 0 0 0 0 0 0 0 0 0 0 0 0 0 0 0 0 0 0 0 0 0 0 0 0 0 0 0 0 0 0 0 0 0 0 0 0 0 0 0 0 0 0 0 0 0 0 0 0 0 0 0 0 0 0 0 0 0 0 0 0 0 0 0 0 0 
0 0 0 0 0 0 1 0 0 0 0 0 0 0 
-92 -374 -75 -376 24 -365 61 -361 122 -354 199 -343 253 -330 287 -319 359 -283 403 -248 425 -221 459 -172 483 -121 497 -37 499 35 476 144 451 195 420 268 397 299 367 337 330 374 288 410 230 443 196 456 135 481 50 494 13 496 -29 498 0 0 0 0 0 0 0 0 0 0 0 0 0 0 0 0 0 0 0 0 0 0 0 0 0 0 0 0 0 0 0 0 0 0 0 0 0 0 0 0 0 0 0 0 0 0 0 0 0 0 0 0 0 0 0 0 0 0 0 0 0 0 0 0 0 0 0 0 0 0 0 0 0 0 0 0 0 0 0 0 0 0 0 0 0 0 0 0 0 0 0 0 0 0 
0 0 0 0 0 0 1 0 0 0 0 0 0 0 
-66 -368 -51 -368 72 -366 112 -364 177 -353 254 -331 306 -310 350 -280 397 -243 428 -198 458 -148 483 -92 495 -21 500 86 490 163 465 230 438 280 400 325 364 370 326 403 284 437 238 463 167 476 129 482 54 489 -28 495 -61 500 0 0 0 0 0 0 0 0 0 0 0 0 0 0 0 0 0 0 0 0 0 0 0 0 0 0 0 0 0 0 0 0 0 0 0 0 0 0 0 0 0 0 0 0 0 0 0 0 0 0 0 0 0 0 0 0 0 0 0 0 0 0 0 0 0 0 0 0 0 0 0 0 0 0 0 0 0 0 0 0 0 0 0 0 0 0 0 0 0 0 0 0 0 0 0 0 
0 0 0 0 0 0 1 0 0 0 0 0 0 0 
-52 -368 -29 -370 14 -370 71 -368 150 -358 231 -334 287 -313 335 -281 384 -243 415 -203 440 -171 470 -112 484 -69 498 25 500 82 494 141 473 230 442 281 421 315 363 381 310 427 280 449 217 483 185 489 121 497 61 500 5 497 0 0 0 0 0 0 0 0 0 0 0 0 0 0 0 0 0 0 0 0 0 0 0 0 0 0 0 0 0 0 0 0 0 0 0 0 0 0 0 0 0 0 0 0 0 0 0 0 0 0 0 0 0 0 0 0 0 0 0 0 0 0 0 0 0 0 0 0 0 0 0 0 0 0 0 0 0 0 0 0 0 0 0 0 0 0 0 0 0 0 0 0 0 0 0 0 
0 0 0 0 0 0 1 0 0 0 0 0 0 0 
-97 -357 -76 -357 36 -349 100 -347 140 -341 222 -324 276 -305 324 -275 373 -244 399 -218 439 -170 468 -124 489 -63 500 2 496 77 480 170 449 246 414 290 375 334 336 370 284 418 256 444 190 480 152 488 88 498 0 0 0 0 0 0 0 0 0 0 0 0 0 0 0 0 0 0 0 0 0 0 0 0 0 0 0 0 0 0 0 0 0 0 0 0 0 0 0 0 0 0 0 0 0 0 0 0 0 0 0 0 0 0 0 0 0 0 0 0 0 0 0 0 0 0 0 0 0 0 0 0 0 0 0 0 0 0 0 0 0 0 0 0 0 0 0 0 0 0 0 0 0 0 0 0 0 0 0 0 
0 0 0 0 0 0 1 0 0 0 0 0 0 0 
-64 -392 -45 -394 38 -396 70 -396 118 -394 185 -383 243 -366 292 -344 356 -307 396 -271 432 -228 457 -175 488 -103 500 -26 481 92 462 155 449 199 417 256 395 289 329 353 304 372 244 410 179 436 145 445 116 451 54 484 25 500 0 0 0 0 0 0 0 0 0 0 0 0 0 0 0 0 0 0 0 0 0 0 0 0 0 0 0 0 0 0 0 0 0 0 0 0 0 0 0 0 0 0 0 0 0 0 0 0 0 0 0 0 0 0 0 0 0 0 0 0 0 0 0 0 0 0 0 0 0 0 0 0 0 0 0 0 0 0 0 0 0 0 0 0 0 0 0 0 0 0 0 0 0 0 0 0 
0 0 0 0 0 0 1 0 0 0 0 0 0 0 
-35 -403 -10 -400 60 -394 121 -390 180 -379 238 -359 272 -344 345 -303 397 -247 429 -206 457 -150 480 -94 492 -47 499 30 479 131 455 189 439 224 385 290 348 336 308 372 245 422 217 448 160 482 101 495 36 500 -25 493 0 0 0 0 0 0 0 0 0 0 0 0 0 0 0 0 0 0 0 0 0 0 0 0 0 0 0 0 0 0 0 0 0 0 0 0 0 0 0 0 0 0 0 0 0 0 0 0 0 0 0 0 0 0 0 0 0 0 0 0 0 0 0 0 0 0 0 0 0 0 0 0 0 0 0 0 0 0 0 0 0 0 0 0 0 0 0 0 0 0 0 0 0 0 0 0 0 0 
0 0 0 0 0 0 1 0 0 0 0 0 0 0 
-97 -367 -83 -372 -42 -377 29 -379 71 -377 137 -374 184 -367 254 -351 319 -320 386 -278 419 -238 463 -177 481 -142 499 -51 489 63 477 135 450 217 425 278 370 355 349 381 305 416 233 461 153 491 114 498 65 498 0 0 0 0 0 0 0 0 0 0 0 0 0 0 0 0 0 0 0 0 0 0 0 0 0 0 0 0 0 0 0 0 0 0 0 0 0 0 0 0 0 0 0 0 0 0 0 0 0 0 0 0 0 0 0 0 0 0 0 0 0 0 0 0 0 0 0 0 0 0 0 0 0 0 0 0 0 0 0 0 0 0 0 0 0 0 0 0 0 0 0 0 0 0 0 0 0 0 0 0 
0 0 0 0 0 0 1 0 0 0 0 0 0 0 
-48 -381 -30 -385 4 -385 82 -383 94 -381 173 -378 209 -372 274 -348 307 -334 365 -299 405 -262 438 -226 460 -193 487 -125 500 -33 492 72 484 123 450 202 424 253 396 295 370 323 313 376 269 403 236 420 174 449 126 473 91 482 40 495 -9 495 -48 499 0 0 0 0 0 0 0 0 0 0 0 0 0 0 0 0 0 0 0 0 0 0 0 0 0 0 0 0 0 0 0 0 0 0 0 0 0 0 0 0 0 0 0 0 0 0 0 0 0 0 0 0 0 0 0 0 0 0 0 0 0 0 0 0 0 0 0 0 0 0 0 0 0 0 0 0 0 0 0 0 0 0 0 0 0 0 0 0 0 0 
0 0 0 0 0 0 1 0 0 0 0 0 0 0 
-24 -375 -9 -372 27 -363 88 -350 126 -340 186 -329 260 -313 300 -302 360 -272 404 -237 454 -189 481 -137 493 -89 500 -6 495 82 477 173 437 260 432 272 386 336 365 366 321 407 293 427 234 466 201 478 149 489 91 496 80 498 68 498 14 498 0 0 0 0 0 0 0 0 0 0 0 0 0 0 0 0 0 0 0 0 0 0 0 0 0 0 0 0 0 0 0 0 0 0 0 0 0 0 0 0 0 0 0 0 0 0 0 0 0 0 0 0 0 0 0 0 0 0 0 0 0 0 0 0 0 0 0 0 0 0 0 0 0 0 0 0 0 0 0 0 0 0 0 0 0 0 0 0 0 0 0 0 
0 0 0 0 0 0 1 0 0 0 0 0 0 0 
-46 -372 -16 -378 13 -381 44 -383 60 -385 104 -383 195 -376 231 -369 298 -345 346 -329 394 -309 442 -262 471 -217 491 -156 499 -82 491 26 480 73 454 139 439 179 395 257 365 307 331 345 292 383 251 419 208 450 178 466 117 495 81 499 27 491 -24 477 0 0 0 0 0 0 0 0 0 0 0 0 0 0 0 0 0 0 0 0 0 0 0 0 0 0 0 0 0 0 0 0 0 0 0 0 0 0 0 0 0 0 0 0 0 0 0 0 0 0 0 0 0 0 0 0 0 0 0 0 0 0 0 0 0 0 0 0 0 0 0 0 0 0 0 0 0 0 0 0 0 0 0 0 0 0 0 0 0 0 
0 0 0 0 0 0 1 0 0 0 0 0 0 0 
-3 -342 14 -347 53 -347 139 -340 179 -333 254 -319 322 -292 380 -250 406 -219 441 -169 461 -130 487 -47 496 35 500 126 490 211 469 304 446 340 412 388 367 435 343 452 281 488 254 492 211 500 147 500 84 495 27 492 0 0 0 0 0 0 0 0 0 0 0 0 0 0 0 0 0 0 0 0 0 0 0 0 0 0 0 0 0 0 0 0 0 0 0 0 0 0 0 0 0 0 0 0 0 0 0 0 0 0 0 0 0 0 0 0 0 0 0 0 0 0 0 0 0 0 0 0 0 0 0 0 0 0 0 0 0 0 0 0 0 0 0 0 0 0 0 0 0 0 0 0 0 0 0 0 0 0 
0 0 0 0 0 0 1 0 0 0 0 0 0 0 
