499 -381 481 -385 434 -385 346 -373 293 -354 239 -329 191 -303 138 -251 103 -213 82 -178 50 -125 33 -85 12 0 5 75 7 159 19 228 36 297 56 358 84 415 105 444 159 484 239 496 304 498 379 496 434 492 490 488 0 0 0 0 0 0 0 0 0 0 0 0 0 0 0 0 0 0 0 0 0 0 0 0 0 0 0 0 0 0 0 0 0 0 0 0 0 0 0 0 0 0 0 0 0 0 0 0 0 0 0 0 0 0 0 0 0 0 0 0 0 0 0 0 0 0 0 0 0 0 0 0 0 0 0 0 0 0 0 0 0 0 0 0 0 0 0 0 0 0 0 0 0 0 0 0 0 0 
0 0 0 0 0 0 0 1 0 0 0 0 0 0 
458 -417 441 -411 395 -397 340 -382 255 -353 208 -328 150 -291 109 -253 72 -215 38 -166 11 -117 -4 -77 -22 4 -24 24 -19 102 6 186 17 213 45 266 80 317 100 351 145 408 171 433 234 464 266 475 321 493 379 500 442 495 499 480 0 0 0 0 0 0 0 0 0 0 0 0 0 0 0 0 0 0 0 0 0 0 0 0 0 0 0 0 0 0 0 0 0 0 0 0 0 0 0 0 0 0 0 0 0 0 0 0 0 0 0 0 0 0 0 0 0 0 0 0 0 0 0 0 0 0 0 0 0 0 0 0 0 0 0 0 0 0 0 0 0 0 0 0 0 0 0 0 0 0 0 0 0 0 
0 0 0 0 0 0 0 1 0 0 0 0 0 0 
500 -410 480 -408 447 -400 389 -382 328 -361 276 -341 242 -326 188 -296 136 -249 102 -212 67 -152 35 -86 21 -43 9 27 3 81 4 156 19 243 53 331 72 365 115 419 144 440 200 475 276 496 335 498 397 498 429 498 0 0 0 0 0 0 0 0 0 0 0 0 0 0 0 0 0 0 0 0 0 0 0 0 0 0 0 0 0 0 0 0 0 0 0 0 0 0 0 0 0 0 0 0 0 0 0 0 0 0 0 0 0 0 0 0 0 0 0 0 0 0 0 0 0 0 0 0 0 0 0 0 0 0 0 0 0 0 0 0 0 0 0 0 0 0 0 0 0 0 0 0 0 0 0 0 0 0 
0 0 0 0 0 0 0 1 0 0 0 0 0 0 
402 -409 386 -409 340 -398 263 -377 202 -348 137 -308 98 -267 59 -227 12 -156 -22 -86 -38 -50 -52 78 -21 221 0 274 42 337 66 369 145 451 175 472 230 491 291 500 363 500 441 495 499 485 0 0 0 0 0 0 0 0 0 0 0 0 0 0 0 0 0 0 0 0 0 0 0 0 0 0 0 0 0 0 0 0 0 0 0 0 0 0 0 0 0 0 0 0 0 0 0 0 0 0 0 0 0 0 0 0 0 0 0 0 0 0 0 0 0 0 0 0 0 0 0 0 0 0 0 0 0 0 0 0 0 0 0 0 0 0 0 0 0 0 0 0 0 0 0 0 0 0 0 0 0 0 0 0 
0 0 0 0 0 0 0 1 0 0 0 0 0 0 
500 -410 482 -410 421 -400 366 -382 301 -356 234 -326 190 -297 148 -263 112 -226 76 -184 47 -136 13 -67 -8 -2 -17 43 -27 117 -22 195 -8 263 19 313 53 356 91 395 123 421 184 454 232 478 285 493 340 500 403 495 454 486 0 0 0 0 0 0 0 0 0 0 0 0 0 0 0 0 0 0 0 0 0 0 0 0 0 0 0 0 0 0 0 0 0 0 0 0 0 0 0 0 0 0 0 0 0 0 0 0 0 0 0 0 0 0 0 0 0 0 0 0 0 0 0 0 0 0 0 0 0 0 0 0 0 0 0 0 0 0 0 0 0 0 0 0 0 0 0 0 0 0 0 0 0 0 0 0 
0 0 0 0 0 0 0 1 0 0 0 0 0 0 
499 -398 485 -398 445 -391 399 -382 328 -357 298 -343 235 -314 187 -289 160 -264 118 -218 89 -175 61 -125 44 -82 27 -15 21 61 27 148 53 252 69 291 98 341 132 382 184 430 209 453 266 478 323 489 397 498 422 498 473 496 0 0 0 0 0 0 0 0 0 0 0 0 0 0 0 0 0 0 0 0 0 0 0 0 0 0 0 0 0 0 0 0 0 0 0 0 0 0 0 0 0 0 0 0 0 0 0 0 0 0 0 0 0 0 0 0 0 0 0 0 0 0 0 0 0 0 0 0 0 0 0 0 0 0 0 0 0 0 0 0 0 0 0 0 0 0 0 0 0 0 0 0 0 0 0 0 
0 0 0 0 0 0 0 1 0 0 0 0 0 0 
442 -384 412 -376 356 -356 329 -344 279 -324 235 -303 166 -267 124 -232 98 -209 43 -138 26 -104 -10 2 -14 12 -23 113 -21 168 -14 220 6 279 43 344 67 373 116 416 145 435 200 470 266 489 290 491 345 497 401 500 458 497 499 493 0 0 0 0 0 0 0 0 0 0 0 0 0 0 0 0 0 0 0 0 0 0 0 0 0 0 0 0 0 0 0 0 0 0 0 0 0 0 0 0 0 0 0 0 0 0 0 0 0 0 0 0 0 0 0 0 0 0 0 0 0 0 0 0 0 0 0 0 0 0 0 0 0 0 0 0 0 0 0 0 0 0 0 0 0 0 0 0 0 0 0 0 0 0 
0 0 0 0 0 0 0 1 0 0 0 0 0 0 
430 -364 413 -366 375 -362 309 -358 268 -353 209 -345 165 -326 117 -296 73 -247 47 -201 18 -125 7 -80 -9 8 -14 84 1 177 7 207 33 286 77 362 110 406 147 451 174 472 240 495 283 500 347 500 433 497 500 489 0 0 0 0 0 0 0 0 0 0 0 0 0 0 0 0 0 0 0 0 0 0 0 0 0 0 0 0 0 0 0 0 0 0 0 0 0 0 0 0 0 0 0 0 0 0 0 0 0 0 0 0 0 0 0 0 0 0 0 0 0 0 0 0 0 0 0 0 0 0 0 0 0 0 0 0 0 0 0 0 0 0 0 0 0 0 0 0 0 0 0 0 0 0 0 0 0 0 
0 0 0 0 0 0 0 1 0 0 0 0 0 0 
452 -397 435 -395 389 -387 324 -376 255 -359 200 -342 141 -302 100 -263 76 -231 37 -176 11 -125 -1 -82 -17 -12 -23 89 -15 185 5 246 35 295 69 336 130 395 222 468 272 487 350 500 409 497 464 489 499 478 0 0 0 0 0 0 0 0 0 0 0 0 0 0 0 0 0 0 0 0 0 0 0 0 0 0 0 0 0 0 0 0 0 0 0 0 0 0 0 0 0 0 0 0 0 0 0 0 0 0 0 0 0 0 0 0 0 0 0 0 0 0 0 0 0 0 0 0 0 0 0 0 0 0 0 0 0 0 0 0 0 0 0 0 0 0 0 0 0 0 0 0 0 0 0 0 0 0 0 0 
0 0 0 0 0 0 0 1 0 0 0 0 0 0 
499 -403 480 -405 435 -405 368 -403 298 -388 261 -371 229 -349 189 -317 146 -268 114 -225 87 -180 57 -109 44 -70 25 53 25 133 39 225 71 302 90 334 146 405 194 448 223 467 285 493 342 499 397 499 0 0 0 0 0 0 0 0 0 0 0 0 0 0 0 0 0 0 0 0 0 0 0 0 0 0 0 0 0 0 0 0 0 0 0 0 0 0 0 0 0 0 0 0 0 0 0 0 0 0 0 0 0 0 0 0 0 0 0 0 0 0 0 0 0 0 0 0 0 0 0 0 0 0 0 0 0 0 0 0 0 0 0 0 0 0 0 0 0 0 0 0 0 0 0 0 0 0 0 0 0 0 
0 0 0 0 0 0 0 1 0 0 0 0 0 0 
452 -405 435 -407 357 -412 329 -409 262 -396 200 -363 171 -340 110 -289 76 -249 51 -220 13 -153 -17 -82 -40 0 -46 46 -41 155 -31 204 3 273 32 320 71 363 113 400 150 432 199 458 253 476 287 487 359 498 401 496 458 496 499 492 0 0 0 0 0 0 0 0 0 0 0 0 0 0 0 0 0 0 0 0 0 0 0 0 0 0 0 0 0 0 0 0 0 0 0 0 0 0 0 0 0 0 0 0 0 0 0 0 0 0 0 0 0 0 0 0 0 0 0 0 0 0 0 0 0 0 0 0 0 0 0 0 0 0 0 0 0 0 0 0 0 0 0 0 0 0 0 0 0 0 0 0 0 0 
0 0 0 0 0 0 0 1 0 0 0 0 0 0 
500 -391 483 -391 412 -395 381 -395 301 -383 250 -362 217 -345 152 -296 126 -265 73 -202 53 -170 16 -105 -6 -52 -22 8 -30 80 -30 183 -16 273 8 334 34 381 71 423 107 461 154 484 193 492 250 498 347 498 399 494 0 0 0 0 0 0 0 0 0 0 0 0 0 0 0 0 0 0 0 0 0 0 0 0 0 0 0 0 0 0 0 0 0 0 0 0 0 0 0 0 0 0 0 0 0 0 0 0 0 0 0 0 0 0 0 0 0 0 0 0 0 0 0 0 0 0 0 0 0 0 0 0 0 0 0 0 0 0 0 0 0 0 0 0 0 0 0 0 0 0 0 0 0 0 0 0 0 0 
0 0 0 0 0 0 0 1 0 0 0 0 0 0 
499 -388 483 -388 365 -391 300 -388 222 -381 134 -358 95 -342 18 -303 -39 -243 -64 -215 -95 -141 -115 -48 -124 37 -123 120 -111 196 -87 287 -59 344 -24 391 18 425 65 453 88 462 161 483 200 493 259 500 338 493 396 483 463 460 0 0 0 0 0 0 0 0 0 0 0 0 0 0 0 0 0 0 0 0 0 0 0 0 0 0 0 0 0 0 0 0 0 0 0 0 0 0 0 0 0 0 0 0 0 0 0 0 0 0 0 0 0 0 0 0 0 0 0 0 0 0 0 0 0 0 0 0 0 0 0 0 0 0 0 0 0 0 0 0 0 0 0 0 0 0 0 0 0 0 0 0 0 0 0 0 
0 0 0 0 0 0 0 1 0 0 0 0 0 0 
468 -334 450 -334 326 -320 287 -309 215 -280 184 -260 121 -216 92 -189 38 -115 14 -60 -5 8 -15 111 -7 209 8 260 19 289 52 340 87 385 121 416 150 440 222 465 259 478 317 496 401 498 443 487 500 467 0 0 0 0 0 0 0 0 0 0 0 0 0 0 0 0 0 0 0 0 0 0 0 0 0 0 0 0 0 0 0 0 0 0 0 0 0 0 0 0 0 0 0 0 0 0 0 0 0 0 0 0 0 0 0 0 0 0 0 0 0 0 0 0 0 0 0 0 0 0 0 0 0 0 0 0 0 0 0 0 0 0 0 0 0 0 0 0 0 0 0 0 0 0 0 0 0 0 0 0 
0 0 0 0 0 0 0 1 0 0 0 0 0 0 
499 -371 484 -368 449 -359 415 -350 300 -328 174 -276 126 -233 66 -169 45 -138 8 -72 -14 -15 -30 52 -38 133 -32 237 -6 334 22 384 64 438 122 472 159 486 218 495 297 500 358 500 416 493 462 479 0 0 0 0 0 0 0 0 0 0 0 0 0 0 0 0 0 0 0 0 0 0 0 0 0 0 0 0 0 0 0 0 0 0 0 0 0 0 0 0 0 0 0 0 0 0 0 0 0 0 0 0 0 0 0 0 0 0 0 0 0 0 0 0 0 0 0 0 0 0 0 0 0 0 0 0 0 0 0 0 0 0 0 0 0 0 0 0 0 0 0 0 0 0 0 0 0 0 0 0 0 0 
0 0 0 0 0 0 0 1 0 0 0 0 0 0 
