-105 -296 -105 -275 -99 -158 -95 -100 -78 4 -65 74 -38 163 -10 228 15 279 46 326 67 358 113 421 136 449 191 484 251 498 325 482 374 456 404 438 437 396 466 344 478 298 487 184 487 121 492 -2 493 -58 496 -142 500 -221 0 0 0 0 0 0 0 0 0 0 0 0 0 0 0 0 0 0 0 0 0 0 0 0 0 0 0 0 0 0 0 0 0 0 0 0 0 0 0 0 0 0 0 0 0 0 0 0 0 0 0 0 0 0 0 0 0 0 0 0 0 0 0 0 0 0 0 0 0 0 0 0 0 0 0 0 0 0 0 0 0 0 0 0 0 0 0 0 0 0 0 0 0 0 0 0 
0 0 0 0 0 0 0 0 0 1 0 0 0 0 
-122 -289 -129 -265 -143 -202 -154 -125 -154 -108 -151 -19 -137 70 -116 135 -100 183 -64 253 -28 323 -6 359 25 408 74 458 141 495 193 500 251 490 300 475 351 449 385 405 418 350 434 314 453 239 467 130 474 45 483 -62 491 -118 499 -188 0 0 0 0 0 0 0 0 0 0 0 0 0 0 0 0 0 0 0 0 0 0 0 0 0 0 0 0 0 0 0 0 0 0 0 0 0 0 0 0 0 0 0 0 0 0 0 0 0 0 0 0 0 0 0 0 0 0 0 0 0 0 0 0 0 0 0 0 0 0 0 0 0 0 0 0 0 0 0 0 0 0 0 0 0 0 0 0 0 0 0 0 0 0 
0 0 0 0 0 0 0 0 0 1 0 0 0 0 
-109 -165 -110 -143 -112 -70 -109 7 -101 95 -72 211 -55 253 -14 344 20 391 55 434 98 467 136 482 197 497 250 500 297 482 357 439 389 381 406 341 436 261 454 183 466 95 477 10 484 -50 493 -165 500 -218 0 0 0 0 0 0 0 0 0 0 0 0 0 0 0 0 0 0 0 0 0 0 0 0 0 0 0 0 0 0 0 0 0 0 0 0 0 0 0 0 0 0 0 0 0 0 0 0 0 0 0 0 0 0 0 0 0 0 0 0 0 0 0 0 0 0 0 0 0 0 0 0 0 0 0 0 0 0 0 0 0 0 0 0 0 0 0 0 0 0 0 0 0 0 0 0 0 0 0 0 
0 0 0 0 0 0 0 0 0 1 0 0 0 0 
-150 -281 -153 -260 -156 -206 -150 -120 -141 -34 -129 44 -107 127 -91 176 -76 216 -41 295 -23 332 4 381 38 423 60 453 92 479 134 500 213 500 253 488 299 469 362 420 387 383 429 293 443 253 461 137 477 4 485 -48 495 -123 500 -190 0 0 0 0 0 0 0 0 0 0 0 0 0 0 0 0 0 0 0 0 0 0 0 0 0 0 0 0 0 0 0 0 0 0 0 0 0 0 0 0 0 0 0 0 0 0 0 0 0 0 0 0 0 0 0 0 0 0 0 0 0 0 0 0 0 0 0 0 0 0 0 0 0 0 0 0 0 0 0 0 0 0 0 0 0 0 0 0 0 0 0 0 0 0 
0 0 0 0 0 0 0 0 0 1 0 0 0 0 
-159 -202 -159 -177 -142 -59 -121 27 -97 111 -77 170 -53 225 -22 268 11 306 47 347 83 386 104 415 149 456 216 495 248 500 315 481 347 463 401 402 420 372 447 265 461 202 477 134 486 79 496 -18 499 -104 499 -188 496 -259 0 0 0 0 0 0 0 0 0 0 0 0 0 0 0 0 0 0 0 0 0 0 0 0 0 0 0 0 0 0 0 0 0 0 0 0 0 0 0 0 0 0 0 0 0 0 0 0 0 0 0 0 0 0 0 0 0 0 0 0 0 0 0 0 0 0 0 0 0 0 0 0 0 0 0 0 0 0 0 0 0 0 0 0 0 0 0 0 0 0 0 0 0 0 0 0 
0 0 0 0 0 0 0 0 0 1 0 0 0 0 
-134 -272 -138 -246 -146 -171 -147 -134 -144 -24 -138 30 -122 107 -101 169 -81 226 -59 276 -38 312 8 378 32 406 69 439 122 474 178 498 252 483 296 454 322 432 375 364 400 316 428 257 450 193 465 123 478 54 488 -15 493 -52 499 -147 0 0 0 0 0 0 0 0 0 0 0 0 0 0 0 0 0 0 0 0 0 0 0 0 0 0 0 0 0 0 0 0 0 0 0 0 0 0 0 0 0 0 0 0 0 0 0 0 0 0 0 0 0 0 0 0 0 0 0 0 0 0 0 0 0 0 0 0 0 0 0 0 0 0 0 0 0 0 0 0 0 0 0 0 0 0 0 0 0 0 0 0 0 0 
0 0 0 0 0 0 0 0 0 1 0 0 0 0 
-129 -253 -132 -231 -134 -150 -129 -53 -111 48 -95 114 -64 199 -36 255 -11 304 30 364 50 399 95 447 167 493 227 498 282 484 340 445 365 420 414 357 431 323 455 236 467 182 483 60 493 -43 496 -102 499 -189 0 0 0 0 0 0 0 0 0 0 0 0 0 0 0 0 0 0 0 0 0 0 0 0 0 0 0 0 0 0 0 0 0 0 0 0 0 0 0 0 0 0 0 0 0 0 0 0 0 0 0 0 0 0 0 0 0 0 0 0 0 0 0 0 0 0 0 0 0 0 0 0 0 0 0 0 0 0 0 0 0 0 0 0 0 0 0 0 0 0 0 0 0 0 0 0 0 0 0 0 
0 0 0 0 0 0 0 0 0 1 0 0 0 0 
-112 -320 -117 -292 -121 -248 -127 -173 -129 -99 -123 -25 -112 47 -86 142 -63 218 -47 257 -20 311 -1 341 50 406 81 437 121 471 164 491 214 500 277 497 335 476 382 435 420 380 446 307 462 268 488 166 494 112 499 34 499 -49 497 -160 494 -229 0 0 0 0 0 0 0 0 0 0 0 0 0 0 0 0 0 0 0 0 0 0 0 0 0 0 0 0 0 0 0 0 0 0 0 0 0 0 0 0 0 0 0 0 0 0 0 0 0 0 0 0 0 0 0 0 0 0 0 0 0 0 0 0 0 0 0 0 0 0 0 0 0 0 0 0 0 0 0 0 0 0 0 0 0 0 0 0 0 0 0 0 
0 0 0 0 0 0 0 0 0 1 0 0 0 0 
-121 -217 -124 -186 -127 -106 -124 -7 -107 123 -99 156 -83 214 -48 292 -16 343 31 409 71 446 116 477 174 497 235 499 305 479 368 444 403 421 441 376 475 323 495 249 500 156 498 27 493 -37 490 -126 491 -212 0 0 0 0 0 0 0 0 0 0 0 0 0 0 0 0 0 0 0 0 0 0 0 0 0 0 0 0 0 0 0 0 0 0 0 0 0 0 0 0 0 0 0 0 0 0 0 0 0 0 0 0 0 0 0 0 0 0 0 0 0 0 0 0 0 0 0 0 0 0 0 0 0 0 0 0 0 0 0 0 0 0 0 0 0 0 0 0 0 0 0 0 0 0 0 0 0 0 0 0 
0 0 0 0 0 0 0 0 0 1 0 0 0 0 
-97 -300 -100 -280 -108 -202 -111 -159 -114 -104 -111 6 -102 76 -90 121 -65 195 -20 274 -1 306 38 355 82 404 109 427 157 468 185 485 237 497 291 500 357 485 392 451 425 404 442 370 463 306 474 261 488 174 497 78 499 -6 493 -110 485 -182 480 -259 475 -327 0 0 0 0 0 0 0 0 0 0 0 0 0 0 0 0 0 0 0 0 0 0 0 0 0 0 0 0 0 0 0 0 0 0 0 0 0 0 0 0 0 0 0 0 0 0 0 0 0 0 0 0 0 0 0 0 0 0 0 0 0 0 0 0 0 0 0 0 0 0 0 0 0 0 0 0 0 0 0 0 0 0 0 0 0 0 0 0 
0 0 0 0 0 0 0 0 0 1 0 0 0 0 
-186 -186 -183 -144 -175 -73 -162 -6 -151 37 -134 109 -122 151 -87 237 -70 275 -29 336 -7 367 33 418 56 443 108 481 149 493 211 500 266 495 336 478 379 449 403 422 428 378 452 319 466 279 483 214 495 123 500 42 498 -16 493 -96 483 -159 469 -226 0 0 0 0 0 0 0 0 0 0 0 0 0 0 0 0 0 0 0 0 0 0 0 0 0 0 0 0 0 0 0 0 0 0 0 0 0 0 0 0 0 0 0 0 0 0 0 0 0 0 0 0 0 0 0 0 0 0 0 0 0 0 0 0 0 0 0 0 0 0 0 0 0 0 0 0 0 0 0 0 0 0 0 0 0 0 0 0 0 0 
0 0 0 0 0 0 0 0 0 1 0 0 0 0 
-96 -257 -104 -215 -107 -169 -105 -58 -82 55 -64 118 -21 232 3 283 32 334 64 380 110 436 138 459 182 484 230 498 284 491 337 466 380 433 410 408 447 350 474 294 491 229 499 132 493 2 488 -76 486 -160 488 -241 0 0 0 0 0 0 0 0 0 0 0 0 0 0 0 0 0 0 0 0 0 0 0 0 0 0 0 0 0 0 0 0 0 0 0 0 0 0 0 0 0 0 0 0 0 0 0 0 0 0 0 0 0 0 0 0 0 0 0 0 0 0 0 0 0 0 0 0 0 0 0 0 0 0 0 0 0 0 0 0 0 0 0 0 0 0 0 0 0 0 0 0 0 0 0 0 0 0 
0 0 0 0 0 0 0 0 0 1 0 0 0 0 
-109 -360 -112 -340 -120 -273 -128 -186 -129 -130 -123 -17 -117 32 -100 130 -84 188 -60 242 -25 310 -3 340 29 386 76 427 126 470 189 494 221 498 273 488 317 457 348 436 390 381 415 351 439 299 459 236 476 173 489 121 498 54 500 -45 495 -127 487 -199 481 -266 0 0 0 0 0 0 0 0 0 0 0 0 0 0 0 0 0 0 0 0 0 0 0 0 0 0 0 0 0 0 0 0 0 0 0 0 0 0 0 0 0 0 0 0 0 0 0 0 0 0 0 0 0 0 0 0 0 0 0 0 0 0 0 0 0 0 0 0 0 0 0 0 0 0 0 0 0 0 0 0 0 0 0 0 0 0 0 0 
0 0 0 0 0 0 0 0 0 1 0 0 0 0 
-98 -229 -100 -210 -96 -156 -86 -78 -67 4 -58 31 -27 128 -6 181 18 238 44 286 70 341 87 375 127 440 147 468 190 493 247 500 307 495 350 478 401 430 420 402 450 335 472 276 486 213 495 116 500 37 500 -67 496 -145 490 -244 483 -316 476 -377 0 0 0 0 0 0 0 0 0 0 0 0 0 0 0 0 0 0 0 0 0 0 0 0 0 0 0 0 0 0 0 0 0 0 0 0 0 0 0 0 0 0 0 0 0 0 0 0 0 0 0 0 0 0 0 0 0 0 0 0 0 0 0 0 0 0 0 0 0 0 0 0 0 0 0 0 0 0 0 0 0 0 0 0 0 0 0 0 0 0 
0 0 0 0 0 0 0 0 0 1 0 0 0 0 
-160 -315 -162 -294 -166 -195 -163 -113 -152 -46 -135 37 -112 115 -81 187 -64 221 -30 288 -9 322 24 381 74 450 100 471 134 488 186 496 245 498 296 492 358 454 390 414 410 387 444 303 464 240 476 193 489 105 495 54 498 -33 500 -90 500 -166 489 -223 0 0 0 0 0 0 0 0 0 0 0 0 0 0 0 0 0 0 0 0 0 0 0 0 0 0 0 0 0 0 0 0 0 0 0 0 0 0 0 0 0 0 0 0 0 0 0 0 0 0 0 0 0 0 0 0 0 0 0 0 0 0 0 0 0 0 0 0 0 0 0 0 0 0 0 0 0 0 0 0 0 0 0 0 0 0 0 0 0 0 
0 0 0 0 0 0 0 0 0 1 0 0 0 0 
