-117 498 -123 439 -122 304 -116 248 -98 130 -74 37 -58 -4 -18 -85 13 -141 46 -186 67 -215 93 -248 132 -278 181 -304 247 -314 299 -304 353 -267 392 -217 412 -186 450 -108 471 -49 489 66 496 122 500 229 496 304 0 0 0 0 0 0 0 0 0 0 0 0 0 0 0 0 0 0 0 0 0 0 0 0 0 0 0 0 0 0 0 0 0 0 0 0 0 0 0 0 0 0 0 0 0 0 0 0 0 0 0 0 0 0 0 0 0 0 0 0 0 0 0 0 0 0 0 0 0 0 0 0 0 0 0 0 0 0 0 0 0 0 0 0 0 0 0 0 0 0 0 0 0 0 0 0 0 0 0 0 
0 0 0 0 0 0 0 0 1 0 0 0 0 0 
-194 498 -196 476 -196 408 -188 285 -179 195 -162 115 -142 45 -121 -27 -96 -90 -70 -147 -58 -175 -18 -240 -1 -260 38 -300 78 -335 124 -358 187 -365 271 -340 315 -308 342 -280 384 -208 414 -150 430 -112 458 -17 476 50 489 135 495 192 500 308 500 390 498 463 0 0 0 0 0 0 0 0 0 0 0 0 0 0 0 0 0 0 0 0 0 0 0 0 0 0 0 0 0 0 0 0 0 0 0 0 0 0 0 0 0 0 0 0 0 0 0 0 0 0 0 0 0 0 0 0 0 0 0 0 0 0 0 0 0 0 0 0 0 0 0 0 0 0 0 0 0 0 0 0 0 0 0 0 0 0 0 0 0 0 
0 0 0 0 0 0 0 0 1 0 0 0 0 0 
-193 459 -193 438 -184 298 -172 217 -161 142 -153 92 -130 -13 -109 -72 -86 -128 -70 -167 -20 -235 16 -266 61 -289 109 -300 180 -294 229 -271 254 -248 295 -212 317 -185 360 -131 396 -72 439 6 462 83 483 169 493 217 499 300 493 384 484 454 472 500 0 0 0 0 0 0 0 0 0 0 0 0 0 0 0 0 0 0 0 0 0 0 0 0 0 0 0 0 0 0 0 0 0 0 0 0 0 0 0 0 0 0 0 0 0 0 0 0 0 0 0 0 0 0 0 0 0 0 0 0 0 0 0 0 0 0 0 0 0 0 0 0 0 0 0 0 0 0 0 0 0 0 0 0 0 0 0 0 0 0 0 0 
0 0 0 0 0 0 0 0 1 0 0 0 0 0 
-57 498 -58 476 -61 397 -61 318 -55 224 -43 118 -21 19 0 -46 29 -135 47 -172 83 -237 129 -286 169 -318 212 -340 261 -330 320 -293 360 -237 403 -175 417 -150 439 -86 466 2 483 74 496 153 499 241 494 372 489 456 0 0 0 0 0 0 0 0 0 0 0 0 0 0 0 0 0 0 0 0 0 0 0 0 0 0 0 0 0 0 0 0 0 0 0 0 0 0 0 0 0 0 0 0 0 0 0 0 0 0 0 0 0 0 0 0 0 0 0 0 0 0 0 0 0 0 0 0 0 0 0 0 0 0 0 0 0 0 0 0 0 0 0 0 0 0 0 0 0 0 0 0 0 0 0 0 0 0 
0 0 0 0 0 0 0 0 1 0 0 0 0 0 
-100 498 -103 471 -110 378 -110 283 -106 193 -86 68 -71 -7 -57 -56 -22 -166 -4 -202 25 -249 69 -276 119 -288 183 -290 242 -281 307 -254 334 -234 395 -171 413 -139 450 -36 463 4 486 119 493 178 500 264 500 378 490 457 0 0 0 0 0 0 0 0 0 0 0 0 0 0 0 0 0 0 0 0 0 0 0 0 0 0 0 0 0 0 0 0 0 0 0 0 0 0 0 0 0 0 0 0 0 0 0 0 0 0 0 0 0 0 0 0 0 0 0 0 0 0 0 0 0 0 0 0 0 0 0 0 0 0 0 0 0 0 0 0 0 0 0 0 0 0 0 0 0 0 0 0 0 0 0 0 0 0 
0 0 0 0 0 0 0 0 1 0 0 0 0 0 
-90 498 -94 477 -107 390 -112 302 -106 167 -93 59 -80 -11 -67 -55 -32 -139 -14 -172 30 -237 52 -261 96 -292 141 -314 188 -330 260 -326 295 -316 351 -278 381 -232 403 -196 435 -129 453 -62 469 28 488 119 498 213 499 311 494 369 0 0 0 0 0 0 0 0 0 0 0 0 0 0 0 0 0 0 0 0 0 0 0 0 0 0 0 0 0 0 0 0 0 0 0 0 0 0 0 0 0 0 0 0 0 0 0 0 0 0 0 0 0 0 0 0 0 0 0 0 0 0 0 0 0 0 0 0 0 0 0 0 0 0 0 0 0 0 0 0 0 0 0 0 0 0 0 0 0 0 0 0 0 0 0 0 
0 0 0 0 0 0 0 0 1 0 0 0 0 0 
-114 499 -117 474 -118 421 -120 345 -117 235 -108 129 -83 6 -66 -55 -51 -96 -15 -161 31 -209 79 -258 123 -283 175 -299 261 -297 325 -264 350 -237 406 -175 439 -108 467 -55 480 -11 493 66 496 149 499 235 497 313 490 389 0 0 0 0 0 0 0 0 0 0 0 0 0 0 0 0 0 0 0 0 0 0 0 0 0 0 0 0 0 0 0 0 0 0 0 0 0 0 0 0 0 0 0 0 0 0 0 0 0 0 0 0 0 0 0 0 0 0 0 0 0 0 0 0 0 0 0 0 0 0 0 0 0 0 0 0 0 0 0 0 0 0 0 0 0 0 0 0 0 0 0 0 0 0 0 0 0 0 
0 0 0 0 0 0 0 0 1 0 0 0 0 0 
-99 500 -102 449 -102 420 -101 302 -97 209 -91 127 -79 45 -68 -33 -52 -103 -32 -168 -17 -211 15 -278 52 -312 109 -336 159 -336 201 -324 259 -295 312 -257 350 -218 392 -165 412 -134 442 -55 470 26 483 69 495 146 499 230 499 312 0 0 0 0 0 0 0 0 0 0 0 0 0 0 0 0 0 0 0 0 0 0 0 0 0 0 0 0 0 0 0 0 0 0 0 0 0 0 0 0 0 0 0 0 0 0 0 0 0 0 0 0 0 0 0 0 0 0 0 0 0 0 0 0 0 0 0 0 0 0 0 0 0 0 0 0 0 0 0 0 0 0 0 0 0 0 0 0 0 0 0 0 0 0 0 0 
0 0 0 0 0 0 0 0 1 0 0 0 0 0 
-137 498 -141 472 -146 423 -148 328 -140 203 -129 120 -116 42 -95 -28 -69 -85 -43 -144 -21 -172 18 -210 60 -236 111 -250 184 -243 246 -215 291 -189 323 -174 391 -115 410 -82 445 -7 468 49 478 99 492 198 496 283 500 349 496 437 0 0 0 0 0 0 0 0 0 0 0 0 0 0 0 0 0 0 0 0 0 0 0 0 0 0 0 0 0 0 0 0 0 0 0 0 0 0 0 0 0 0 0 0 0 0 0 0 0 0 0 0 0 0 0 0 0 0 0 0 0 0 0 0 0 0 0 0 0 0 0 0 0 0 0 0 0 0 0 0 0 0 0 0 0 0 0 0 0 0 0 0 0 0 0 0 
0 0 0 0 0 0 0 0 1 0 0 0 0 0 
-160 488 -161 466 -163 403 -150 259 -143 205 -123 102 -96 17 -73 -39 -32 -105 -9 -139 39 -183 97 -210 146 -220 262 -190 346 -127 381 -78 414 -9 434 61 455 127 481 212 495 288 498 347 500 427 500 498 0 0 0 0 0 0 0 0 0 0 0 0 0 0 0 0 0 0 0 0 0 0 0 0 0 0 0 0 0 0 0 0 0 0 0 0 0 0 0 0 0 0 0 0 0 0 0 0 0 0 0 0 0 0 0 0 0 0 0 0 0 0 0 0 0 0 0 0 0 0 0 0 0 0 0 0 0 0 0 0 0 0 0 0 0 0 0 0 0 0 0 0 0 0 0 0 0 0 0 0 0 0 
0 0 0 0 0 0 0 0 1 0 0 0 0 0 
-155 500 -161 469 -173 378 -178 286 -171 170 -161 86 -142 -12 -118 -83 -87 -144 -30 -215 -7 -243 33 -276 90 -309 123 -322 175 -335 246 -324 281 -314 340 -279 375 -238 417 -170 444 -116 469 -32 489 65 498 147 500 243 495 357 483 423 0 0 0 0 0 0 0 0 0 0 0 0 0 0 0 0 0 0 0 0 0 0 0 0 0 0 0 0 0 0 0 0 0 0 0 0 0 0 0 0 0 0 0 0 0 0 0 0 0 0 0 0 0 0 0 0 0 0 0 0 0 0 0 0 0 0 0 0 0 0 0 0 0 0 0 0 0 0 0 0 0 0 0 0 0 0 0 0 0 0 0 0 0 0 0 0 
0 0 0 0 0 0 0 0 1 0 0 0 0 0 
-142 498 -146 476 -152 386 -152 290 -145 173 -134 85 -120 12 -100 -56 -80 -119 -50 -193 -20 -242 13 -286 53 -315 100 -334 173 -330 195 -322 234 -308 293 -268 325 -232 364 -168 383 -129 417 -44 444 19 460 80 474 161 480 246 484 364 490 415 499 474 0 0 0 0 0 0 0 0 0 0 0 0 0 0 0 0 0 0 0 0 0 0 0 0 0 0 0 0 0 0 0 0 0 0 0 0 0 0 0 0 0 0 0 0 0 0 0 0 0 0 0 0 0 0 0 0 0 0 0 0 0 0 0 0 0 0 0 0 0 0 0 0 0 0 0 0 0 0 0 0 0 0 0 0 0 0 0 0 0 0 0 0 
0 0 0 0 0 0 0 0 1 0 0 0 0 0 
-154 498 -160 467 -166 375 -166 308 -151 185 -136 105 -126 53 -99 -23 -75 -82 -59 -123 -17 -185 26 -236 84 -272 135 -287 175 -290 236 -285 301 -251 338 -221 389 -172 421 -118 450 -61 471 2 490 105 499 187 494 277 482 344 0 0 0 0 0 0 0 0 0 0 0 0 0 0 0 0 0 0 0 0 0 0 0 0 0 0 0 0 0 0 0 0 0 0 0 0 0 0 0 0 0 0 0 0 0 0 0 0 0 0 0 0 0 0 0 0 0 0 0 0 0 0 0 0 0 0 0 0 0 0 0 0 0 0 0 0 0 0 0 0 0 0 0 0 0 0 0 0 0 0 0 0 0 0 0 0 0 0 
0 0 0 0 0 0 0 0 1 0 0 0 0 0 
-114 434 -124 411 -142 314 -145 220 -136 101 -124 17 -117 -17 -91 -101 -63 -152 -38 -187 -31 -197 16 -246 74 -276 108 -294 152 -312 213 -312 268 -299 305 -286 360 -243 384 -210 422 -142 440 -104 468 -17 480 35 494 134 500 243 495 340 488 431 471 500 0 0 0 0 0 0 0 0 0 0 0 0 0 0 0 0 0 0 0 0 0 0 0 0 0 0 0 0 0 0 0 0 0 0 0 0 0 0 0 0 0 0 0 0 0 0 0 0 0 0 0 0 0 0 0 0 0 0 0 0 0 0 0 0 0 0 0 0 0 0 0 0 0 0 0 0 0 0 0 0 0 0 0 0 0 0 0 0 0 0 0 0 
0 0 0 0 0 0 0 0 1 0 0 0 0 0 
-138 498 -141 473 -141 356 -139 295 -132 185 -122 83 -105 -5 -86 -83 -61 -150 -38 -201 -13 -234 26 -264 98 -277 136 -277 219 -254 264 -223 319 -173 354 -129 376 -96 422 -7 447 78 476 170 486 221 496 310 499 404 496 498 0 0 0 0 0 0 0 0 0 0 0 0 0 0 0 0 0 0 0 0 0 0 0 0 0 0 0 0 0 0 0 0 0 0 0 0 0 0 0 0 0 0 0 0 0 0 0 0 0 0 0 0 0 0 0 0 0 0 0 0 0 0 0 0 0 0 0 0 0 0 0 0 0 0 0 0 0 0 0 0 0 0 0 0 0 0 0 0 0 0 0 0 0 0 0 0 0 0 
0 0 0 0 0 0 0 0 1 0 0 0 0 0 
