-193 -355 -195 -332 -196 -220 -196 -172 -187 -53 -166 43 -151 91 -124 175 -90 241 -77 269 -66 294 -27 360 -4 390 46 441 95 472 128 487 184 500 256 489 330 456 372 421 398 388 434 312 463 233 480 159 493 55 500 -60 498 -157 495 -238 489 -309 0 0 0 0 0 0 0 0 0 0 0 0 0 0 0 0 0 0 0 0 0 0 0 0 0 0 0 0 0 0 0 0 0 0 0 0 0 0 0 0 0 0 0 0 0 0 0 0 0 0 0 0 0 0 0 0 0 0 0 0 0 0 0 0 0 0 0 0 0 0 0 0 0 0 0 0 0 0 0 0 0 0 0 0 0 0 0 0 0 0 0 0 
0 0 0 0 0 0 0 0 0 1 0 0 0 0 
-193 -313 -196 -293 -201 -241 -204 -155 -204 -99 -198 8 -184 99 -159 179 -143 218 -107 289 -72 334 -39 371 -3 403 33 427 74 464 116 485 183 498 224 498 306 464 342 431 389 380 409 347 442 278 463 224 480 157 487 107 496 32 500 -69 498 -170 495 -248 489 -323 0 0 0 0 0 0 0 0 0 0 0 0 0 0 0 0 0 0 0 0 0 0 0 0 0 0 0 0 0 0 0 0 0 0 0 0 0 0 0 0 0 0 0 0 0 0 0 0 0 0 0 0 0 0 0 0 0 0 0 0 0 0 0 0 0 0 0 0 0 0 0 0 0 0 0 0 0 0 0 0 0 0 0 0 0 0 0 0 
0 0 0 0 0 0 0 0 0 1 0 0 0 0 
-175 -346 -176 -326 -178 -267 -175 -154 -168 -76 -158 -4 -151 44 -133 118 -113 178 -94 231 -60 299 -17 365 -2 382 17 401 33 422 70 456 107 481 156 496 210 498 279 488 341 441 362 416 408 350 435 284 460 208 479 154 490 80 494 29 499 -48 499 -129 494 -212 489 -263 0 0 0 0 0 0 0 0 0 0 0 0 0 0 0 0 0 0 0 0 0 0 0 0 0 0 0 0 0 0 0 0 0 0 0 0 0 0 0 0 0 0 0 0 0 0 0 0 0 0 0 0 0 0 0 0 0 0 0 0 0 0 0 0 0 0 0 0 0 0 0 0 0 0 0 0 0 0 0 0 0 0 0 0 0 0 
0 0 0 0 0 0 0 0 0 1 0 0 0 0 
-201 -322 -207 -282 -210 -235 -214 -155 -208 -54 -200 18 -181 107 -164 166 -149 223 -116 292 -99 326 -58 395 -29 442 19 480 51 490 89 496 136 498 210 498 244 496 303 465 339 421 365 381 401 320 424 271 451 202 474 124 488 37 495 -12 500 -88 494 -191 487 -244 475 -307 460 -353 441 -389 0 0 0 0 0 0 0 0 0 0 0 0 0 0 0 0 0 0 0 0 0 0 0 0 0 0 0 0 0 0 0 0 0 0 0 0 0 0 0 0 0 0 0 0 0 0 0 0 0 0 0 0 0 0 0 0 0 0 0 0 0 0 0 0 0 0 0 0 0 0 0 0 0 0 0 0 0 0 0 0 0 0 
0 0 0 0 0 0 0 0 0 1 0 0 0 0 
-151 -350 -161 -315 -179 -248 -188 -211 -198 -143 -199 -84 -192 37 -177 102 -157 161 -135 217 -107 267 -80 313 -45 355 -13 392 24 422 72 466 100 481 150 498 231 498 288 470 333 427 358 400 406 333 424 300 451 228 472 141 479 111 483 95 497 0 499 -56 498 -141 497 -217 492 -289 483 -339 0 0 0 0 0 0 0 0 0 0 0 0 0 0 0 0 0 0 0 0 0 0 0 0 0 0 0 0 0 0 0 0 0 0 0 0 0 0 0 0 0 0 0 0 0 0 0 0 0 0 0 0 0 0 0 0 0 0 0 0 0 0 0 0 0 0 0 0 0 0 0 0 0 0 0 0 0 0 0 0 0 0 
0 0 0 0 0 0 0 0 0 1 0 0 0 0 
-196 -297 -199 -276 -201 -224 -202 -158 -195 -55 -184 17 -178 49 -175 64 -155 147 -134 205 -117 239 -72 308 -41 346 2 394 34 430 72 464 99 481 163 498 185 498 263 481 311 434 343 400 386 344 409 301 446 218 463 164 480 77 486 23 495 -68 500 -145 497 -226 490 -291 0 0 0 0 0 0 0 0 0 0 0 0 0 0 0 0 0 0 0 0 0 0 0 0 0 0 0 0 0 0 0 0 0 0 0 0 0 0 0 0 0 0 0 0 0 0 0 0 0 0 0 0 0 0 0 0 0 0 0 0 0 0 0 0 0 0 0 0 0 0 0 0 0 0 0 0 0 0 0 0 0 0 0 0 0 0 
0 0 0 0 0 0 0 0 0 1 0 0 0 0 
-150 -332 -157 -295 -166 -226 -169 -170 -167 -107 -160 -28 -147 64 -138 114 -108 194 -85 246 -50 306 -29 336 13 390 38 414 86 457 114 475 161 492 207 498 275 477 302 460 336 421 369 377 397 332 430 267 450 209 469 151 483 84 494 15 500 -60 498 -138 494 -213 491 -280 482 -336 0 0 0 0 0 0 0 0 0 0 0 0 0 0 0 0 0 0 0 0 0 0 0 0 0 0 0 0 0 0 0 0 0 0 0 0 0 0 0 0 0 0 0 0 0 0 0 0 0 0 0 0 0 0 0 0 0 0 0 0 0 0 0 0 0 0 0 0 0 0 0 0 0 0 0 0 0 0 0 0 0 0 0 0 
0 0 0 0 0 0 0 0 0 1 0 0 0 0 
-180 -340 -183 -320 -187 -269 -192 -157 -187 -101 -177 -19 -167 26 -149 110 -122 194 -97 247 -78 280 -28 351 -4 378 45 422 105 469 149 493 181 497 233 500 310 466 347 429 372 404 390 380 396 369 433 309 458 238 479 130 485 77 489 15 497 -66 498 -148 500 -227 492 -314 0 0 0 0 0 0 0 0 0 0 0 0 0 0 0 0 0 0 0 0 0 0 0 0 0 0 0 0 0 0 0 0 0 0 0 0 0 0 0 0 0 0 0 0 0 0 0 0 0 0 0 0 0 0 0 0 0 0 0 0 0 0 0 0 0 0 0 0 0 0 0 0 0 0 0 0 0 0 0 0 0 0 0 0 0 0 
0 0 0 0 0 0 0 0 0 1 0 0 0 0 
-190 -301 -192 -282 -190 -256 -192 -232 -192 -207 -192 -138 -187 -59 -171 25 -151 104 -117 190 -100 224 -56 294 -26 337 21 386 55 420 90 452 135 478 165 493 216 500 286 489 327 448 362 399 385 354 409 305 426 267 445 207 461 119 477 29 487 -44 496 -117 499 -162 0 0 0 0 0 0 0 0 0 0 0 0 0 0 0 0 0 0 0 0 0 0 0 0 0 0 0 0 0 0 0 0 0 0 0 0 0 0 0 0 0 0 0 0 0 0 0 0 0 0 0 0 0 0 0 0 0 0 0 0 0 0 0 0 0 0 0 0 0 0 0 0 0 0 0 0 0 0 0 0 0 0 0 0 0 0 0 0 
0 0 0 0 0 0 0 0 0 1 0 0 0 0 
-186 -289 -186 -261 -183 -153 -180 -133 -163 -25 -153 28 -132 125 -97 235 -81 276 -46 351 -22 384 27 438 72 466 106 479 157 497 231 500 253 494 303 471 361 407 384 374 420 289 445 223 465 156 484 58 496 -25 499 -94 495 -197 487 -282 484 -302 0 0 0 0 0 0 0 0 0 0 0 0 0 0 0 0 0 0 0 0 0 0 0 0 0 0 0 0 0 0 0 0 0 0 0 0 0 0 0 0 0 0 0 0 0 0 0 0 0 0 0 0 0 0 0 0 0 0 0 0 0 0 0 0 0 0 0 0 0 0 0 0 0 0 0 0 0 0 0 0 0 0 0 0 0 0 0 0 0 0 0 0 
0 0 0 0 0 0 0 0 0 1 0 0 0 0 
