-54 -321 -17 -318 54 -316 96 -316 162 -318 224 -318 302 -306 370 -287 426 -248 461 -205 486 -142 499 -99 488 50 465 142 438 205 410 260 389 297 346 347 306 384 275 403 214 437 141 456 85 468 33 475 -15 480 -57 500 0 0 0 0 0 0 0 0 0 0 0 0 0 0 0 0 0 0 0 0 0 0 0 0 0 0 0 0 0 0 0 0 0 0 0 0 0 0 0 0 0 0 0 0 0 0 0 0 0 0 0 0 0 0 0 0 0 0 0 0 0 0 0 0 0 0 0 0 0 0 0 0 0 0 0 0 0 0 0 0 0 0 0 0 0 0 0 0 0 0 0 0 0 0 0 0 0 0 
0 0 0 0 0 0 1 0 0 0 0 0 0 0 
-114 -346 -99 -349 -42 -362 -3 -368 117 -377 177 -377 275 -357 287 -355 316 -344 339 -331 395 -297 436 -245 465 -196 482 -159 499 -90 497 79 485 150 460 204 445 241 402 310 373 351 312 403 266 435 229 465 171 489 116 495 56 500 0 500 -53 493 -102 484 0 0 0 0 0 0 0 0 0 0 0 0 0 0 0 0 0 0 0 0 0 0 0 0 0 0 0 0 0 0 0 0 0 0 0 0 0 0 0 0 0 0 0 0 0 0 0 0 0 0 0 0 0 0 0 0 0 0 0 0 0 0 0 0 0 0 0 0 0 0 0 0 0 0 0 0 0 0 0 0 0 0 0 0 0 0 0 0 0 0 
0 0 0 0 0 0 1 0 0 0 0 0 0 0 
-88 -336 -74 -336 41 -341 94 -347 133 -353 215 -353 269 -341 319 -321 362 -292 404 -257 434 -215 466 -153 483 -115 497 -44 499 36 483 123 452 215 415 277 386 319 347 362 322 385 268 439 243 460 184 486 131 494 54 498 13 496 -40 488 0 0 0 0 0 0 0 0 0 0 0 0 0 0 0 0 0 0 0 0 0 0 0 0 0 0 0 0 0 0 0 0 0 0 0 0 0 0 0 0 0 0 0 0 0 0 0 0 0 0 0 0 0 0 0 0 0 0 0 0 0 0 0 0 0 0 0 0 0 0 0 0 0 0 0 0 0 0 0 0 0 0 0 0 0 0 0 0 0 0 0 0 0 0 
0 0 0 0 0 0 1 0 0 0 0 0 0 0 
-132 -352 -119 -356 -74 -365 -19 -374 37 -376 98 -376 168 -367 242 -341 268 -330 292 -321 302 -317 360 -282 385 -258 427 -205 447 -175 469 -113 484 -48 499 45 499 102 491 183 481 256 456 334 436 367 403 409 356 448 293 490 242 498 169 492 114 485 59 477 5 468 -49 459 -108 452 0 0 0 0 0 0 0 0 0 0 0 0 0 0 0 0 0 0 0 0 0 0 0 0 0 0 0 0 0 0 0 0 0 0 0 0 0 0 0 0 0 0 0 0 0 0 0 0 0 0 0 0 0 0 0 0 0 0 0 0 0 0 0 0 0 0 0 0 0 0 0 0 0 0 0 0 0 0 0 0 0 0 0 0 
0 0 0 0 0 0 1 0 0 0 0 0 0 0 
-94 -315 -74 -318 23 -329 75 -338 131 -343 192 -345 272 -343 327 -331 359 -320 417 -279 446 -233 474 -173 488 -135 497 -57 499 25 485 148 472 194 451 258 407 336 353 398 316 432 258 466 213 482 173 491 114 498 52 494 3 487 -51 478 -63 475 -72 475 0 0 0 0 0 0 0 0 0 0 0 0 0 0 0 0 0 0 0 0 0 0 0 0 0 0 0 0 0 0 0 0 0 0 0 0 0 0 0 0 0 0 0 0 0 0 0 0 0 0 0 0 0 0 0 0 0 0 0 0 0 0 0 0 0 0 0 0 0 0 0 0 0 0 0 0 0 0 0 0 0 0 0 0 0 0 0 0 0 0 
0 0 0 0 0 0 1 0 0 0 0 0 0 0 
-123 -329 -101 -325 -12 -323 31 -325 93 -329 174 -329 278 -314 291 -312 319 -305 382 -281 424 -251 462 -187 488 -115 500 -69 498 39 485 106 468 176 447 235 417 283 375 340 337 379 310 406 257 441 199 478 145 493 88 500 26 497 -25 486 -68 469 0 0 0 0 0 0 0 0 0 0 0 0 0 0 0 0 0 0 0 0 0 0 0 0 0 0 0 0 0 0 0 0 0 0 0 0 0 0 0 0 0 0 0 0 0 0 0 0 0 0 0 0 0 0 0 0 0 0 0 0 0 0 0 0 0 0 0 0 0 0 0 0 0 0 0 0 0 0 0 0 0 0 0 0 0 0 0 0 0 0 0 0 
0 0 0 0 0 0 1 0 0 0 0 0 0 0 
-117 -354 -101 -358 -20 -369 46 -382 99 -393 153 -399 211 -399 256 -397 323 -382 368 -354 391 -335 445 -260 463 -228 485 -151 494 -106 499 -25 484 94 473 138 430 224 403 267 366 305 333 346 292 378 228 418 187 450 157 465 92 485 55 493 1 495 -46 500 0 0 0 0 0 0 0 0 0 0 0 0 0 0 0 0 0 0 0 0 0 0 0 0 0 0 0 0 0 0 0 0 0 0 0 0 0 0 0 0 0 0 0 0 0 0 0 0 0 0 0 0 0 0 0 0 0 0 0 0 0 0 0 0 0 0 0 0 0 0 0 0 0 0 0 0 0 0 0 0 0 0 0 0 0 0 0 0 0 0 
0 0 0 0 0 0 1 0 0 0 0 0 0 0 
-140 -344 -116 -344 -52 -340 -4 -340 93 -338 161 -338 207 -336 285 -323 324 -312 405 -251 429 -223 467 -173 489 -121 499 -54 499 32 477 127 449 184 425 236 387 279 372 301 319 351 289 375 233 412 159 451 128 468 75 485 19 492 -44 498 0 0 0 0 0 0 0 0 0 0 0 0 0 0 0 0 0 0 0 0 0 0 0 0 0 0 0 0 0 0 0 0 0 0 0 0 0 0 0 0 0 0 0 0 0 0 0 0 0 0 0 0 0 0 0 0 0 0 0 0 0 0 0 0 0 0 0 0 0 0 0 0 0 0 0 0 0 0 0 0 0 0 0 0 0 0 0 0 0 0 0 0 0 0 
0 0 0 0 0 0 1 0 0 0 0 0 0 0 
-75 -311 -40 -318 37 -329 109 -333 144 -335 158 -335 235 -326 317 -292 360 -260 400 -226 443 -170 464 -136 486 -74 495 -6 499 74 489 175 463 252 445 288 396 365 369 388 299 448 274 467 229 489 170 497 103 500 26 491 -11 487 -65 474 0 0 0 0 0 0 0 0 0 0 0 0 0 0 0 0 0 0 0 0 0 0 0 0 0 0 0 0 0 0 0 0 0 0 0 0 0 0 0 0 0 0 0 0 0 0 0 0 0 0 0 0 0 0 0 0 0 0 0 0 0 0 0 0 0 0 0 0 0 0 0 0 0 0 0 0 0 0 0 0 0 0 0 0 0 0 0 0 0 0 0 0 0 0 
0 0 0 0 0 0 1 0 0 0 0 0 0 0 
-65 -368 -50 -368 -13 -366 66 -359 107 -359 182 -357 254 -344 288 -333 350 -305 396 -274 420 -248 471 -176 491 -122 497 -69 499 39 482 135 459 196 433 250 399 298 364 339 321 376 283 405 239 435 191 466 153 490 118 496 42 498 7 498 -51 490 -98 479 0 0 0 0 0 0 0 0 0 0 0 0 0 0 0 0 0 0 0 0 0 0 0 0 0 0 0 0 0 0 0 0 0 0 0 0 0 0 0 0 0 0 0 0 0 0 0 0 0 0 0 0 0 0 0 0 0 0 0 0 0 0 0 0 0 0 0 0 0 0 0 0 0 0 0 0 0 0 0 0 0 0 0 0 0 0 0 0 0 0 
0 0 0 0 0 0 1 0 0 0 0 0 0 0 
