500 -398 479 -402 445 -405 382 -398 343 -392 269 -366 219 -339 170 -309 122 -266 65 -213 15 -149 -18 -102 -44 -51 -65 2 -78 44 -88 98 -82 183 -58 266 -43 304 -4 362 18 392 71 426 136 473 178 486 246 494 320 498 382 498 422 498 0 0 0 0 0 0 0 0 0 0 0 0 0 0 0 0 0 0 0 0 0 0 0 0 0 0 0 0 0 0 0 0 0 0 0 0 0 0 0 0 0 0 0 0 0 0 0 0 0 0 0 0 0 0 0 0 0 0 0 0 0 0 0 0 0 0 0 0 0 0 0 0 0 0 0 0 0 0 0 0 0 0 0 0 0 0 0 0 0 0 0 0 0 0 
0 0 0 0 0 0 0 1 0 0 0 0 0 0 
490 -398 471 -396 416 -384 362 -370 297 -344 264 -327 186 -292 137 -268 72 -219 31 -183 -7 -141 -31 -110 -72 -44 -90 -4 -106 61 -104 169 -99 188 -94 205 -75 254 -49 308 4 379 31 403 79 436 107 455 155 478 208 488 283 497 346 500 401 495 454 483 500 469 0 0 0 0 0 0 0 0 0 0 0 0 0 0 0 0 0 0 0 0 0 0 0 0 0 0 0 0 0 0 0 0 0 0 0 0 0 0 0 0 0 0 0 0 0 0 0 0 0 0 0 0 0 0 0 0 0 0 0 0 0 0 0 0 0 0 0 0 0 0 0 0 0 0 0 0 0 0 0 0 0 0 0 0 0 0 0 0 
0 0 0 0 0 0 0 1 0 0 0 0 0 0 
500 -392 483 -392 375 -375 323 -362 286 -352 203 -324 156 -301 113 -270 71 -236 30 -202 -6 -158 -37 -116 -66 -67 -84 -31 -103 29 -118 94 -121 172 -114 227 -88 303 -53 362 -3 415 33 451 93 478 131 489 223 497 291 500 373 500 427 497 0 0 0 0 0 0 0 0 0 0 0 0 0 0 0 0 0 0 0 0 0 0 0 0 0 0 0 0 0 0 0 0 0 0 0 0 0 0 0 0 0 0 0 0 0 0 0 0 0 0 0 0 0 0 0 0 0 0 0 0 0 0 0 0 0 0 0 0 0 0 0 0 0 0 0 0 0 0 0 0 0 0 0 0 0 0 0 0 0 0 0 0 0 0 
0 0 0 0 0 0 0 1 0 0 0 0 0 0 
499 -393 481 -393 440 -391 373 -382 335 -374 253 -350 217 -338 140 -302 97 -268 42 -215 12 -171 -28 -97 -53 -40 -74 16 -85 61 -89 137 -72 238 -59 268 -55 281 -1 346 34 380 78 408 122 441 151 460 214 488 269 496 348 498 396 496 447 492 0 0 0 0 0 0 0 0 0 0 0 0 0 0 0 0 0 0 0 0 0 0 0 0 0 0 0 0 0 0 0 0 0 0 0 0 0 0 0 0 0 0 0 0 0 0 0 0 0 0 0 0 0 0 0 0 0 0 0 0 0 0 0 0 0 0 0 0 0 0 0 0 0 0 0 0 0 0 0 0 0 0 0 0 0 0 0 0 0 0 0 0 
0 0 0 0 0 0 0 1 0 0 0 0 0 0 
500 -377 482 -377 444 -373 379 -361 320 -348 283 -337 210 -316 159 -296 127 -276 78 -235 50 -212 -3 -144 -35 -92 -55 -52 -73 13 -83 85 -76 162 -45 244 -1 298 24 328 61 364 105 395 153 425 198 450 267 472 306 481 363 488 421 497 472 500 475 500 477 500 0 0 0 0 0 0 0 0 0 0 0 0 0 0 0 0 0 0 0 0 0 0 0 0 0 0 0 0 0 0 0 0 0 0 0 0 0 0 0 0 0 0 0 0 0 0 0 0 0 0 0 0 0 0 0 0 0 0 0 0 0 0 0 0 0 0 0 0 0 0 0 0 0 0 0 0 0 0 0 0 0 0 0 0 0 0 0 0 
0 0 0 0 0 0 0 1 0 0 0 0 0 0 
500 -386 484 -388 416 -383 387 -381 338 -364 275 -337 254 -324 233 -310 211 -295 170 -257 131 -223 97 -183 74 -156 30 -84 13 -46 -6 27 -15 94 -9 170 7 259 19 301 48 371 94 428 131 459 175 481 196 487 265 497 321 497 393 500 0 0 0 0 0 0 0 0 0 0 0 0 0 0 0 0 0 0 0 0 0 0 0 0 0 0 0 0 0 0 0 0 0 0 0 0 0 0 0 0 0 0 0 0 0 0 0 0 0 0 0 0 0 0 0 0 0 0 0 0 0 0 0 0 0 0 0 0 0 0 0 0 0 0 0 0 0 0 0 0 0 0 0 0 0 0 0 0 0 0 0 0 0 0 
0 0 0 0 0 0 0 1 0 0 0 0 0 0 
499 -364 485 -366 403 -370 344 -364 270 -347 217 -332 170 -309 122 -269 75 -231 34 -189 -1 -145 -31 -92 -54 -50 -78 6 -95 86 -97 166 -78 252 -62 292 -20 370 1 395 53 444 78 463 125 482 181 490 241 492 298 496 355 496 369 496 383 498 431 494 0 0 0 0 0 0 0 0 0 0 0 0 0 0 0 0 0 0 0 0 0 0 0 0 0 0 0 0 0 0 0 0 0 0 0 0 0 0 0 0 0 0 0 0 0 0 0 0 0 0 0 0 0 0 0 0 0 0 0 0 0 0 0 0 0 0 0 0 0 0 0 0 0 0 0 0 0 0 0 0 0 0 0 0 0 0 0 0 0 0 
0 0 0 0 0 0 0 1 0 0 0 0 0 0 
413 -350 396 -348 327 -339 294 -331 263 -324 235 -316 208 -305 157 -278 110 -246 68 -214 29 -167 -2 -127 -32 -76 -47 -44 -68 14 -83 95 -85 161 -70 259 -59 297 -22 367 5 403 49 435 89 467 116 479 169 492 244 496 297 498 357 494 392 490 447 484 500 462 0 0 0 0 0 0 0 0 0 0 0 0 0 0 0 0 0 0 0 0 0 0 0 0 0 0 0 0 0 0 0 0 0 0 0 0 0 0 0 0 0 0 0 0 0 0 0 0 0 0 0 0 0 0 0 0 0 0 0 0 0 0 0 0 0 0 0 0 0 0 0 0 0 0 0 0 0 0 0 0 0 0 0 0 0 0 0 0 
0 0 0 0 0 0 0 1 0 0 0 0 0 0 
403 -455 389 -453 274 -406 265 -402 184 -364 143 -336 99 -298 62 -252 30 -207 0 -156 -24 -105 -40 -57 -57 23 -61 99 -56 177 -39 258 -6 317 6 338 45 383 103 425 127 447 166 468 207 485 251 495 307 500 319 500 333 497 397 487 430 478 483 449 500 425 0 0 0 0 0 0 0 0 0 0 0 0 0 0 0 0 0 0 0 0 0 0 0 0 0 0 0 0 0 0 0 0 0 0 0 0 0 0 0 0 0 0 0 0 0 0 0 0 0 0 0 0 0 0 0 0 0 0 0 0 0 0 0 0 0 0 0 0 0 0 0 0 0 0 0 0 0 0 0 0 0 0 0 0 0 0 0 0 
0 0 0 0 0 0 0 1 0 0 0 0 0 0 
426 -409 411 -407 344 -392 275 -369 263 -362 205 -324 154 -293 107 -253 64 -216 4 -143 -4 -135 -10 -126 -44 -72 -70 -25 -92 27 -110 92 -114 122 -116 195 -89 296 -73 330 -35 381 -4 418 49 457 77 476 141 493 178 499 242 499 326 467 375 437 415 409 459 386 499 358 0 0 0 0 0 0 0 0 0 0 0 0 0 0 0 0 0 0 0 0 0 0 0 0 0 0 0 0 0 0 0 0 0 0 0 0 0 0 0 0 0 0 0 0 0 0 0 0 0 0 0 0 0 0 0 0 0 0 0 0 0 0 0 0 0 0 0 0 0 0 0 0 0 0 0 0 0 0 0 0 0 0 0 0 0 0 
0 0 0 0 0 0 0 1 0 0 0 0 0 0 
