499 427 499 427 449 407 369 417 299 436 246 427 166 417 96 407 38 398 -12 407 -51 417 -107 436 -142 446 -208 466 -236 485 -255 495 500 498 485 498 356 490 302 484 216 473 145 460 63 452 23 449 -37 443 -81 443 -120 443 -149 443 -222 441 -257 435 0 0 0 0 0 0 0 0 0 0 0 0 0 0 0 0 0 0 0 0 0 0 0 0 0 0 0 0 0 0 0 0 0 0 0 0 0 0 0 0 0 0 0 0 0 0 0 0 0 0 0 0 0 0 0 0 0 0 0 0 0 0 0 0 0 0 0 0 0 0 0 0 0 0 0 0 0 0 0 0 0 0 0 0 0 0 0 0 0 0 
1 0 0 0 
500 -112 473 450 473 450 392 473 352 478 292 480 231 480 171 478 111 470 58 462 -1 462 -59 462 -149 475 -185 480 -235 491 -270 498 -246 -107 -246 -107 500 477 486 483 428 490 356 496 297 496 237 496 177 470 108 438 71 425 -5 412 -77 425 -146 458 -186 477 -229 483 -246 490 0 0 0 0 0 0 0 0 0 0 0 0 0 0 0 0 0 0 0 0 0 0 0 0 0 0 0 0 0 0 0 0 0 0 0 0 0 0 0 0 0 0 0 0 0 0 0 0 0 0 0 0 0 0 0 0 0 0 0 0 0 0 0 0 0 0 0 0 0 0 0 0 0 0 0 0 0 0 0 0 0 0 0 0 
1 0 0 0 
500 447 500 447 403 438 364 438 306 444 236 456 164 462 109 468 39 476 -34 482 -72 485 -160 491 -196 494 -263 500 -300 497 -300 497 500 329 487 329 418 329 358 335 300 354 238 379 181 398 116 417 35 455 -30 474 -71 481 -141 487 -193 481 -254 500 0 0 0 0 0 0 0 0 0 0 0 0 0 0 0 0 0 0 0 0 0 0 0 0 0 0 0 0 0 0 0 0 0 0 0 0 0 0 0 0 0 0 0 0 0 0 0 0 0 0 0 0 0 0 0 0 0 0 0 0 0 0 0 0 0 0 0 0 0 0 0 0 0 0 0 0 0 0 0 0 0 0 0 0 0 0 0 0 0 0 
1 0 0 0 
499 416 499 416 438 416 384 421 320 427 265 421 197 427 112 421 70 427 2 437 -49 448 -117 470 -178 481 -246 491 -262 497 500 440 426 447 372 453 307 453 250 456 170 460 96 460 47 466 -24 472 -72 479 -139 492 -198 495 -252 498 0 0 0 0 0 0 0 0 0 0 0 0 0 0 0 0 0 0 0 0 0 0 0 0 0 0 0 0 0 0 0 0 0 0 0 0 0 0 0 0 0 0 0 0 0 0 0 0 0 0 0 0 0 0 0 0 0 0 0 0 0 0 0 0 0 0 0 0 0 0 0 0 0 0 0 0 0 0 0 0 0 0 0 0 0 0 0 0 0 0 0 0 0 0 
1 0 0 0 
500 498 500 498 417 496 381 491 300 484 218 479 150 476 114 481 48 486 2 486 -77 486 -113 486 -168 486 -201 486 -248 486 -290 488 -314 484 500 496 421 416 389 376 313 336 228 280 161 264 125 272 53 272 19 272 -60 248 -98 248 -135 248 -172 240 -218 240 -251 240 0 0 0 0 0 0 0 0 0 0 0 0 0 0 0 0 0 0 0 0 0 0 0 0 0 0 0 0 0 0 0 0 0 0 0 0 0 0 0 0 0 0 0 0 0 0 0 0 0 0 0 0 0 0 0 0 0 0 0 0 0 0 0 0 0 0 0 0 0 0 0 0 0 0 0 0 0 0 0 0 0 0 0 0 0 0 
1 0 0 0 
500 434 500 434 440 441 383 446 325 450 277 453 227 462 182 471 138 481 88 488 37 495 -25 500 -84 500 -136 497 -186 490 -237 485 -283 481 -327 481 -340 476 500 325 450 349 396 357 340 341 294 341 245 365 194 396 153 420 106 452 57 476 0 500 -59 500 -110 500 -159 492 -208 476 -253 444 -286 428 0 0 0 0 0 0 0 0 0 0 0 0 0 0 0 0 0 0 0 0 0 0 0 0 0 0 0 0 0 0 0 0 0 0 0 0 0 0 0 0 0 0 0 0 0 0 0 0 0 0 0 0 0 0 0 0 0 0 0 0 0 0 0 0 0 0 0 0 0 0 0 0 0 0 0 0 0 0 
1 0 0 0 
500 371 500 371 442 341 393 331 341 321 275 321 227 331 161 346 114 361 48 371 14 376 -52 391 -87 396 -150 415 -181 435 -228 460 -286 485 -326 500 -334 500 -341 500 499 437 466 428 382 410 334 401 269 395 212 404 140 416 98 422 35 425 -2 431 -81 440 -103 443 -166 461 -205 470 -253 485 -296 494 -339 500 -346 497 0 0 0 0 0 0 0 0 0 0 0 0 0 0 0 0 0 0 0 0 0 0 0 0 0 0 0 0 0 0 0 0 0 0 0 0 0 0 0 0 0 0 0 0 0 0 0 0 0 0 0 0 0 0 0 0 0 0 0 0 0 0 0 0 0 0 0 0 0 0 0 0 0 0 
1 0 0 0 
500 -173 446 500 446 500 383 495 331 485 287 475 237 466 202 459 151 451 115 447 61 447 -5 447 -42 449 -83 451 -148 449 -200 447 -249 444 -297 444 -340 442 -315 -211 -315 -211 500 500 488 492 425 477 385 470 338 455 294 455 249 441 205 433 149 441 99 433 30 433 -21 448 -42 448 -110 441 -176 433 -210 426 -259 419 -301 397 0 0 0 0 0 0 0 0 0 0 0 0 0 0 0 0 0 0 0 0 0 0 0 0 0 0 0 0 0 0 0 0 0 0 0 0 0 0 0 0 0 0 0 0 0 0 0 0 0 0 0 0 0 0 0 0 0 0 0 0 0 0 0 0 0 0 0 0 0 0 0 0 
1 0 0 0 
500 447 500 447 407 447 350 447 280 457 203 462 148 467 5 480 -51 485 -108 488 -148 491 -231 496 -278 498 499 280 486 272 389 264 352 272 283 296 220 320 148 360 19 424 -26 448 -82 464 -135 472 -197 488 -242 496 0 0 0 0 0 0 0 0 0 0 0 0 0 0 0 0 0 0 0 0 0 0 0 0 0 0 0 0 0 0 0 0 0 0 0 0 0 0 0 0 0 0 0 0 0 0 0 0 0 0 0 0 0 0 0 0 0 0 0 0 0 0 0 0 0 0 0 0 0 0 0 0 0 0 0 0 0 0 0 0 0 0 0 0 0 0 0 0 0 0 0 0 0 0 0 0 0 0 
1 0 0 0 
500 500 500 500 393 497 368 492 301 481 276 476 201 473 144 473 68 471 26 471 -52 471 -109 473 -184 471 -241 473 -299 476 -353 484 -388 486 -343 -143 -343 -143 499 474 412 452 366 452 296 452 257 452 184 445 125 437 62 423 18 423 -53 423 -123 423 -191 430 -246 445 -283 459 -341 489 -351 496 0 0 0 0 0 0 0 0 0 0 0 0 0 0 0 0 0 0 0 0 0 0 0 0 0 0 0 0 0 0 0 0 0 0 0 0 0 0 0 0 0 0 0 0 0 0 0 0 0 0 0 0 0 0 0 0 0 0 0 0 0 0 0 0 0 0 0 0 0 0 0 0 0 0 0 0 0 0 0 0 
1 0 0 0 
