90 150 6
500 497 500 497 500 497 500 497 500 497 500 497 419 492 360 481 241 492 174 486 108 476 50 465 -35 471 -114 460 -140 455 -174 450 -203 465 -228 476 500 455 479 455 452 455 442 455 432 455 427 455 423 455 418 455 339 461 304 471 203 487 169 481 104 481 43 471 -7 481 -69 476 -86 471 -113 466 -134 471 -159 497 -288 466 -288 466 500 57 476 495 462 492 442 492 429 492 419 489 410 489 398 486 393 486 332 486 296 492 209 498 159 498 108 495 43 489 -5 492 -81 489 -101 489 -133 486 -157 489 -177 498 -159 81 -167 87 -167 87 0 0 0 0 0 0 0 0 0 0 0 0 0 0 0 0 0 0 0 0 0 0 
1 0 0 0 0 0 
500 497 388 458 342 438 285 413 250 403 123 374 102 364 47 359 35 354 -89 349 -89 349 -129 349 -195 354 -251 364 -300 384 499 500 487 494 395 460 353 446 318 432 271 421 167 410 134 407 95 401 84 401 -12 401 -12 401 -65 401 -119 404 -167 410 -205 418 -328 5 499 499 499 499 480 495 405 470 365 451 329 436 283 412 197 393 144 393 105 388 95 388 8 378 -3 378 -29 378 -91 388 -135 393 -173 402 -193 412 -206 417 0 0 0 0 0 0 0 0 0 0 0 0 0 0 0 0 0 0 0 0 0 0 0 0 0 0 0 0 0 0 0 0 0 0 0 0 0 0 0 0 0 0 0 0 0 0 0 0 
1 0 0 0 0 0 
499 483 467 478 404 464 366 464 327 459 257 445 187 421 101 393 37 374 -30 364 -97 360 -215 374 -267 393 -304 407 -164 488 -171 497 499 498 499 498 471 492 417 484 382 484 345 481 285 470 215 448 147 434 88 422 28 417 -47 411 -137 422 -183 436 -212 442 -338 42 -338 42 -211 89 -211 89 500 497 488 497 424 492 403 492 355 492 295 483 235 464 159 436 103 417 48 408 -25 399 -111 413 -157 431 -184 455 0 0 0 0 0 0 0 0 0 0 0 0 0 0 0 0 0 0 0 0 0 0 0 0 0 0 0 0 0 0 0 0 0 0 0 0 0 0 0 0 0 0 0 0 0 0 0 0 0 0 0 0 
1 0 0 0 0 0 
500 500 500 500 500 500 500 500 372 460 354 450 283 436 215 421 143 416 82 411 20 401 -73 392 -115 392 -166 392 -209 397 -276 406 -332 411 -361 416 499 498 499 498 457 482 432 474 369 458 347 453 337 450 337 450 327 445 236 416 208 405 162 394 113 386 49 378 14 378 -36 376 -82 376 -121 378 -167 376 -197 381 -232 381 -283 389 -302 392 -401 0 499 497 499 497 466 481 443 468 405 447 349 426 338 426 327 417 318 417 298 409 243 392 210 367 145 333 127 333 65 333 34 324 -14 320 -73 312 -95 312 -159 320 -186 320 -220 324 -252 333 -284 337 -287 341 -292 345 0 0 0 0 0 0 0 0 0 0 0 0 0 0 
1 0 0 0 0 0 
500 331 446 364 426 364 356 364 295 371 227 378 191 378 135 378 60 391 -5 398 -60 398 -140 398 -188 412 -251 452 -280 466 -336 500 -336 500 499 445 442 466 404 462 371 455 305 448 244 448 191 448 141 448 75 445 13 448 -63 448 -106 448 -158 448 -250 462 -295 477 -335 487 -386 494 -410 498 -410 498 499 485 499 485 462 500 413 495 381 490 313 476 254 468 197 466 160 464 100 459 22 459 -34 456 -98 456 -143 456 -217 461 -258 471 -299 483 -352 485 -389 492 -389 492 -397 492 0 0 0 0 0 0 0 0 0 0 0 0 0 0 0 0 0 0 0 0 0 0 0 0 0 0 0 0 0 0 0 0 0 0 0 0 
1 0 0 0 0 0 
499 403 499 403 423 403 368 403 331 403 294 397 256 391 174 391 130 397 74 410 39 423 -1 429 -64 423 -116 435 -187 474 -224 487 -266 500 -292 500 -292 500 500 460 419 457 358 457 317 457 271 453 230 450 140 443 92 446 39 453 -12 460 -73 460 -100 463 -175 467 -257 484 -298 494 -344 498 -201 463 500 437 420 441 369 441 333 441 296 437 273 434 179 427 150 427 88 437 62 437 2 441 -24 441 -76 448 -156 476 -190 487 -218 498 0 0 0 0 0 0 0 0 0 0 0 0 0 0 0 0 0 0 0 0 0 0 0 0 0 0 0 0 0 0 0 0 0 0 0 0 0 0 0 0 0 0 0 0 0 0 
1 0 0 0 0 0 
499 324 499 324 460 337 414 350 359 356 291 350 230 356 189 363 114 388 76 407 64 414 -10 433 -36 439 -91 439 -159 452 -195 458 -230 477 -276 496 -289 496 -335 490 -351 477 438 -57 499 414 499 414 462 411 419 414 368 411 301 408 243 408 205 414 134 421 87 435 78 438 8 455 -12 452 -59 455 -128 459 -168 472 -209 482 -238 493 -261 493 -295 499 -310 489 499 410 450 417 411 424 348 424 268 420 205 424 162 427 65 437 37 444 25 447 -67 461 -95 464 -160 468 -229 471 -266 478 -305 484 -357 494 -369 498 -439 494 0 0 0 0 0 0 0 0 0 0 0 0 0 0 0 0 0 0 0 0 0 0 0 0 0 0 
1 0 0 0 0 0 
499 434 499 434 485 423 480 423 469 413 456 413 445 402 380 402 343 402 285 402 212 445 158 467 110 478 12 500 -19 489 -54 489 -136 456 -149 456 -183 434 -239 402 -280 369 -310 358 -317 347 -325 336 500 470 487 457 487 457 475 453 462 449 446 445 395 445 345 441 285 445 189 478 150 491 81 500 -31 500 -31 500 -68 495 -159 474 -180 466 -217 453 -263 441 -308 428 -336 415 -339 415 499 464 499 464 499 464 499 464 499 464 453 466 402 466 338 466 263 483 222 488 135 491 41 494 41 494 -14 500 -103 486 -135 480 -168 472 -215 466 -252 458 -279 447 0 0 0 0 0 0 0 0 0 0 0 0 0 0 0 0 0 0 
1 0 0 0 0 0 
499 443 499 443 474 456 436 475 412 487 364 487 364 487 353 493 341 493 326 493 259 493 224 500 123 493 48 443 -21 418 -46 418 -126 418 -175 412 -212 406 -235 400 -283 400 -319 393 -323 393 -327 387 500 471 500 471 500 471 500 471 500 471 358 490 348 498 170 490 91 486 -44 464 -44 464 -170 471 -243 464 -302 456 -331 456 -386 456 -427 449 500 466 483 466 439 473 413 473 369 476 357 476 344 476 313 491 313 491 242 498 214 498 94 498 25 480 -51 469 -51 469 -136 473 -197 462 -222 459 -246 455 -288 466 -308 466 -308 466 0 0 0 0 0 0 0 0 0 0 0 0 0 0 0 0 0 0 0 0 0 0 0 0 
1 0 0 0 0 0 
499 80 499 80 452 107 407 130 342 147 273 174 236 192 191 224 131 251 64 282 31 295 -25 318 -108 390 -118 394 -166 426 -197 443 -251 457 -291 488 -315 497 -325 497 -325 497 500 212 455 224 413 240 350 255 289 270 249 276 198 310 130 340 80 358 58 358 2 379 -60 431 -78 434 -108 437 -153 455 -184 471 -230 492 -240 495 -249 498 -249 498 499 263 439 277 364 290 273 312 255 312 192 331 113 361 64 366 28 377 -33 394 -90 418 -131 440 -195 459 -233 467 -292 486 -327 494 -352 500 -363 500 0 0 0 0 0 0 0 0 0 0 0 0 0 0 0 0 0 0 0 0 0 0 0 0 0 0 0 0 0 0 0 0 
1 0 0 0 0 0 
500 306 500 306 453 295 422 295 372 301 337 306 276 329 220 363 154 420 102 437 62 443 39 443 -27 460 -111 465 -170 471 -238 471 -260 477 -292 494 -312 500 -316 500 -316 500 499 353 439 357 417 360 360 371 330 378 269 391 216 412 150 443 106 460 61 460 40 460 -15 467 -79 474 -124 477 -191 487 -212 494 -240 498 -247 498 500 374 453 380 383 389 358 392 287 404 220 432 153 450 81 466 34 472 -10 475 -49 475 -136 487 -190 490 -293 496 -311 500 -337 500 0 0 0 0 0 0 0 0 0 0 0 0 0 0 0 0 0 0 0 0 0 0 0 0 0 0 0 0 0 0 0 0 0 0 0 0 0 0 0 0 
1 0 0 0 0 0 
499 479 499 479 454 451 428 430 408 409 399 402 389 388 331 354 280 326 216 333 150 354 95 375 60 381 21 388 -17 402 -84 444 -104 458 -184 493 -216 493 -270 500 -298 493 -323 472 -323 472 -326 465 -326 465 499 430 499 430 484 422 476 422 459 422 346 392 300 392 201 407 141 418 65 430 -3 441 -29 441 -77 456 -154 475 -185 479 -280 486 -305 498 -367 494 -423 483 -436 475 500 472 427 446 409 439 390 431 381 428 371 424 314 409 262 398 188 405 140 413 73 424 51 428 12 435 -38 446 -87 461 -126 468 -175 483 -202 487 -266 494 -288 494 -297 498 -449 453 -449 453 0 0 0 0 0 0 0 0 0 0 0 0 0 0 
1 0 0 0 0 0 
500 180 500 180 439 168 388 180 349 192 305 216 231 259 184 301 164 319 106 349 49 379 36 385 -24 397 -64 415 -117 439 -175 451 -234 475 -264 481 -291 500 -291 500 -314 463 -316 445 499 300 420 300 360 307 343 311 302 330 240 361 193 376 151 406 134 414 66 441 42 444 1 452 -32 456 -79 475 -139 467 -187 482 -208 498 -241 498 -241 498 -247 490 499 308 431 318 388 334 340 350 272 366 214 383 173 392 108 415 78 418 37 422 -25 441 -84 454 -133 464 -202 470 -239 477 -302 500 -313 500 0 0 0 0 0 0 0 0 0 0 0 0 0 0 0 0 0 0 0 0 0 0 0 0 0 0 0 0 0 0 0 0 
1 0 0 0 0 0 
499 175 499 175 499 175 487 184 438 211 397 220 336 211 322 211 309 207 295 207 270 211 213 234 151 270 106 297 21 337 -55 369 -100 396 -100 396 -168 441 -202 454 -263 500 -279 500 -290 486 -290 486 500 272 479 281 469 284 415 293 373 287 319 287 308 287 298 290 287 287 252 296 198 311 158 338 105 362 36 395 -33 410 -78 428 -78 428 -139 452 -163 467 -205 497 -224 500 499 317 499 317 499 317 499 317 421 331 347 347 292 361 216 375 104 399 -23 434 -33 437 -74 451 -115 461 -195 483 -248 500 0 0 0 0 0 0 0 0 0 0 0 0 0 0 0 0 0 0 0 0 0 0 0 0 0 0 0 0 0 0 
1 0 0 0 0 0 
500 200 455 230 407 249 386 260 342 278 320 293 281 312 243 334 182 353 137 368 66 394 41 408 -24 423 -137 438 -171 449 -212 460 -236 475 -306 498 -385 494 499 -256 499 -256 460 -218 423 -200 403 -188 362 -162 341 -147 307 -132 266 -116 214 -90 182 -75 113 -49 89 -37 23 -26 -66 -11 -106 0 -139 15 -178 33 -224 52 -301 49 -419 498 453 -262 500 218 500 218 449 244 408 259 390 266 354 284 332 299 283 321 262 328 201 354 164 364 101 390 79 397 19 408 -75 423 -94 430 -142 452 -160 467 -217 492 -273 500 -281 496 -281 496 0 0 0 0 0 0 0 0 0 0 0 0 0 0 0 0 0 0 0 0 0 0 0 0 
1 0 0 0 0 0 
-117 500 -275 313 -248 296 -210 280 -186 268 -116 260 -65 264 9 256 89 272 111 264 168 264 231 276 253 280 331 292 377 304 389 308 410 308 431 308 431 308 469 313 477 317 489 317 499 317 -286 106 -233 498 -219 486 -172 455 -143 434 -90 431 -34 419 24 419 84 419 93 425 190 422 249 428 265 434 329 446 372 455 383 462 406 465 436 446 436 446 466 468 469 468 475 468 499 474 499 474 -147 485 -147 485 -109 461 -60 449 -14 441 43 437 113 437 165 445 193 437 277 449 295 453 320 453 395 473 442 477 442 477 459 485 482 481 490 481 499 497 499 497 0 0 0 0 0 0 0 0 0 0 0 0 0 0 0 0 
0 1 0 0 0 0 
-241 491 -167 463 -106 418 -35 374 -27 363 46 284 75 296 92 273 207 284 218 268 301 335 333 335 382 385 422 418 443 435 484 497 486 497 496 491 499 491 -240 498 -240 498 -175 474 -103 444 -47 390 -31 393 55 360 75 357 121 342 184 342 245 351 292 351 339 402 369 423 410 441 446 453 468 462 471 465 492 483 499 492 499 492 -135 500 -67 462 -23 424 31 386 42 378 114 336 133 323 156 310 259 310 275 306 358 344 389 357 442 386 480 403 499 390 499 390 0 0 0 0 0 0 0 0 0 0 0 0 0 0 0 0 0 0 0 0 0 0 0 0 0 0 0 0 0 0 0 0 0 0 0 0 0 0 
0 1 0 0 0 0 
-262 407 -250 407 -222 400 -141 389 -90 378 -59 374 -28 367 3 363 34 360 99 360 132 363 163 367 193 370 224 374 275 381 305 389 337 400 364 407 409 425 454 458 483 483 499 498 -232 -83 -194 -79 -183 -79 -150 -79 -97 -90 -47 -111 -17 -119 10 -122 40 -129 72 -133 132 -129 162 -126 194 -115 224 -108 253 -97 302 -86 329 -75 358 -61 384 -54 422 -39 460 -21 492 -3 499 7 469 498 -262 442 -262 442 -222 450 -211 450 -184 447 -127 432 -88 424 -59 416 -30 411 -2 406 27 401 86 401 118 404 149 406 186 409 217 409 255 414 286 416 312 421 339 427 376 437 418 455 473 480 484 488 497 498 499 498 0 0 0 0 0 0 
0 1 0 0 0 0 
-141 356 -200 80 -200 80 -172 77 -126 74 -114 74 -103 71 -103 71 -94 71 -85 68 -64 77 -40 71 -31 71 25 80 41 86 84 92 121 102 148 102 182 114 239 133 252 133 305 136 356 130 370 136 419 170 423 173 430 176 432 179 435 179 440 182 499 498 499 498 -144 361 -144 361 -56 221 -66 398 -66 398 -66 398 -12 249 -13 280 -13 280 71 233 71 233 71 233 155 230 169 242 211 252 230 267 259 264 293 283 332 286 349 286 416 295 441 302 475 308 500 330 500 330 497 398 496 426 491 467 490 498 -71 221 -34 227 -34 227 -34 227 -26 358 -13 364 -13 364 62 398 74 414 108 429 141 451 162 457 195 457 237 464 
0 1 0 0 0 0 
-308 186 -308 186 -273 212 -264 216 -260 220 -245 223 -235 227 -168 216 -110 227 -91 212 -5 500 34 496 59 496 16 223 89 223 128 235 185 238 251 242 324 227 372 220 426 231 482 268 487 261 491 250 499 205 -307 481 -292 484 -277 492 -267 495 -258 495 -237 498 -218 498 -171 492 -106 456 -83 462 -87 25 -56 39 -48 33 25 470 102 464 128 473 172 478 254 481 325 473 370 476 401 473 450 467 450 467 450 467 483 459 500 445 -151 500 -151 500 -151 500 -151 500 -151 500 -65 482 -31 467 -21 464 79 474 155 478 196 496 250 496 327 482 367 485 432 474 470 471 499 456 0 0 0 0 0 0 0 0 0 0 0 0 0 0 
0 1 0 0 0 0 
-364 310 -304 345 -268 375 -196 425 -156 460 -130 470 -35 500 -9 495 26 490 115 465 138 460 150 455 171 440 223 440 236 425 287 400 304 385 347 360 396 335 434 310 466 300 492 290 500 290 -322 427 -322 427 -256 448 -224 454 -157 465 -127 480 -73 465 -9 477 14 498 63 486 164 451 179 459 211 445 224 448 246 448 266 442 314 439 332 439 373 433 408 424 447 418 488 412 500 409 500 409 476 -32 483 -32 -269 403 -205 431 -174 439 -119 463 -83 475 -61 483 32 495 66 500 91 500 176 479 200 479 200 479 249 467 268 459 283 447 324 431 339 407 380 395 433 379 456 375 499 379 0 0 0 0 0 0 0 0 0 0 
0 1 0 0 0 0 
497 498 -375 452 -375 452 -328 458 -277 470 -277 470 -269 464 -247 458 -236 470 -223 464 -211 464 -147 470 -100 458 -55 464 -3 452 -3 452 60 464 135 500 143 494 199 494 263 482 314 494 364 476 384 470 409 476 454 464 454 464 494 428 500 422 -248 266 -228 266 -180 263 -221 435 -221 435 -221 435 -221 435 -221 435 -196 456 -107 483 -56 479 -18 476 1 483 35 469 114 486 180 493 187 496 235 496 307 493 352 496 425 493 439 500 463 493 499 489 -362 457 -322 470 -322 470 -201 274 -175 274 -140 281 -131 278 -131 278 -122 281 -66 281 -8 278 30 274 48 278 80 274 139 268 213 271 220 271 273 268 328 268 385 274 442 274 448 285 
0 1 0 0 0 0 
-314 385 -286 400 -267 403 -236 414 -193 437 -175 451 -113 459 -97 462 -60 459 6 500 57 496 112 492 172 485 225 496 281 459 308 462 339 462 425 444 441 437 494 433 499 429 -315 497 -414 167 -386 188 -345 221 -326 230 -289 255 -267 259 -213 288 -177 309 -161 301 -67 322 -48 317 47 330 72 309 161 322 184 301 209 305 273 305 334 297 348 280 389 263 447 267 463 255 479 242 500 238 -415 -15 -412 403 -393 415 -375 427 -350 433 -293 448 -275 457 -215 472 -207 478 -157 478 -102 487 -48 496 15 500 60 490 120 493 175 484 204 472 228 475 309 460 325 460 365 457 393 460 442 466 461 466 484 463 500 33 500 33 0 0 0 0 
0 1 0 0 0 0 
498 498 498 498 -256 407 -243 415 -222 426 -159 454 -116 462 -116 462 -121 233 -121 233 -121 233 -121 233 -121 233 -121 233 5 225 54 312 53 268 85 284 92 272 133 498 175 229 222 245 267 237 301 252 332 221 465 454 465 454 478 438 483 426 499 415 -235 227 -353 401 -339 405 -283 433 -228 449 -191 471 -156 474 -156 474 -125 481 -103 484 -74 477 -52 484 -44 487 127 303 134 287 134 287 192 306 192 306 192 306 213 496 213 496 286 500 298 496 357 484 394 490 404 481 437 471 447 465 455 462 455 462 464 458 473 37 485 28 499 15 499 15 -365 -12 -349 -6 -311 6 -254 28 -203 40 -203 40 -82 266 -82 266 -82 266 -4 288 
0 1 0 0 0 0 
-323 306 -258 310 -235 315 -189 331 -126 348 -65 378 -40 390 20 428 50 436 101 457 150 478 206 487 246 478 323 495 369 495 411 495 450 500 462 500 495 491 500 495 -296 395 -296 395 -234 392 -198 387 -157 401 -113 415 -40 440 -19 449 39 457 53 466 105 480 157 483 231 497 252 500 339 494 384 494 413 500 460 491 469 497 500 497 500 497 496 166 496 166 -203 348 -156 348 -119 359 -87 365 -29 385 28 419 59 439 93 442 102 453 172 473 209 476 283 479 303 483 380 496 409 496 450 500 483 496 496 496 500 489 0 0 0 0 0 0 0 0 0 0 0 0 0 0 0 0 0 0 0 0 0 0 0 0 0 0 
0 1 0 0 0 0 
500 500 -284 108 -284 108 -240 117 -180 120 -108 126 -34 120 30 123 126 105 150 108 202 99 250 93 324 93 315 481 327 481 351 500 426 493 499 84 -207 483 -207 483 -207 483 -172 500 -119 500 -55 493 0 500 65 493 167 483 176 483 228 480 292 463 334 446 286 153 316 153 369 146 421 146 425 146 429 143 500 423 473 146 473 146 -367 477 -367 477 -367 477 -333 494 -277 500 -238 497 -162 494 -126 494 -53 494 4 486 55 480 102 472 167 458 174 455 320 281 343 276 400 270 439 265 443 265 448 267 413 386 500 262 500 262 500 262 0 0 0 0 0 0 0 0 0 0 0 0 0 0 0 0 0 0 0 0 0 0 
0 1 0 0 0 0 
-273 497 -273 497 -251 342 -186 348 -146 359 -77 353 -37 359 19 359 104 320 158 325 218 309 257 325 326 309 343 287 343 287 406 259 441 248 458 237 458 237 500 243 -327 446 -327 446 -223 485 -194 496 -154 489 -94 499 -41 499 15 492 82 489 135 478 202 475 236 475 317 464 356 460 365 460 409 450 438 446 470 443 470 443 491 450 495 -21 499 -17 -224 450 -186 450 -108 469 -71 478 -8 497 30 492 77 478 164 436 215 455 273 450 307 436 375 417 389 403 389 403 446 380 487 375 499 347 0 0 0 0 0 0 0 0 0 0 0 0 0 0 0 0 0 0 0 0 0 0 0 0 0 0 0 0 0 0 0 0 
0 1 0 0 0 0 
-350 325 -350 325 -304 386 -264 416 -226 439 -198 462 -150 492 -120 500 -90 500 -59 500 -29 484 2 469 30 462 61 446 97 416 111 393 157 318 180 272 209 242 232 219 280 181 322 159 334 151 377 136 392 121 435 98 465 83 469 83 494 68 500 60 -356 418 -307 449 -265 464 -236 475 -206 483 -144 498 -113 498 -81 498 -48 490 -20 486 14 475 45 471 71 460 102 452 119 441 168 396 198 377 223 358 248 350 290 335 335 320 345 316 390 309 402 301 445 290 471 283 475 279 499 267 -264 473 -223 481 -193 486 -161 491 -83 498 -55 496 -25 493 5 488 33 481 63 473 95 468 125 461 156 451 200 441 247 421 271 408 296 396 
0 1 0 0 0 0 
-361 458 -319 439 -294 434 -239 434 -191 444 -108 449 -56 444 -5 458 5 458 66 478 151 483 200 492 229 492 259 497 306 497 341 487 362 483 408 473 435 473 435 473 468 458 499 444 -191 457 -197 477 -104 416 -69 433 -13 436 51 436 120 443 111 470 167 470 261 484 291 494 320 498 383 494 406 494 430 491 439 498 500 488 500 488 -344 487 -344 487 -300 475 -273 469 -211 466 -174 466 -110 462 -46 466 -6 466 4 469 68 475 163 481 212 487 229 500 267 493 295 500 342 487 358 490 401 484 409 484 409 484 461 484 494 481 499 481 499 481 0 0 0 0 0 0 0 0 0 0 0 0 0 0 0 0 0 0 0 0 
0 1 0 0 0 0 
-291 492 -291 492 -241 488 -174 473 -53 466 74 463 116 466 162 476 255 470 306 482 376 476 438 492 457 498 500 488 500 488 500 488 -310 220 -263 194 -193 180 -86 173 30 166 87 166 153 194 192 187 281 209 321 194 363 198 403 216 500 498 -203 469 -141 462 -104 462 10 458 120 447 201 447 222 458 304 454 362 469 408 469 476 498 499 498 0 0 0 0 0 0 0 0 0 0 0 0 0 0 0 0 0 0 0 0 0 0 0 0 0 0 0 0 0 0 0 0 0 0 0 0 0 0 0 0 0 0 0 0 0 0 0 0 0 0 0 0 0 0 0 0 0 0 0 0 0 0 0 0 0 0 0 0 
0 1 0 0 0 0 
425 -381 456 -239 465 -153 469 -92 472 -2 476 105 479 168 493 440 495 458 500 500 500 500 478 -368 478 -368 476 -227 478 -161 480 -96 482 15 482 104 484 163 499 434 499 441 493 484 493 484 495 500 391 -211 421 -137 444 -77 467 30 470 129 476 200 482 476 482 476 500 500 0 0 0 0 0 0 0 0 0 0 0 0 0 0 0 0 0 0 0 0 0 0 0 0 0 0 0 0 0 0 0 0 0 0 0 0 0 0 0 0 0 0 0 0 0 0 0 0 0 0 0 0 0 0 0 0 0 0 0 0 0 0 0 0 0 0 0 0 0 0 0 0 0 0 0 0 0 0 0 0 0 0 0 0 
0 0 1 0 0 0 
436 -386 436 -386 443 -312 452 -203 461 -131 469 -50 478 87 481 124 487 209 490 296 493 388 495 436 499 500 499 500 158 -377 182 -301 200 -195 211 -119 219 -39 246 114 248 154 255 208 271 334 282 425 305 492 309 498 500 496 389 -406 397 -358 426 -228 451 -143 458 -84 479 67 479 67 485 191 487 230 489 376 493 452 500 500 0 0 0 0 0 0 0 0 0 0 0 0 0 0 0 0 0 0 0 0 0 0 0 0 0 0 0 0 0 0 0 0 0 0 0 0 0 0 0 0 0 0 0 0 0 0 0 0 0 0 0 0 0 0 0 0 0 0 0 0 0 0 0 0 0 0 0 0 0 0 0 0 
0 0 1 0 0 0 
328 -341 385 -251 392 -217 417 -17 422 44 434 161 484 292 484 339 498 498 110 -313 146 -190 146 -157 182 13 192 111 201 192 209 296 216 381 224 491 500 500 401 -331 401 -331 416 -223 424 -166 438 -8 455 107 461 155 475 252 485 331 496 447 498 482 499 500 0 0 0 0 0 0 0 0 0 0 0 0 0 0 0 0 0 0 0 0 0 0 0 0 0 0 0 0 0 0 0 0 0 0 0 0 0 0 0 0 0 0 0 0 0 0 0 0 0 0 0 0 0 0 0 0 0 0 0 0 0 0 0 0 0 0 0 0 0 0 0 0 0 0 0 0 0 0 0 0 0 0 0 0 0 0 0 0 
0 0 1 0 0 0 
500 -481 500 -481 490 -421 477 -369 473 -312 470 -294 468 -274 468 -274 468 -241 468 -241 465 -167 465 -127 465 -105 465 -83 480 48 490 131 497 235 497 254 497 254 497 342 490 395 477 487 475 498 404 43 404 43 404 43 401 269 401 269 401 269 425 300 475 371 496 440 500 498 500 -370 487 -325 461 -239 461 -209 461 -209 461 -209 461 -209 461 -209 459 -137 450 -18 454 -4 454 -4 454 27 395 383 387 476 398 485 398 485 485 386 485 458 481 498 0 0 0 0 0 0 0 0 0 0 0 0 0 0 0 0 0 0 0 0 0 0 0 0 0 0 0 0 0 0 0 0 0 0 0 0 0 0 0 0 0 0 0 0 
0 0 1 0 0 0 
493 268 493 268 493 268 493 268 500 498 500 498 500 498 499 -405 265 -481 265 -481 265 -481 263 -435 265 -361 267 -312 269 -150 271 -111 273 -13 273 -13 273 27 274 46 278 136 280 178 282 268 282 268 278 379 276 414 271 465 269 500 476 -408 474 -387 474 -360 474 -320 474 -251 466 -204 463 -56 466 -17 476 51 487 159 487 159 487 159 490 204 500 322 500 322 500 322 496 455 496 461 494 499 0 0 0 0 0 0 0 0 0 0 0 0 0 0 0 0 0 0 0 0 0 0 0 0 0 0 0 0 0 0 0 0 0 0 0 0 0 0 0 0 0 0 0 0 0 0 0 0 0 0 0 0 0 0 0 0 
0 0 1 0 0 0 
500 -54 500 -54 500 -54 489 176 489 176 487 321 483 500 498 -480 498 -480 498 -480 498 -480 470 -389 468 -369 468 -369 468 -369 463 -352 454 -251 451 -201 449 -39 447 27 435 162 435 162 426 278 402 413 386 500 500 -461 500 -461 496 -441 496 -434 485 -355 474 -300 474 -300 474 -300 474 -300 474 -300 435 -97 440 -88 447 -2 447 97 438 223 438 223 426 373 426 425 419 500 179 423 0 0 0 0 0 0 0 0 0 0 0 0 0 0 0 0 0 0 0 0 0 0 0 0 0 0 0 0 0 0 0 0 0 0 0 0 0 0 0 0 0 0 0 0 0 0 0 0 0 0 0 0 0 0 0 0 0 0 0 0 
0 0 1 0 0 0 
405 -350 432 -319 464 -253 464 -253 478 -114 485 -28 489 83 489 147 491 224 493 321 497 444 500 499 467 -335 467 -335 469 -315 476 -261 480 -244 486 -106 488 -8 492 93 499 154 499 226 497 309 499 427 497 479 325 498 89 -321 89 -321 92 -295 111 -213 115 -200 120 -58 123 41 127 131 130 218 130 280 137 371 179 498 179 498 499 490 499 494 0 0 0 0 0 0 0 0 0 0 0 0 0 0 0 0 0 0 0 0 0 0 0 0 0 0 0 0 0 0 0 0 0 0 0 0 0 0 0 0 0 0 0 0 0 0 0 0 0 0 0 0 0 0 0 0 0 0 0 0 0 0 0 0 0 0 0 0 
0 0 1 0 0 0 
478 -282 478 -282 478 -282 478 -282 478 -282 483 -144 488 0 483 144 485 282 496 447 498 500 466 -160 464 -127 466 -118 466 -118 468 -112 468 -79 473 30 475 112 475 217 477 340 493 470 499 476 387 298 392 371 410 498 444 -336 444 -336 444 -312 448 -305 450 -298 452 -290 452 -281 463 -175 465 -101 465 8 465 156 471 213 483 296 483 296 497 439 497 485 499 498 0 0 0 0 0 0 0 0 0 0 0 0 0 0 0 0 0 0 0 0 0 0 0 0 0 0 0 0 0 0 0 0 0 0 0 0 0 0 0 0 0 0 0 0 0 0 0 0 0 0 0 0 0 0 0 0 0 0 0 0 0 0 0 0 
0 0 1 0 0 0 
497 -461 497 -461 497 -461 497 -461 497 -423 497 -304 497 -304 497 -304 497 -142 493 -101 495 -27 497 104 500 260 497 321 479 472 479 472 474 500 346 -171 346 -138 340 -47 416 -21 416 -21 416 -21 416 -21 416 -21 494 228 498 315 496 367 478 498 499 -318 345 -217 487 -261 487 -261 485 -204 315 17 313 26 313 26 309 80 313 115 341 289 337 396 347 420 307 498 471 424 0 0 0 0 0 0 0 0 0 0 0 0 0 0 0 0 0 0 0 0 0 0 0 0 0 0 0 0 0 0 0 0 0 0 0 0 0 0 0 0 0 0 0 0 0 0 0 0 0 0 0 0 0 0 0 0 0 0 0 0 0 0 
0 0 1 0 0 0 
463 -475 463 -475 472 -417 482 -338 484 -318 484 -298 489 -262 491 -201 494 -161 494 -141 498 38 496 125 491 217 491 217 489 239 479 343 474 419 477 499 477 499 491 7 491 7 497 125 497 125 500 146 500 364 500 498 500 498 493 -345 491 -305 491 -234 491 -234 491 -234 491 -234 495 -106 497 -11 499 22 495 152 495 278 495 278 495 278 495 345 493 438 491 488 491 500 0 0 0 0 0 0 0 0 0 0 0 0 0 0 0 0 0 0 0 0 0 0 0 0 0 0 0 0 0 0 0 0 0 0 0 0 0 0 0 0 0 0 0 0 0 0 0 0 0 0 0 0 0 0 0 0 0 0 0 0 0 0 
0 0 1 0 0 0 
498 -81 498 -81 478 61 478 131 478 246 478 364 480 498 471 -328 473 -305 477 -283 488 -159 488 -79 484 -22 496 50 496 121 494 272 498 301 295 332 297 403 297 498 362 -182 381 -193 383 -174 383 -174 385 -165 396 -24 404 85 402 134 408 187 408 270 408 409 417 455 475 442 496 469 498 499 297 493 0 0 0 0 0 0 0 0 0 0 0 0 0 0 0 0 0 0 0 0 0 0 0 0 0 0 0 0 0 0 0 0 0 0 0 0 0 0 0 0 0 0 0 0 0 0 0 0 0 0 0 0 0 0 0 0 0 0 0 0 0 0 0 0 0 0 0 0 0 0 0 0 0 0 0 0 0 0 
0 0 1 0 0 0 
446 6 456 51 474 162 484 347 500 498 500 498 499 -295 497 -266 492 -145 487 124 492 277 492 324 492 379 497 498 449 -304 449 -304 455 -250 463 -152 467 17 472 167 476 226 474 245 480 369 480 389 494 473 498 500 0 0 0 0 0 0 0 0 0 0 0 0 0 0 0 0 0 0 0 0 0 0 0 0 0 0 0 0 0 0 0 0 0 0 0 0 0 0 0 0 0 0 0 0 0 0 0 0 0 0 0 0 0 0 0 0 0 0 0 0 0 0 0 0 0 0 0 0 0 0 0 0 0 0 0 0 0 0 0 0 0 0 0 0 0 0 0 0 0 0 0 0 0 0 0 0 0 0 
0 0 1 0 0 0 
500 500 475 -113 475 -113 459 -13 459 -13 459 -13 457 11 454 38 498 52 438 209 438 209 438 209 438 229 440 340 429 500 429 500 499 -414 294 -479 294 -479 266 -434 258 -416 247 -389 238 -364 230 -334 229 -314 221 -276 221 -253 212 -169 212 -124 206 -79 206 -36 204 -18 204 0 195 131 195 223 193 273 193 273 188 398 186 500 186 500 499 -416 482 -381 469 -337 463 -321 463 -321 463 -321 441 -182 441 -169 441 -169 432 -99 430 -83 430 -83 389 55 389 55 392 72 402 114 400 204 398 288 398 288 398 288 394 466 391 499 0 0 0 0 0 0 0 0 0 0 0 0 0 0 0 0 0 0 0 0 0 0 0 0 0 0 
0 0 1 0 0 0 
466 -474 466 -474 466 -474 436 -323 423 -229 423 -137 436 -12 456 102 469 153 498 321 498 321 488 415 469 500 422 -171 422 -171 412 -23 414 -9 417 220 445 264 471 341 500 371 492 498 498 -419 498 -419 489 -389 479 -324 453 -186 446 -152 437 -59 444 36 489 232 489 239 489 308 489 308 494 458 494 499 206 419 206 419 0 0 0 0 0 0 0 0 0 0 0 0 0 0 0 0 0 0 0 0 0 0 0 0 0 0 0 0 0 0 0 0 0 0 0 0 0 0 0 0 0 0 0 0 0 0 0 0 0 0 0 0 0 0 0 0 0 0 0 0 0 0 0 0 0 0 0 0 0 0 0 0 0 0 
0 0 1 0 0 0 
468 -481 482 -428 495 -318 500 -200 500 -152 482 -182 464 -160 444 -35 444 2 433 135 428 195 411 348 411 348 404 441 404 441 406 458 413 498 376 60 376 85 368 253 368 287 358 386 354 433 364 467 498 440 500 498 500 -45 500 -19 496 162 492 200 484 315 482 357 482 498 0 0 0 0 0 0 0 0 0 0 0 0 0 0 0 0 0 0 0 0 0 0 0 0 0 0 0 0 0 0 0 0 0 0 0 0 0 0 0 0 0 0 0 0 0 0 0 0 0 0 0 0 0 0 0 0 0 0 0 0 0 0 0 0 0 0 0 0 0 0 0 0 0 0 0 0 0 0 0 0 0 0 0 0 
0 0 1 0 0 0 
498 499 498 499 498 499 498 467 487 313 477 283 477 283 444 82 444 82 444 82 442 14 437 -64 433 -129 500 500 457 408 455 393 452 378 452 369 450 325 450 275 446 144 442 68 442 38 442 38 438 -103 438 -142 435 -174 438 -227 435 -316 444 -366 446 -369 350 -79 348 -139 346 -165 500 499 500 499 488 458 486 449 484 405 482 388 480 359 479 315 475 208 473 145 471 123 471 123 469 33 469 -14 469 -14 465 -118 465 -155 465 -213 463 -233 463 -233 463 -330 465 -368 0 0 0 0 0 0 0 0 0 0 0 0 0 0 0 0 0 0 0 0 0 0 0 0 0 0 0 0 0 0 0 0 0 0 0 0 0 0 
0 0 0 1 0 0 
493 496 493 496 493 496 498 48 498 48 495 499 495 460 498 407 492 148 492 117 492 117 489 92 489 0 487 -127 500 500 482 461 452 417 433 359 420 277 412 171 423 74 440 -12 450 -86 452 -103 452 -224 452 -224 452 -224 452 -224 461 -330 470 -388 232 -246 232 -246 0 0 0 0 0 0 0 0 0 0 0 0 0 0 0 0 0 0 0 0 0 0 0 0 0 0 0 0 0 0 0 0 0 0 0 0 0 0 0 0 0 0 0 0 0 0 0 0 0 0 0 0 0 0 0 0 0 0 0 0 0 0 0 0 0 0 0 0 0 0 0 0 0 0 0 0 0 0 0 0 0 0 0 0 0 0 
0 0 0 1 0 0 
500 500 462 406 434 317 428 278 422 189 415 93 415 50 409 -86 407 -175 407 -269 405 -406 411 -420 499 500 499 500 473 397 466 329 460 285 453 200 446 119 441 49 429 -72 423 -158 418 -240 413 -343 411 -378 411 -394 416 -436 167 498 167 498 164 427 162 321 158 288 154 227 150 119 150 82 144 -45 140 -127 137 -236 108 -344 94 -386 94 -386 88 -429 498 -442 500 -446 0 0 0 0 0 0 0 0 0 0 0 0 0 0 0 0 0 0 0 0 0 0 0 0 0 0 0 0 0 0 0 0 0 0 0 0 0 0 0 0 0 0 0 0 0 0 0 0 0 0 0 0 0 0 0 0 0 0 0 0 0 0 
0 0 0 1 0 0 
408 498 495 342 495 342 495 342 495 245 491 60 495 -36 495 -143 500 -250 500 -295 500 -415 121 500 121 500 121 500 125 465 141 380 147 325 156 247 167 140 172 42 174 -75 174 -145 174 -250 176 -292 180 -435 180 -435 500 -442 500 -442 299 498 315 496 436 459 450 395 466 355 479 313 486 279 495 165 497 64 497 -34 499 -155 499 -232 497 -306 491 -412 490 -432 0 0 0 0 0 0 0 0 0 0 0 0 0 0 0 0 0 0 0 0 0 0 0 0 0 0 0 0 0 0 0 0 0 0 0 0 0 0 0 0 0 0 0 0 0 0 0 0 0 0 0 0 0 0 0 0 0 0 0 0 0 0 0 0 
0 0 0 1 0 0 
108 500 108 500 123 344 127 194 128 77 130 15 136 -160 136 -160 136 -160 151 -295 499 -445 499 -445 499 498 499 498 486 346 486 164 486 52 482 -12 486 -92 479 -127 479 -127 475 -211 498 500 482 330 473 191 473 93 469 34 457 -132 457 -132 0 0 0 0 0 0 0 0 0 0 0 0 0 0 0 0 0 0 0 0 0 0 0 0 0 0 0 0 0 0 0 0 0 0 0 0 0 0 0 0 0 0 0 0 0 0 0 0 0 0 0 0 0 0 0 0 0 0 0 0 0 0 0 0 0 0 0 0 0 0 0 0 0 0 0 0 0 0 0 0 0 0 0 0 0 0 0 0 0 0 0 0 
0 0 0 1 0 0 
500 498 500 498 500 498 500 498 472 457 451 389 440 332 434 288 429 196 421 47 421 23 467 498 467 498 459 470 457 455 453 429 417 352 417 352 417 352 417 352 433 253 493 94 493 94 493 94 493 94 493 66 497 -107 497 -189 499 -214 361 -202 357 -301 247 500 247 471 245 459 245 446 247 411 259 264 263 210 265 182 265 182 267 163 275 28 275 28 275 -25 279 -97 277 -119 279 -216 285 -355 289 -411 499 -301 495 -386 348 -386 346 -408 0 0 0 0 0 0 0 0 0 0 0 0 0 0 0 0 0 0 0 0 0 0 0 0 0 0 0 0 0 0 0 0 0 0 0 0 0 0 0 0 0 0 0 0 
0 0 0 1 0 0 
251 500 251 471 257 391 268 240 280 118 287 -92 289 -208 295 -362 500 -285 500 -314 420 -451 481 498 481 498 481 450 483 309 487 202 493 45 495 -72 499 -176 0 0 0 0 0 0 0 0 0 0 0 0 0 0 0 0 0 0 0 0 0 0 0 0 0 0 0 0 0 0 0 0 0 0 0 0 0 0 0 0 0 0 0 0 0 0 0 0 0 0 0 0 0 0 0 0 0 0 0 0 0 0 0 0 0 0 0 0 0 0 0 0 0 0 0 0 0 0 0 0 0 0 0 0 0 0 0 0 0 0 0 0 0 0 0 0 0 0 0 0 0 0 0 0 0 0 0 0 0 0 0 0 
0 0 0 1 0 0 
400 500 400 500 404 355 407 253 409 163 407 54 407 54 407 -134 407 -166 404 -471 411 -471 500 -201 495 -205 468 -358 461 -381 498 500 498 500 498 500 500 500 481 477 455 430 415 356 421 311 425 232 425 178 425 118 353 -12 369 -133 387 -269 0 0 0 0 0 0 0 0 0 0 0 0 0 0 0 0 0 0 0 0 0 0 0 0 0 0 0 0 0 0 0 0 0 0 0 0 0 0 0 0 0 0 0 0 0 0 0 0 0 0 0 0 0 0 0 0 0 0 0 0 0 0 0 0 0 0 0 0 0 0 0 0 0 0 0 0 0 0 0 0 0 0 0 0 0 0 0 0 0 0 0 0 
0 0 0 1 0 0 
483 499 483 418 489 306 493 231 493 187 497 77 497 -52 500 -96 500 -255 500 -339 493 -442 398 500 416 436 463 315 476 250 481 211 489 93 494 -33 494 -72 497 -216 500 -302 492 -404 479 -461 458 500 458 500 458 415 470 313 477 239 480 180 477 71 478 -41 478 -97 482 -252 480 -306 487 -382 495 -430 499 -456 0 0 0 0 0 0 0 0 0 0 0 0 0 0 0 0 0 0 0 0 0 0 0 0 0 0 0 0 0 0 0 0 0 0 0 0 0 0 0 0 0 0 0 0 0 0 0 0 0 0 0 0 0 0 0 0 0 0 0 0 0 0 0 0 0 0 0 0 0 0 0 0 0 0 0 0 
0 0 0 1 0 0 
490 498 490 498 473 416 472 339 472 248 470 154 466 55 466 -36 464 -154 477 -289 485 -351 500 -450 306 -390 306 -407 500 500 500 500 490 408 490 307 488 262 486 144 481 39 484 -43 490 -196 488 -240 486 -375 0 0 0 0 0 0 0 0 0 0 0 0 0 0 0 0 0 0 0 0 0 0 0 0 0 0 0 0 0 0 0 0 0 0 0 0 0 0 0 0 0 0 0 0 0 0 0 0 0 0 0 0 0 0 0 0 0 0 0 0 0 0 0 0 0 0 0 0 0 0 0 0 0 0 0 0 0 0 0 0 0 0 0 0 0 0 0 0 0 0 0 0 0 0 0 0 0 0 0 0 
0 0 0 1 0 0 
475 498 475 498 485 208 485 154 487 15 489 -135 489 -290 497 -425 500 -441 482 498 456 365 475 287 480 226 487 65 489 22 491 -63 492 -158 492 -267 494 -371 494 -390 494 -390 500 -448 94 499 94 499 103 360 105 306 107 238 114 77 114 38 122 -38 124 -148 124 -253 121 -356 117 -437 117 -437 112 -463 500 -450 500 -450 0 0 0 0 0 0 0 0 0 0 0 0 0 0 0 0 0 0 0 0 0 0 0 0 0 0 0 0 0 0 0 0 0 0 0 0 0 0 0 0 0 0 0 0 0 0 0 0 0 0 0 0 0 0 0 0 0 0 0 0 0 0 0 0 0 0 0 0 0 0 0 0 0 0 
0 0 0 1 0 0 
404 500 406 473 420 298 420 298 420 298 497 104 495 86 495 86 491 -5 491 -26 495 -201 499 -316 499 -316 500 500 152 459 158 437 167 296 154 178 154 178 133 22 133 22 127 -15 124 -55 122 -72 122 -233 127 -301 127 -301 449 -439 449 -439 500 500 498 472 491 324 491 324 255 5 255 5 255 5 255 5 257 -42 257 -261 257 -281 0 0 0 0 0 0 0 0 0 0 0 0 0 0 0 0 0 0 0 0 0 0 0 0 0 0 0 0 0 0 0 0 0 0 0 0 0 0 0 0 0 0 0 0 0 0 0 0 0 0 0 0 0 0 0 0 0 0 0 0 0 0 0 0 0 0 0 0 0 0 
0 0 0 1 0 0 
384 498 490 153 490 127 486 26 498 -111 364 -479 137 500 137 500 141 454 141 454 156 315 158 241 177 150 184 89 188 52 192 -34 196 -97 196 -97 177 -300 196 -415 181 -447 179 -458 179 -458 500 -454 500 -454 294 498 333 494 452 425 448 399 439 330 439 239 476 151 494 90 500 56 487 -71 474 -172 474 -172 457 -263 457 -373 457 -390 463 -427 465 -442 0 0 0 0 0 0 0 0 0 0 0 0 0 0 0 0 0 0 0 0 0 0 0 0 0 0 0 0 0 0 0 0 0 0 0 0 0 0 0 0 0 0 0 0 0 0 0 0 0 0 0 0 0 0 0 0 0 0 0 0 0 0 0 0 0 0 
0 0 0 1 0 0 
270 498 270 498 305 335 316 272 320 219 324 194 330 84 343 -137 351 -226 378 -346 498 -77 500 -162 500 -190 500 -293 345 -371 347 -395 489 498 489 498 487 466 487 231 491 180 498 76 424 498 447 409 463 343 468 304 472 285 482 199 496 11 498 -16 500 -138 341 -77 343 -127 343 -152 343 -254 0 0 0 0 0 0 0 0 0 0 0 0 0 0 0 0 0 0 0 0 0 0 0 0 0 0 0 0 0 0 0 0 0 0 0 0 0 0 0 0 0 0 0 0 0 0 0 0 0 0 0 0 0 0 0 0 0 0 0 0 0 0 0 0 0 0 0 0 0 0 0 0 0 0 0 0 0 0 0 0 
0 0 0 1 0 0 
312 498 312 498 312 384 313 320 315 151 315 19 315 -71 315 -176 312 -243 310 -339 296 -459 500 -446 500 -446 75 -434 73 -441 500 500 500 500 463 361 458 307 456 150 454 21 454 -69 452 -159 450 -240 448 -319 465 -435 62 -414 58 -428 457 498 485 359 492 294 492 148 498 17 495 -34 495 -118 485 -202 479 -283 464 -393 0 0 0 0 0 0 0 0 0 0 0 0 0 0 0 0 0 0 0 0 0 0 0 0 0 0 0 0 0 0 0 0 0 0 0 0 0 0 0 0 0 0 0 0 0 0 0 0 0 0 0 0 0 0 0 0 0 0 0 0 0 0 0 0 0 0 0 0 0 0 0 0 0 0 
0 0 0 1 0 0 
-138 463 -138 463 -133 427 -133 404 -122 295 -122 281 -122 281 -158 295 -161 284 -171 263 -177 154 -172 97 -139 50 -69 100 0 145 18 168 84 243 128 297 171 343 227 413 245 429 245 429 232 236 232 236 237 240 278 281 278 281 295 300 301 306 327 325 327 325 369 338 500 500 500 500 500 500 500 500 500 500 482 329 471 236 466 109 466 77 466 0 455 -47 455 -145 449 -159 449 -159 -307 318 -307 318 -299 280 -284 193 -276 146 -275 129 -273 89 -272 69 -270 -4 -262 -120 -259 -182 -240 -218 -148 -164 -91 -111 -62 -77 -19 -40 39 24 76 66 137 135 157 158 212 220 360 329 304 498 304 498 304 498 304 498 324 496 324 496 344 496 
0 0 0 0 1 0 
500 499 -153 438 -144 274 -140 154 -137 33 -134 -36 -128 -190 -126 -250 -121 -338 -87 -320 -71 -296 -6 -160 39 -63 72 -27 47 6 88 111 160 250 191 314 242 389 260 429 293 477 324 498 366 425 381 259 381 259 386 45 385 -75 384 -241 384 -296 386 -416 500 -386 -202 500 -202 500 -205 334 -209 257 -206 170 -200 91 -198 17 -192 -63 -189 -163 -174 -242 -144 -234 -102 -185 -57 -129 -4 -55 28 -8 130 93 181 180 259 268 292 317 334 357 353 380 387 417 429 440 471 374 484 265 488 234 488 123 491 31 485 -68 485 -131 483 -148 500 -289 492 -291 492 -291 -274 460 -284 239 -284 171 -278 40 -278 -40 -266 -160 -264 -302 -258 -389 -234 -444 -221 -444 
0 0 0 0 1 0 
499 498 -48 372 -57 199 -62 157 -58 53 -58 -97 -61 -145 -55 -219 -58 -289 -57 -303 -54 -321 -5 -319 76 -226 82 -217 89 -173 152 -108 180 -60 233 71 262 157 300 212 339 273 344 280 385 344 403 377 466 467 500 490 490 500 467 467 467 467 428 298 441 236 441 236 477 -16 477 -16 472 -48 473 -76 473 -76 469 -101 462 -212 465 -259 463 -296 469 -377 -203 357 -203 357 -209 175 -211 125 -211 30 -209 -120 -206 -175 -204 -279 -204 -334 -200 -376 -186 -440 -142 -407 -105 -357 -98 -345 -55 -281 -29 -225 26 -142 69 -56 114 42 146 99 207 187 211 215 221 255 272 350 307 405 458 490 459 490 470 500 498 500 500 497 382 383 382 383 378 263 
0 0 0 0 1 0 
-85 390 -85 390 -85 390 -129 274 -138 239 -148 170 -163 90 -163 90 -318 -60 -318 -60 -321 -101 -326 -231 -326 -231 -326 -231 -326 -311 -320 -347 -213 -384 -216 -384 -163 -399 -110 -371 -69 -295 -27 -248 -14 -235 40 -142 101 -60 164 30 164 30 212 97 251 155 251 155 260 170 282 192 317 220 317 220 379 339 385 308 388 302 410 498 401 352 403 267 401 146 401 146 404 32 425 -345 419 -382 417 -429 499 -282 496 -341 -173 219 -173 219 -210 53 -210 40 -225 -20 -250 -147 -257 -186 -270 -300 -270 -300 -271 -336 -270 -405 -270 -405 -216 -275 -215 -354 -215 -378 -235 -358 -37 -154 26 -67 47 -20 52 15 109 94 176 172 238 262 238 262 287 331 287 331 358 401 
0 0 0 0 1 0 
-82 498 -82 498 -106 393 -115 264 -123 166 -125 124 -140 17 -129 -75 -121 -136 -116 -190 -115 -205 -78 -312 -18 -256 -2 -215 66 -97 71 -88 41 -259 60 -222 85 -158 127 -90 166 56 174 73 248 224 251 251 262 303 293 369 293 369 301 388 309 403 317 413 353 430 369 425 382 396 393 364 405 317 420 281 422 239 430 183 434 83 434 -19 435 -122 434 -227 439 -320 441 -403 499 -268 499 -268 499 -268 -159 155 -159 155 -169 45 -173 -104 -181 -181 -184 -196 -184 -299 -185 -329 -179 -382 -167 -432 -224 -229 -197 -277 -35 -436 -35 -436 -35 -436 -20 -410 12 -8 18 32 63 122 70 146 133 281 138 299 198 421 204 460 211 500 211 500 364 480 470 489 
0 0 0 0 1 0 
-126 438 -126 438 -126 330 -124 195 -128 93 -136 -84 -140 -228 -140 -307 -139 -412 -136 -406 -210 -140 -205 -184 -69 -409 -69 -409 -69 -409 -52 -385 100 -64 171 108 216 201 223 213 255 292 287 368 327 456 347 488 368 500 405 435 429 298 449 204 461 96 471 -38 478 -160 482 -239 499 -418 433 -216 429 -374 -63 442 -63 442 -71 365 -81 263 -95 188 -108 61 -110 -24 -114 -126 -116 -207 -116 -236 -116 -236 -107 -298 -81 -298 -29 -230 -29 -230 2 -128 118 73 199 207 239 278 241 292 276 331 297 398 339 433 376 493 393 500 414 455 435 389 464 261 470 192 476 88 480 6 480 -28 499 -245 491 -283 480 -411 478 -424 478 -424 -162 471 -159 353 -165 276 
0 0 0 0 1 0 
-158 16 -160 -61 -160 -211 -160 -302 -160 -362 -94 -286 -29 -201 53 -41 51 -41 59 -22 59 -22 147 89 168 137 168 137 197 208 272 279 395 456 460 497 465 500 487 495 393 350 393 350 492 151 437 2 437 2 437 2 481 -291 486 -311 497 -426 499 -428 499 -428 499 -222 -60 185 -60 75 -61 -42 -63 -141 -63 -202 -1 -136 63 -49 133 75 137 91 128 101 120 101 208 225 208 225 208 225 267 345 346 440 469 498 475 484 396 14 500 249 500 249 431 -7 441 -35 450 -129 453 -150 455 -174 208 467 500 498 -134 374 -150 360 -166 300 -174 258 -179 256 -184 202 -192 93 -192 -11 -192 -93 -89 6 -89 6 -4 138 -5 175 0 204 0 204 
0 0 0 0 1 0 
2 500 2 500 500 73 -145 464 -145 464 -145 400 -146 259 -145 135 -143 -2 -143 -25 -140 -80 -140 -80 -140 -129 -140 -153 -137 -298 -137 -319 -137 -340 -137 -387 -137 -405 -122 -441 -96 -420 -27 -332 29 -257 112 -132 120 -119 182 -31 182 -31 263 366 263 366 459 345 459 345 459 345 482 470 490 498 499 441 496 345 492 285 492 181 489 23 489 23 489 23 489 -2 495 -62 483 -192 483 -192 469 -233 -101 471 -44 147 -45 76 -47 60 -47 60 -47 60 -41 -56 -41 -56 -41 -56 -47 -226 -98 -176 -98 -176 -101 -178 -102 -180 -102 -186 -71 -167 -25 -115 74 0 112 67 131 97 131 97 248 -28 298 117 298 117 310 121 482 500 477 478 477 478 455 256 
0 0 0 0 1 0 
-145 267 -145 267 -145 267 -194 26 -207 -21 -211 -132 -211 -156 -212 -243 -213 -280 -215 -380 -211 -391 -4 -433 -4 -433 13 -399 13 -399 94 15 94 103 94 103 164 238 164 238 218 317 290 441 318 460 331 500 447 468 491 470 497 476 499 478 499 481 493 484 495 473 486 455 423 259 423 259 419 230 419 230 415 142 412 76 408 -66 407 -84 404 -291 -153 498 -153 498 -181 426 -215 276 -216 246 -220 133 -220 111 -224 46 -224 -2 -223 -125 -223 -213 -223 -227 -218 -292 -218 -295 -199 -331 -180 -329 -88 -225 -81 -213 -59 -193 1 -92 1 -92 33 -29 169 -104 169 -104 192 -79 243 14 247 43 306 111 364 261 420 305 425 314 384 205 384 205 386 208 
0 0 0 0 1 0 
-281 499 -281 499 -278 416 -278 351 -273 208 -270 122 -266 62 -266 62 -238 -90 -221 -167 -221 -167 -214 -214 -214 -214 -214 -214 -216 -229 -216 -227 -161 -124 -128 -62 -128 -62 -128 -62 238 83 238 83 201 154 201 154 216 158 230 178 230 178 246 223 250 259 419 381 330 379 330 379 442 429 459 446 393 474 393 474 482 446 487 403 493 266 499 225 494 141 497 57 394 -120 394 -120 394 -145 393 -182 393 -253 394 -300 399 -377 404 -422 404 -422 482 -386 482 -392 480 -401 -147 464 -142 363 -140 303 -133 131 -131 94 -130 30 -10 -34 -5 -66 -50 -232 -50 -232 -50 -232 -50 -232 20 -221 18 -236 67 -178 100 -135 114 -103 142 -64 70 -32 139 58 139 58 
0 0 0 0 1 0 
260 44 499 500 -137 -423 -167 -462 197 -75 197 -75 62 -21 178 163 313 248 239 379 251 403 290 481 290 481 467 498 466 377 467 299 473 150 492 -21 500 -347 498 -372 497 -433 497 -437 -232 331 -232 331 -232 331 -240 164 -240 107 -240 11 -240 -116 -239 -219 -240 -239 -237 -315 -227 -401 -227 -401 -137 -426 -165 -463 32 -420 -127 -399 32 -420 136 -162 124 -146 124 -146 197 -100 311 123 174 155 177 171 358 324 358 324 358 324 280 399 411 417 363 468 363 468 350 495 349 500 349 500 352 481 356 326 349 216 347 168 339 -9 492 -50 489 -61 494 -196 482 -235 491 -267 500 -337 302 -328 300 -385 299 -442 299 -442 497 -440 -168 420 -168 420 -162 391 
0 0 0 0 1 0 
-39 492 -169 498 -170 469 -170 397 -174 317 -176 236 -177 158 -176 59 -180 6 -178 -69 -196 -183 -192 -221 -184 -260 -104 -122 -98 -112 -36 -14 25 90 81 194 86 207 120 257 147 304 147 304 201 372 246 403 262 405 262 405 281 264 281 226 279 97 276 50 271 -63 269 -84 266 -145 262 -224 261 -262 257 -342 241 -418 403 -435 403 -435 500 -395 500 -395 83 497 -40 500 -41 465 -43 353 -44 312 -45 206 -45 134 -45 27 -45 -34 -45 -93 -50 -195 -50 -234 -48 -259 20 -144 81 -95 125 -2 152 85 217 193 244 212 267 265 267 265 332 334 333 353 372 380 391 389 494 355 491 308 490 212 500 85 402 8 402 8 402 -10 398 -129 397 -263 
0 0 0 0 1 0 
-115 498 -115 498 -97 407 -96 299 -94 246 -94 157 -92 110 -92 27 -88 -55 -99 -95 -105 -174 -101 -254 -111 -312 -115 -335 -111 -363 -111 -363 -104 -365 -60 -333 -19 -248 35 -176 35 -176 50 -104 104 -14 158 76 160 110 165 148 222 237 278 329 322 386 332 401 433 384 424 380 411 356 407 339 398 250 397 138 396 -61 396 -212 396 -299 392 -384 388 -447 388 -447 259 -428 259 -428 499 -447 29 498 29 498 30 399 31 298 34 261 36 161 36 118 35 30 31 -53 22 -92 19 -170 20 -250 15 -291 13 -319 16 -352 19 -356 25 -358 52 -334 125 -209 146 -172 146 -172 167 -105 218 -12 261 82 273 114 279 146 327 241 390 352 411 382 433 399 
0 0 0 0 1 0 
499 500 -223 498 -223 498 -226 396 -228 327 -228 218 -223 130 -214 45 -167 -90 -132 -128 -153 -149 -168 -171 -52 -228 -50 -330 -49 -375 -4 -289 -2 -273 66 -116 66 -116 66 -116 8 -19 190 163 194 197 194 197 257 285 257 285 314 432 314 432 368 413 372 365 370 90 368 -9 366 -106 365 -199 364 -334 364 -334 358 -434 499 -434 499 -434 90 498 71 418 59 330 58 261 64 121 77 4 97 -218 109 -349 112 -377 174 -301 199 -232 -4 -137 -4 -137 329 -2 125 140 125 140 456 268 499 339 253 410 253 410 275 415 316 308 329 42 332 -57 335 -149 338 -244 339 -334 339 -382 342 -444 -126 500 -126 500 -125 413 -122 339 -121 234 -124 138 -126 74 
0 0 0 0 1 0 
499 499 -108 497 -108 382 -110 297 -106 230 -106 117 -106 71 -106 0 -104 -99 -104 -158 -104 -202 -103 -306 -102 -336 -100 -347 -96 -352 -50 -299 24 -218 24 -186 32 -147 55 -112 91 -6 153 103 162 135 217 191 222 251 282 357 282 357 282 357 282 357 299 382 322 423 404 499 404 499 404 499 404 499 404 499 474 444 474 444 474 444 474 444 471 228 472 76 471 -25 499 -239 483 -258 483 -258 471 -375 -279 495 -279 495 -279 376 -271 298 -265 229 -262 136 -256 88 -258 6 -262 -75 -256 -153 -254 -205 -249 -303 -247 -335 -246 -352 -243 -354 -200 -294 -176 -235 -119 -136 -116 -119 -108 -95 -58 10 -35 51 3 142 3 142 93 303 93 303 106 326 119 354 
0 0 0 0 1 0 
-49 498 500 -42 422 -93 446 498 446 498 378 479 295 464 241 457 184 455 136 445 54 445 85 438 31 426 6 409 99 273 99 273 99 273 104 266 130 239 149 208 233 108 331 16 339 -2 414 -77 442 -116 479 -147 485 -154 485 -154 496 -174 500 -184 479 -246 411 -278 335 -288 301 -290 258 -292 75 -326 94 -322 5 -334 -14 -336 -65 -334 -93 -338 -141 -331 -158 -319 -279 -268 -279 -268 389 498 320 494 221 482 160 477 101 475 37 470 8 466 -98 461 -181 454 -194 442 -151 374 -151 374 -70 274 -70 274 124 159 177 110 238 53 273 18 369 -65 406 -96 454 -145 499 -192 499 -192 380 -185 381 -187 381 -192 331 -243 290 -255 210 -262 103 -269 
0 0 0 0 0 1 
332 500 499 172 436 498 436 498 344 458 277 441 221 434 117 424 117 424 -22 424 -84 422 -105 405 -107 396 -63 336 17 221 17 221 48 190 -30 210 22 150 22 150 355 16 355 16 376 -9 436 -69 500 -143 436 -245 436 -245 436 -245 436 -245 466 -281 455 -319 337 -322 266 -315 132 -315 53 -329 -56 -348 -93 -362 -148 -365 -178 -360 -210 -346 264 498 217 482 122 478 41 466 20 455 -92 473 -168 473 -208 450 -123 324 -123 324 -123 324 -98 301 138 137 208 80 220 57 274 6 214 32 219 11 247 -22 294 -80 358 -142 500 -204 500 -204 431 -243 431 -243 459 -278 422 -285 317 -278 200 -259 64 -259 -76 -282 -104 -289 -164 -298 -249 -314 -304 -301 
0 0 0 0 0 1 
500 498 401 498 409 477 376 438 339 424 264 419 206 419 162 419 132 414 119 409 74 407 41 409 -45 433 -66 436 -110 419 -122 404 -68 313 -56 301 -56 301 1 231 19 224 19 224 143 89 224 -9 242 -16 242 -16 324 -93 360 -142 420 -200 478 -277 499 -296 458 -325 353 -327 290 -310 191 -308 123 -310 72 -313 1 -303 -30 -306 -94 -301 -126 -298 -191 -161 -187 -183 -187 -183 85 465 85 465 85 465 4 479 -97 490 -112 494 -150 498 -153 467 -86 388 -117 114 -117 114 -117 114 -97 90 12 37 56 -37 167 -152 194 -156 214 -181 300 -233 364 -320 417 -342 474 -399 500 -423 407 -465 311 -445 212 -452 110 -439 48 -448 -3 -448 -71 -445 -118 -443 
0 0 0 0 0 1 
499 483 483 475 406 453 396 461 333 489 265 494 254 500 254 500 250 497 185 494 88 494 -12 464 -88 448 -70 404 15 316 66 292 149 207 184 183 184 183 184 183 206 153 226 120 302 5 360 -101 368 -128 458 -207 451 -215 445 -221 444 -224 441 -232 440 -237 427 -265 351 -281 341 -284 248 -262 248 -262 111 -204 66 -207 -50 -202 -153 -207 -220 -213 -246 -215 -317 -229 -374 -234 -278 -325 -278 -325 172 487 172 487 172 487 93 498 -15 466 -108 416 -147 395 -122 330 -40 231 20 181 81 96 151 42 151 42 163 10 270 -110 280 -113 326 -231 411 -402 458 -110 500 -241 500 -241 500 -241 500 -241 500 -241 313 -227 304 -231 226 -241 156 -238 19 -220 
0 0 0 0 0 1 
136 400 500 328 490 497 -179 498 -179 498 -137 396 -137 396 -137 396 7 291 7 291 7 291 106 -78 356 -69 412 -93 260 93 260 93 437 -58 440 -56 440 -56 487 -95 499 -122 412 -183 388 -187 342 -187 281 -191 192 -200 96 -200 65 -204 -21 -209 -73 -211 -109 -204 -168 -200 -205 -198 -232 -189 424 498 424 498 500 375 486 377 406 377 402 377 323 371 250 360 207 348 139 337 79 326 16 324 -50 322 -211 250 -211 250 -243 227 -246 210 -246 210 -133 106 -133 106 23 0 23 0 23 0 236 -195 236 -195 274 -218 323 -256 323 -256 323 -256 323 -256 398 -322 463 -363 476 -397 395 -458 374 -456 316 -467 243 -456 162 -462 79 -471 52 -467 -47 -479 
0 0 0 0 0 1 
500 500 500 500 317 469 311 471 210 457 160 407 40 443 39 436 -18 433 -128 440 -154 443 -207 443 -238 438 -168 331 -97 265 -20 218 -26 206 36 135 169 2 177 -9 248 -68 316 -154 355 -201 355 -201 405 -277 437 -312 363 -312 283 -296 190 -270 146 -263 67 -255 -14 -236 -66 -236 -146 -227 -261 -203 -261 -203 -287 -201 -294 -201 -345 -194 -356 -194 -364 -436 -364 -436 -364 -428 -449 -196 -449 -199 -319 -298 -328 -312 483 498 483 498 303 461 291 461 206 448 68 451 53 454 29 441 -23 428 -119 444 -135 444 -181 448 -196 448 -136 257 -93 187 -49 110 -4 43 107 -103 141 -170 141 -170 236 -277 330 -424 363 -387 452 -260 456 -267 500 -334 421 -344 346 -324 
0 0 0 0 0 1 
498 498 459 197 469 166 500 293 500 293 500 293 468 282 372 273 372 273 314 278 309 498 363 386 363 386 363 386 363 386 88 295 32 311 -104 306 -152 302 -172 300 -62 377 -67 368 -67 366 46 220 16 302 16 302 109 116 109 116 109 116 133 134 205 101 281 13 281 13 281 13 305 -13 389 -99 407 -119 419 -134 356 -183 323 -181 297 -185 196 -178 139 -174 -1 -185 -14 -185 -109 -187 -167 -183 -220 -167 -245 -158 484 500 484 500 470 497 421 358 421 358 341 373 204 271 197 282 173 280 173 280 -185 284 -185 284 -188 280 -59 71 -1 21 135 67 2 291 2 291 183 15 235 -28 271 -67 329 -167 366 -167 373 -204 404 -213 437 -239 
0 0 0 0 0 1 
499 477 499 477 499 477 482 482 466 485 407 495 329 500 265 490 161 455 155 452 84 452 59 452 21 447 -14 440 -46 435 -16 335 18 252 28 230 87 120 99 107 171 -12 198 -52 240 -100 311 -222 311 -222 410 -355 437 -415 451 -445 438 -445 373 -415 305 -380 243 -355 176 -335 101 -312 -11 -292 -79 -295 -173 -272 -182 -270 -192 -270 -192 -270 -199 -270 -199 -270 -212 -275 499 186 499 186 443 500 459 216 459 216 415 235 306 231 255 228 187 209 157 207 61 191 49 191 -12 183 -47 183 -86 167 -52 51 -12 -9 6 -33 38 -87 92 -153 136 -226 193 -320 230 -360 293 -436 293 -436 340 -264 406 -370 417 -386 406 -386 323 -351 247 -311 182 -283 
0 0 0 0 0 1 
445 476 445 476 417 462 350 473 322 465 273 462 240 465 240 465 136 481 136 481 -51 468 -88 476 -106 468 -109 470 -109 470 -97 486 -97 486 -82 500 -79 497 62 388 62 388 62 388 62 388 196 242 196 242 334 93 334 93 264 210 292 194 380 103 445 23 485 -23 499 -61 415 -101 307 -109 255 -125 123 -106 66 -106 6 -109 -41 -119 -97 -109 -105 -109 -146 -87 -146 -87 -237 -2 -237 -2 329 468 329 468 329 468 329 468 -86 500 -86 500 -86 500 -86 500 -80 452 -80 452 35 325 35 325 35 325 166 205 166 205 239 -158 289 -180 306 -219 330 -223 416 -319 487 -341 500 -384 394 -443 349 -443 198 -441 109 -425 28 -450 -4 -452 -71 -457 
0 0 0 0 0 1 
492 500 292 468 284 463 226 461 59 449 12 451 -71 432 -75 425 -59 398 -66 391 -66 391 -53 371 -32 345 54 272 205 166 318 79 337 45 468 -60 491 -106 497 -125 499 -140 458 -205 357 -236 284 -246 213 -256 135 -260 64 -275 -8 -287 -74 -299 -138 -306 -145 -309 499 500 499 500 338 444 300 444 273 442 89 421 60 423 -5 409 -24 405 -131 381 -121 379 -45 361 -45 361 -45 361 -45 361 -20 342 107 250 226 141 320 74 348 9 426 -50 455 -92 466 -111 468 -138 421 -187 334 -210 272 -224 204 -233 147 -245 81 -259 15 -273 -49 -282 -71 -287 -95 -289 -95 -289 499 481 219 500 219 500 114 470 33 468 20 470 -132 470 -201 470 -247 461 
0 0 0 0 0 1 
433 488 433 488 433 488 392 498 23 490 23 490 -53 485 -53 485 -53 485 -188 498 -190 498 -230 496 -210 462 4 378 -117 331 -117 331 -117 331 7 198 52 143 153 28 153 28 153 28 173 5 411 -75 280 -117 280 -117 280 -117 499 -182 499 -182 481 -198 482 -211 343 -250 343 -258 286 -323 167 -318 20 -310 14 -308 -44 -297 -108 -287 -173 -274 -225 -279 -298 -287 -312 -289 -205 -258 -205 -258 -53 -289 -53 -289 452 462 153 444 6 457 187 474 177 477 19 479 -15 482 -19 484 -77 497 -77 497 -158 499 -112 441 9 411 -35 351 -39 335 21 265 21 265 143 111 196 25 196 25 276 -2 270 -32 398 -55 336 -98 336 -98 335 -108 335 -108 476 -171 
0 0 0 0 0 1 
457 472 457 472 420 465 375 470 271 459 196 481 148 465 4 472 -45 476 -104 472 -181 498 -193 472 -186 175 -65 74 -65 74 -65 74 52 -6 116 -52 116 -52 116 -52 299 17 299 17 299 17 332 2 332 2 377 -28 500 -136 500 -138 414 -81 414 -81 383 -101 273 -142 239 -142 149 -145 14 -160 14 -160 -14 -160 -100 -237 -177 -184 -177 -184 -261 -147 -255 -175 -270 -151 449 449 449 449 372 437 313 434 239 440 177 446 114 452 -33 466 -100 469 -196 481 -204 481 -186 391 -20 498 -186 391 -20 498 -20 498 159 327 159 327 293 194 293 194 264 -78 264 -78 264 -78 299 182 437 31 500 -17 389 -226 390 -231 500 -28 500 -34 456 -110 361 -142 
0 0 0 0 0 1 
498 500 431 230 499 401 499 401 484 404 477 404 477 404 461 404 395 411 395 411 352 416 352 416 186 377 157 379 108 379 72 431 41 466 21 481 21 481 12 483 -34 498 -59 498 -80 498 -85 498 -86 498 -83 483 27 292 38 290 56 285 145 198 66 215 66 215 200 91 226 54 245 -12 261 -7 278 -29 278 -29 292 -47 303 -89 323 -111 346 -131 346 -151 422 -250 434 -255 334 -267 278 -265 253 -272 99 -339 67 -320 53 -317 53 -317 -36 -320 -216 -225 -216 -225 -256 -434 -256 -434 499 415 499 415 499 415 499 415 499 415 476 417 410 424 321 430 29 446 10 453 -27 464 -36 468 -120 500 -125 497 -128 493 -128 491 -132 477 -132 475 
0 0 0 0 0 1 
500 498 500 498 409 486 342 483 310 492 229 470 177 468 119 468 4 483 -55 468 -55 468 -159 451 -200 453 -146 443 -56 382 18 320 70 286 90 273 198 180 217 172 302 105 420 2 425 2 483 -320 483 -320 487 -324 489 -326 490 -333 474 -359 370 -406 305 -148 305 -148 305 -148 243 -148 243 -148 195 -311 126 -311 105 -320 81 -318 -48 -344 -108 -331 -128 -324 -243 -172 -249 -174 -249 -174 389 426 389 426 230 407 234 440 195 429 136 426 38 424 2 435 -75 451 -178 476 -198 482 -210 493 -258 498 -158 349 -158 349 -43 258 -23 181 35 121 106 44 157 0 219 -71 309 -162 327 -190 498 -134 498 -140 498 -143 500 -146 500 -146 454 -190 372 -319 
0 0 0 0 0 1 
499 161 499 161 414 187 404 190 336 223 257 246 257 246 218 359 191 389 59 399 59 399 -127 500 -143 497 -168 199 -168 199 -168 199 -168 199 -127 91 -106 30 -63 -9 23 -112 79 -126 140 -211 162 -239 266 -319 307 -352 346 -399 390 -438 390 -438 382 -183 386 -185 418 -239 433 -244 444 -248 436 -246 344 -251 280 -241 209 -234 129 -237 65 -225 -6 -218 -73 -204 -99 -206 -71 -389 -71 -389 -71 -389 -71 -389 -243 -166 -243 -166 -235 -441 -249 -441 -249 -441 -249 -441 500 310 389 335 361 333 328 349 291 358 110 496 53 498 46 239 29 236 -153 482 -96 326 -96 326 -208 452 -234 459 -241 457 -248 455 -223 354 -153 268 -149 259 -31 126 -2 89 29 55 
0 0 0 0 0 1 
