415 500 419 439 419 360 411 258 376 167 357 73 337 -71 333 -149 326 -256 318 -365 318 -428 499 -378 500 500 498 433 498 341 494 267 487 180 476 79 459 -64 446 -136 432 -237 419 -339 416 -381 500 500 500 500 495 431 492 337 484 253 470 189 465 98 454 -24 438 -128 431 -214 424 -307 422 -374 422 -374 422 -374 4 -61 0 -79 -8 -102 -35 -91 -19 -94 -20 -144 -4 -78 -7 -107 -8 -109 0 -63 181 50 1 878 -2 -67 0 -92 -4 -74 -7 -87 -11 -101 -17 -143 -13 -72 -14 -101 -13 -102 -3 -42 84 881 0 0 -5 -69 -3 -94 -8 -84 -14 -64 -5 -91 -11 -122 -16 -104 -7 -86 -7 -93 -2 -67 0 0 0 0 0 0 0 0 0 0 0 0 0 0 0 0 0 0 0 0 0 0 0 0 0 0 0 0 0 0 0 0 0 0 0 0 0 0 0 0 0 0 0 0 0 0 0 0 0 0 0 0 0 0 0 0 0 0 0 0 0 0 0 0 0 0 0 0 0 0 0 0 0 0 0 0 0 0 0 0 0 0 0 0 0 0 0 0 0 0 0 0 0 0 0 0 0 0 0 0 0 0 0 0 0 0 0 0 0 0 0 0 0 0 0 0 0 0 0 0 0 0 0 0 0 0 0 0 0 0 0 0 0 0 0 0 0 0 0 0 0 0 0 0 0 0 0 0 0 0 0 0 0 0 0 0 0 0 
0 0 0 1 0 0 0 0 0 0 0 0 
460 498 460 498 472 473 472 466 475 457 481 431 490 367 496 315 500 265 500 228 484 140 469 90 460 34 441 -15 432 -69 420 -118 404 -172 392 -226 386 -265 377 -334 377 -334 377 -334 473 500 473 500 473 500 478 478 485 403 498 342 491 287 491 253 480 154 471 91 443 16 434 -31 430 -67 418 -137 414 -178 409 -222 395 -316 395 -316 395 -316 473 498 484 465 485 458 485 451 491 425 496 376 499 327 499 268 498 230 489 136 475 54 473 9 457 -35 453 -68 445 -134 441 -171 436 -218 427 -289 427 -289 427 -289 427 -289 0 0 12 -25 0 -7 3 -9 6 -26 9 -64 6 -52 4 -50 0 -37 -16 -88 -15 -50 -9 -56 -19 -49 -9 -54 -12 -49 -16 -54 -12 -54 -6 -39 -9 -69 0 0 0 0 96 834 0 0 0 0 5 -22 7 -75 13 -61 -7 -55 0 -34 -11 -99 -9 -63 -28 -75 -9 -47 -4 -36 -12 -70 -4 -41 -5 -44 -14 -94 0 0 0 0 78 814 11 -33 1 -7 0 -7 6 -26 5 -49 3 -49 0 -59 -1 -38 -9 -94 -14 -82 -2 -45 -16 -44 -4 -33 -8 -66 -4 -37 -5 -47 -9 -71 0 0 0 0 0 0 0 0 0 0 0 0 0 0 0 0 0 0 0 0 0 0 0 0 0 0 0 0 0 0 0 0 0 0 0 0 0 0 0 0 0 0 0 0 0 0 0 0 0 0 0 0 0 0 0 0 0 0 0 0 
0 0 0 1 0 0 0 0 0 0 0 0 
499 476 119 498 119 498 147 431 158 365 163 273 165 135 167 70 167 -17 172 -125 178 -210 183 -285 192 -393 196 -448 196 -448 437 499 437 499 458 435 468 368 472 268 475 136 472 72 475 -14 479 -121 483 -203 487 -273 500 -383 442 500 443 474 450 443 457 341 462 233 463 117 465 48 468 -66 475 -153 487 -269 495 -323 499 -387 -380 22 0 0 28 -67 11 -66 5 -92 2 -138 2 -65 0 -87 5 -108 6 -85 5 -75 9 -108 4 -55 0 0 241 947 0 0 21 -64 10 -67 4 -100 3 -132 -3 -64 3 -86 4 -107 4 -82 4 -70 13 -110 -58 883 1 -26 7 -31 7 -102 5 -108 1 -116 2 -69 3 -114 7 -87 12 -116 8 -54 4 -64 0 0 0 0 0 0 0 0 0 0 0 0 0 0 0 0 0 0 0 0 0 0 0 0 0 0 0 0 0 0 0 0 0 0 0 0 0 0 0 0 0 0 0 0 0 0 0 0 0 0 0 0 0 0 0 0 0 0 0 0 0 0 0 0 0 0 0 0 0 0 0 0 0 0 0 0 0 0 0 0 0 0 0 0 0 0 0 0 0 0 0 0 0 0 0 0 0 0 0 0 0 0 0 0 0 0 0 0 0 0 0 0 0 0 0 0 0 0 0 0 0 0 0 0 0 0 0 0 0 0 0 0 0 0 0 0 0 0 0 0 0 0 0 0 0 0 
0 0 0 1 0 0 0 0 0 0 0 0 
42 499 42 499 42 499 58 423 58 408 53 327 51 320 44 255 38 213 33 179 33 145 20 89 8 35 -2 -60 -2 -82 -15 -147 -24 -215 -33 -316 -35 -358 -44 -437 -44 -437 -44 -437 499 -369 499 -376 498 498 472 418 456 375 440 316 437 308 421 258 408 201 403 171 400 134 389 78 381 26 368 -71 366 -93 358 -162 355 -221 342 -318 339 -360 334 -429 500 499 500 499 474 457 472 437 449 369 449 362 445 324 436 261 432 225 424 193 416 133 410 83 397 -15 391 -47 389 -92 383 -160 364 -257 362 -306 362 -369 362 -369 364 -375 0 0 0 0 16 -76 0 -15 -5 -81 -2 -7 -7 -65 -6 -42 -5 -34 0 -34 -13 -56 -12 -54 -10 -95 0 -22 -13 -65 -9 -68 -9 -101 -2 -42 -9 -79 0 0 0 0 543 68 0 -7 -1 874 -26 -80 -16 -43 -16 -59 -3 -8 -16 -50 -13 -57 -5 -30 -3 -37 -11 -56 -8 -52 -13 -97 -2 -22 -8 -69 -3 -59 -13 -97 -3 -42 -5 -69 166 928 0 0 -26 -42 -2 -20 -23 -68 0 -7 -4 -38 -9 -63 -4 -36 -8 -32 -8 -60 -6 -50 -13 -98 -6 -32 -2 -45 -6 -68 -19 -97 -2 -49 0 -63 0 0 2 -6 0 0 0 0 0 0 0 0 0 0 0 0 0 0 0 0 0 0 0 0 0 0 0 0 0 0 0 0 0 0 0 0 0 0 0 0 0 0 0 0 0 0 0 0 0 0 0 0 0 0 
0 0 0 1 0 0 0 0 0 0 0 0 
306 500 306 500 334 422 358 351 370 303 382 248 406 143 418 34 438 -50 466 -139 474 -194 486 -246 486 -269 486 -303 494 -360 498 -383 498 -383 494 -433 482 -463 482 -463 425 498 425 498 440 379 448 307 451 246 458 193 464 68 475 -74 492 -183 498 -267 500 -326 498 -347 498 -371 496 -408 496 -445 496 -448 225 -405 223 -445 222 -453 391 498 415 401 428 334 436 283 445 229 458 125 468 25 479 -48 488 -143 492 -213 494 -245 496 -271 496 -308 496 -373 498 -417 0 0 28 -78 24 -71 12 -48 12 -55 24 -105 12 -109 20 -84 28 -89 8 -55 12 -52 0 -23 0 -34 8 -57 4 -23 0 0 -4 -50 -12 -30 0 0 -57 961 0 0 15 -119 8 -72 3 -61 7 -53 6 -125 11 -142 17 -109 6 -84 2 -59 -2 -21 0 -24 -2 -37 0 -37 0 -3 -271 43 -2 -40 -1 -8 169 951 24 -97 13 -67 8 -51 9 -54 13 -104 10 -100 11 -73 9 -95 4 -70 2 -32 2 -26 0 -37 0 -65 2 -44 0 0 0 0 0 0 0 0 0 0 0 0 0 0 0 0 0 0 0 0 0 0 0 0 0 0 0 0 0 0 0 0 0 0 0 0 0 0 0 0 0 0 0 0 0 0 0 0 0 0 0 0 0 0 0 0 0 0 0 0 0 0 0 0 0 0 0 0 0 0 0 0 0 0 0 0 0 0 0 0 0 0 0 0 0 0 
0 0 0 1 0 0 0 0 0 0 0 0 
490 500 494 476 500 405 498 320 484 242 462 150 444 70 432 16 420 -61 408 -122 396 -188 388 -242 376 -318 370 -349 356 -433 484 498 484 498 492 464 498 411 500 327 495 271 490 184 489 104 486 49 483 -10 481 -70 478 -113 471 -171 454 -248 451 -282 462 -366 469 -391 500 498 -55 494 -55 494 -53 443 -50 370 -58 284 -66 220 -81 141 -92 81 -98 29 -106 -44 -110 -98 -116 -147 -126 -224 -133 -293 -136 -323 -147 -430 -149 -445 486 -398 486 -398 4 -24 6 -71 -2 -85 -14 -78 -22 -92 -18 -80 -12 -54 -12 -77 -12 -61 -12 -66 -8 -54 -12 -76 -6 -31 -14 -84 128 931 0 0 8 -34 6 -53 2 -84 -5 -56 -5 -87 -1 -80 -3 -55 -3 -59 -2 -60 -3 -43 -7 -58 -17 -77 -3 -34 11 -84 7 -25 31 889 -555 -4 0 0 2 -51 3 -73 -8 -86 -8 -64 -15 -79 -11 -60 -6 -52 -8 -73 -4 -54 -6 -49 -10 -77 -7 -69 -3 -30 -11 -107 -2 -15 635 47 0 0 0 0 0 0 0 0 0 0 0 0 0 0 0 0 0 0 0 0 0 0 0 0 0 0 0 0 0 0 0 0 0 0 0 0 0 0 0 0 0 0 0 0 0 0 0 0 0 0 0 0 0 0 0 0 0 0 0 0 0 0 0 0 0 0 0 0 0 0 0 0 0 0 0 0 0 0 0 0 0 0 0 0 0 0 0 0 0 0 0 0 0 0 0 0 
0 0 0 1 0 0 0 0 0 0 0 0 
500 468 153 498 153 473 155 367 157 277 161 183 163 90 169 0 171 -68 178 -193 178 -254 178 -345 184 -448 460 500 462 474 464 369 467 281 467 190 464 97 464 10 498 -82 467 -178 467 -238 478 -364 451 498 453 475 462 374 466 283 470 187 475 75 477 -7 487 -77 498 -212 500 -277 492 -361 -347 30 0 -25 2 -106 2 -90 4 -94 2 -93 6 -90 2 -68 7 -125 0 -61 0 -91 6 -103 276 948 2 -26 2 -105 3 -88 0 -91 -3 -93 0 -87 34 -92 -31 -96 0 -60 11 -126 -27 862 2 -23 9 -101 4 -91 4 -96 5 -112 2 -82 10 -70 11 -135 2 -65 -8 -84 0 0 0 0 0 0 0 0 0 0 0 0 0 0 0 0 0 0 0 0 0 0 0 0 0 0 0 0 0 0 0 0 0 0 0 0 0 0 0 0 0 0 0 0 0 0 0 0 0 0 0 0 0 0 0 0 0 0 0 0 0 0 0 0 0 0 0 0 0 0 0 0 0 0 0 0 0 0 0 0 0 0 0 0 0 0 0 0 0 0 0 0 0 0 0 0 0 0 0 0 0 0 0 0 0 0 0 0 0 0 0 0 0 0 0 0 0 0 0 0 0 0 0 0 0 0 0 0 0 0 0 0 0 0 0 0 0 0 0 0 0 0 0 0 0 0 0 0 0 0 0 0 0 0 0 0 0 0 0 0 0 0 
0 0 0 1 0 0 0 0 0 0 0 0 
88 500 88 500 91 419 61 303 48 220 44 122 44 73 42 -53 42 -137 36 -220 29 -316 25 -392 245 -441 245 -441 500 -355 500 -355 311 498 311 417 294 294 286 223 277 108 277 66 277 -54 275 -132 269 -216 269 -309 254 -378 500 -356 500 -356 499 498 489 411 461 302 450 231 442 125 440 85 442 -23 436 -99 434 -170 428 -262 424 -326 0 0 3 -81 -30 -116 -13 -83 -4 -98 0 -49 -2 -126 0 -84 -6 -83 -7 -96 -4 -76 220 -49 0 0 255 86 0 0 -189 853 0 -81 -17 -123 -8 -71 -9 -115 0 -42 0 -120 -2 -78 -6 -84 0 -93 -15 -69 246 22 0 0 -1 854 -10 -87 -28 -109 -11 -71 -8 -106 -2 -40 2 -108 -6 -76 -2 -71 -6 -92 -4 -64 0 0 0 0 0 0 0 0 0 0 0 0 0 0 0 0 0 0 0 0 0 0 0 0 0 0 0 0 0 0 0 0 0 0 0 0 0 0 0 0 0 0 0 0 0 0 0 0 0 0 0 0 0 0 0 0 0 0 0 0 0 0 0 0 0 0 0 0 0 0 0 0 0 0 0 0 0 0 0 0 0 0 0 0 0 0 0 0 0 0 0 0 0 0 0 0 0 0 0 0 0 0 0 0 0 0 0 0 0 0 0 0 0 0 0 0 0 0 0 0 0 0 0 0 0 0 0 0 0 0 0 0 0 0 0 0 0 0 0 0 0 0 
0 0 0 1 0 0 0 0 0 0 0 0 
447 498 447 498 472 409 493 307 496 212 498 126 493 16 486 -53 481 -161 474 -226 474 -361 493 -450 496 -460 480 500 480 500 485 411 489 302 491 205 497 119 499 8 493 -61 487 -175 485 -230 480 -369 481 -441 481 -447 455 498 482 332 491 226 496 126 497 40 499 -77 494 -143 485 -249 478 -303 471 -358 468 -429 0 0 25 -89 21 -102 3 -95 2 -86 -5 -110 -7 -69 -5 -108 -7 -65 0 -135 19 -89 3 -10 -16 960 0 0 5 -89 4 -109 2 -97 6 -86 2 -111 -6 -69 -6 -114 -2 -55 -5 -139 1 -72 0 -6 -26 945 27 -166 9 -106 5 -100 1 -86 2 -117 -5 -66 -9 -106 -7 -54 -7 -55 -3 -71 0 0 0 0 0 0 0 0 0 0 0 0 0 0 0 0 0 0 0 0 0 0 0 0 0 0 0 0 0 0 0 0 0 0 0 0 0 0 0 0 0 0 0 0 0 0 0 0 0 0 0 0 0 0 0 0 0 0 0 0 0 0 0 0 0 0 0 0 0 0 0 0 0 0 0 0 0 0 0 0 0 0 0 0 0 0 0 0 0 0 0 0 0 0 0 0 0 0 0 0 0 0 0 0 0 0 0 0 0 0 0 0 0 0 0 0 0 0 0 0 0 0 0 0 0 0 0 0 0 0 0 0 0 0 0 0 0 0 0 0 0 0 0 0 0 0 0 0 0 0 0 0 0 0 
0 0 0 1 0 0 0 0 0 0 0 0 
500 500 490 438 478 367 462 276 450 194 445 119 441 37 443 -71 448 -164 448 -319 441 -422 438 -446 -144 500 -144 500 -162 430 -179 376 -190 319 -195 261 -192 178 -187 100 -184 26 -179 -83 -177 -159 -174 -302 -177 -404 -179 -445 498 -369 499 -385 499 -385 479 499 495 412 499 361 499 320 497 248 495 170 492 124 491 46 486 -50 486 -105 484 -237 479 -313 478 -343 138 -465 138 -465 -10 -62 -12 -71 -16 -91 -12 -82 -5 -75 -4 -82 2 -108 5 -93 0 -155 -7 -103 -3 -24 -582 946 0 0 -18 -70 -17 -54 -11 -57 -5 -58 3 -83 5 -78 3 -74 5 -109 2 -76 3 -143 -3 -102 -2 -41 677 76 1 -16 0 0 -20 884 16 -87 4 -51 0 -41 -2 -72 -2 -78 -3 -46 -1 -78 -5 -96 0 -55 -2 -132 -5 -76 -1 -30 -340 -122 0 0 0 0 0 0 0 0 0 0 0 0 0 0 0 0 0 0 0 0 0 0 0 0 0 0 0 0 0 0 0 0 0 0 0 0 0 0 0 0 0 0 0 0 0 0 0 0 0 0 0 0 0 0 0 0 0 0 0 0 0 0 0 0 0 0 0 0 0 0 0 0 0 0 0 0 0 0 0 0 0 0 0 0 0 0 0 0 0 0 0 0 0 0 0 0 0 0 0 0 0 0 0 0 0 0 0 0 0 0 0 0 0 0 0 0 0 0 0 0 0 0 0 0 0 0 0 0 
0 0 0 1 0 0 0 0 0 0 0 0 
486 500 486 500 497 345 500 265 497 125 484 45 476 -72 471 -170 465 -230 465 -300 463 -435 465 -450 468 -460 486 498 486 498 495 280 497 212 499 41 495 -44 494 -195 492 -278 489 -327 487 -366 482 -435 285 -454 464 498 478 374 496 250 498 129 496 15 480 -113 486 -207 484 -245 480 -341 464 -450 0 0 11 -155 3 -80 -3 -140 -13 -80 -8 -117 -5 -98 -6 -60 0 -70 -2 -135 2 -15 3 -10 18 958 0 0 9 -218 2 -68 2 -171 -4 -85 -1 -151 -2 -83 -3 -49 -2 -39 -5 -69 -197 -19 179 952 14 -124 18 -124 2 -121 -2 -114 -16 -128 6 -94 -2 -38 -4 -96 -16 -109 0 0 0 0 0 0 0 0 0 0 0 0 0 0 0 0 0 0 0 0 0 0 0 0 0 0 0 0 0 0 0 0 0 0 0 0 0 0 0 0 0 0 0 0 0 0 0 0 0 0 0 0 0 0 0 0 0 0 0 0 0 0 0 0 0 0 0 0 0 0 0 0 0 0 0 0 0 0 0 0 0 0 0 0 0 0 0 0 0 0 0 0 0 0 0 0 0 0 0 0 0 0 0 0 0 0 0 0 0 0 0 0 0 0 0 0 0 0 0 0 0 0 0 0 0 0 0 0 0 0 0 0 0 0 0 0 0 0 0 0 0 0 0 0 0 0 0 0 0 0 0 0 0 0 0 0 0 0 0 0 0 0 
0 0 0 1 0 0 0 0 0 0 0 0 
-127 498 -127 498 -144 442 -152 389 -160 337 -167 288 -170 257 -177 172 -180 125 -185 38 -188 -33 -190 -123 -193 -158 -196 -212 -201 -268 -209 -322 -214 -380 -221 -436 -224 -465 498 -382 500 -404 198 498 197 474 192 398 190 364 187 304 187 280 180 165 177 119 172 26 170 -47 167 -122 165 -170 160 -232 155 -290 151 -347 146 -402 139 -453 499 -366 500 498 500 498 500 441 495 388 495 365 498 326 495 236 493 183 492 96 492 45 482 -29 478 -80 475 -131 468 -179 464 -236 457 -285 453 -337 0 0 -17 -56 -8 -53 -8 -52 -7 -49 -3 -31 -7 -85 -3 -47 -5 -87 -3 -71 -2 -90 -3 -35 -3 -54 -5 -56 -8 -54 -5 -58 -7 -56 -3 -29 722 83 2 -22 -302 902 -1 -24 -5 -76 -2 -34 -3 -60 0 -24 -7 -115 -3 -46 -5 -93 -2 -73 -3 -75 -2 -48 -5 -62 -5 -58 -4 -57 -5 -55 -7 -51 360 87 1 864 0 0 0 -57 -5 -53 0 -23 3 -39 -3 -90 -2 -53 -1 -87 0 -51 -10 -74 -4 -51 -3 -51 -7 -48 -4 -57 -7 -49 -4 -52 0 0 0 0 0 0 0 0 0 0 0 0 0 0 0 0 0 0 0 0 0 0 0 0 0 0 0 0 0 0 0 0 0 0 0 0 0 0 0 0 0 0 0 0 0 0 0 0 0 0 0 0 0 0 0 0 0 0 0 0 0 0 0 0 0 0 0 0 0 0 0 0 0 0 0 0 0 0 
0 0 0 1 0 0 0 0 0 0 0 0 
498 499 496 478 494 438 482 370 468 279 454 150 446 75 440 8 430 -118 418 -239 404 -330 392 -392 380 -448 193 498 193 498 184 412 184 393 175 335 168 275 164 232 156 134 140 47 134 -11 125 -115 111 -247 108 -287 95 -398 92 -431 499 -405 499 -405 499 -405 499 -412 499 498 494 409 491 390 487 357 474 270 470 223 458 110 457 58 444 -16 441 -94 426 -230 421 -263 408 -341 410 -407 206 -456 206 -456 -2 -21 -2 -40 -12 -68 -14 -91 -14 -129 -8 -75 -6 -67 -10 -126 -12 -121 -14 -91 -12 -62 -12 -56 -187 946 0 0 -9 -86 0 -19 -9 -58 -7 -60 -4 -43 -8 -98 -16 -87 -6 -58 -9 -104 -14 -132 -3 -40 -13 -111 -3 -33 407 26 0 0 0 0 0 -7 0 910 -5 -89 -3 -19 -4 -33 -13 -87 -4 -47 -12 -113 -1 -52 -13 -74 -3 -78 -15 -136 -5 -33 -13 -78 2 -66 -204 -49 0 0 0 0 0 0 0 0 0 0 0 0 0 0 0 0 0 0 0 0 0 0 0 0 0 0 0 0 0 0 0 0 0 0 0 0 0 0 0 0 0 0 0 0 0 0 0 0 0 0 0 0 0 0 0 0 0 0 0 0 0 0 0 0 0 0 0 0 0 0 0 0 0 0 0 0 0 0 0 0 0 0 0 0 0 0 0 0 0 0 0 0 0 0 0 0 0 0 0 0 0 0 0 0 0 0 0 0 0 0 0 0 
0 0 0 1 0 0 0 0 0 0 0 0 
435 500 435 500 458 369 467 312 472 228 475 138 480 51 480 7 480 -102 485 -166 482 -215 487 -307 500 -410 492 -456 492 -456 409 500 456 365 450 292 488 207 494 132 496 49 494 5 498 -101 498 -168 500 -215 498 -303 496 -409 498 -445 498 -445 468 500 482 338 485 290 490 183 493 87 495 -5 496 -53 500 -175 500 -240 498 -288 496 -333 493 -415 493 -429 0 0 23 -131 9 -57 5 -84 3 -90 5 -87 0 -44 0 -109 5 -64 -3 -49 5 -92 13 -103 -8 -46 0 0 -83 956 47 -135 -6 -73 38 -85 6 -75 2 -83 -2 -44 4 -106 0 -67 2 -47 -2 -88 -2 -106 2 -36 0 0 -30 945 14 -162 3 -48 5 -107 3 -96 2 -92 1 -48 4 -122 0 -65 -2 -48 -2 -45 -3 -82 0 -14 0 0 0 0 0 0 0 0 0 0 0 0 0 0 0 0 0 0 0 0 0 0 0 0 0 0 0 0 0 0 0 0 0 0 0 0 0 0 0 0 0 0 0 0 0 0 0 0 0 0 0 0 0 0 0 0 0 0 0 0 0 0 0 0 0 0 0 0 0 0 0 0 0 0 0 0 0 0 0 0 0 0 0 0 0 0 0 0 0 0 0 0 0 0 0 0 0 0 0 0 0 0 0 0 0 0 0 0 0 0 0 0 0 0 0 0 0 0 0 0 0 0 0 0 0 0 0 0 0 0 0 0 0 0 
0 0 0 1 0 0 0 0 0 0 0 0 
496 500 496 500 496 500 496 500 498 409 498 313 496 257 494 189 494 141 492 70 488 2 483 -64 475 -161 468 -234 462 -307 453 -378 444 -440 438 -460 488 498 489 462 489 454 489 454 491 444 500 349 494 288 488 232 479 188 476 151 472 90 469 36 466 -19 463 -88 461 -149 458 -220 457 -276 457 -334 458 -359 460 -381 -81 500 -81 500 -84 463 -84 454 -86 447 -86 447 -96 336 -106 252 -107 225 -112 170 -113 129 -118 72 -121 16 -124 -40 -130 -141 -133 -201 -133 -242 -136 -300 -142 -365 -150 -444 -150 -449 496 -415 500 -427 0 0 0 0 0 0 2 -91 0 -96 -2 -56 -2 -68 0 -48 -2 -71 -4 -68 -5 -66 -8 -97 -7 -73 -6 -73 -9 -71 -9 -62 -6 -20 50 958 1 -36 0 -8 0 0 2 -10 9 -95 -6 -61 -6 -56 -9 -44 -3 -37 -4 -61 -3 -54 -3 -55 -3 -69 -2 -61 -3 -71 -1 -56 0 -58 1 -25 2 -22 -541 881 0 0 -3 -37 0 -9 -2 -7 0 0 -10 -111 -10 -84 -1 -27 -5 -55 -1 -41 -5 -57 -3 -56 -3 -56 -6 -101 -3 -60 0 -41 -3 -58 -6 -65 -8 -79 0 -5 646 34 4 -12 0 0 0 0 0 0 0 0 0 0 0 0 0 0 0 0 0 0 0 0 0 0 0 0 0 0 0 0 0 0 0 0 0 0 0 0 0 0 0 0 0 0 0 0 0 0 0 0 0 0 0 0 0 0 0 0 0 0 
0 0 0 1 0 0 0 0 0 0 0 0 
