0 -317 -8 -298 -16 -282 -32 -225 -45 -188 -55 -140 -58 8 -45 98 -33 146 16 269 73 348 104 377 145 410 177 440 189 447 271 484 348 491 374 489 261 500 283 486 412 388 443 344 458 300 499 214 400 96 400 52 400 52 399 39 400 26 399 -100 393 -168 361 -280 349 -317 337 -375 327 -432 499 500 -348 -343 -348 -343 -352 -315 -381 -223 -388 -198 -398 -132 -397 -6 -363 102 -354 157 -293 287 -249 347 -77 396 -64 411 -75 439 -106 475 -34 494 -10 498 6 496 44 492 82 481 154 396 177 353 236 294 237 234 395 87 395 87 395 87 395 87 395 87 402 -104 401 -157 393 -262 390 -309 367 -383 353 -428 348 -447 500 -411 500 -411 -225 -331 -235 -312 -240 -294 -258 -224 -271 -187 -276 -128 -272 4 -256 111 -251 139 -197 281 -147 351 -150 403 -169 423 -32 454 -2 482 50 493 101 500 101 500 282 475 302 467 378 406 413 364 433 316 487 165 491 124 491 124 500 89 497 54 496 17 497 -56 497 -141 496 -211 491 -251 466 -353 467 -375 466 -393 -8 19 -8 16 -16 57 -13 37 -10 48 -3 148 13 90 12 48 49 123 57 79 31 29 41 33 32 30 12 7 82 37 77 7 26 -2 -113 11 22 -14 129 -98 31 -44 15 -44 41 -86 -99 -118 0 -44 0 0 -1 -13 1 -13 -1 -126 -6 -68 -32 -112 -12 -37 -12 -58 -10 -57 172 932 -847 -843 0 0 -4 28 -29 92 -7 25 
0 0 0 0 0 1 0 0 0 0 0 0 
500 498 -227 -291 -227 -291 -236 -158 -239 -110 -240 -50 -236 29 -215 140 -193 225 -180 266 -143 328 -118 370 -66 427 -11 468 53 498 28 498 23 496 95 457 115 436 184 347 184 342 226 243 232 202 236 151 245 45 252 -59 249 -158 247 -248 243 -301 237 -393 499 -354 499 -363 499 -370 -13 -240 -31 -159 -46 -94 -50 -22 -46 51 -21 168 -8 207 13 281 53 346 88 387 127 418 199 470 240 488 308 500 182 484 311 445 338 425 374 371 409 328 447 211 447 211 458 126 489 11 497 -76 499 -191 497 -236 468 -310 457 -373 -346 -328 -346 -328 -361 -189 -363 -128 -365 -76 -362 -2 -356 78 -325 200 -310 238 -274 292 -245 346 -198 396 -142 439 -90 463 -81 466 220 500 337 461 374 427 403 380 407 371 456 265 459 252 468 166 488 76 496 6 500 -121 500 -159 477 -247 473 -337 339 -425 339 -425 -727 -789 0 0 -9 133 -3 48 -1 60 4 79 21 111 22 85 13 41 37 62 25 42 52 57 55 41 64 30 -25 0 -5 -2 72 -39 20 -21 69 -89 0 -5 42 -99 6 -41 4 -51 9 -106 7 -104 -3 -99 -2 -90 -4 -53 -6 -92 262 39 0 -9 0 -7 -512 130 -18 81 -15 65 -4 72 4 73 25 117 13 39 21 74 40 65 35 41 39 31 72 52 41 18 68 12 -126 -16 129 -39 27 -20 36 -54 35 -43 38 -117 0 0 11 -85 31 -115 8 -87 2 -115 -2 -45 
0 0 0 0 0 1 0 0 0 0 0 0 
-86 -311 -104 -207 -108 -132 -103 -29 -77 128 -69 162 -42 245 -32 271 -9 326 42 416 69 457 85 474 109 489 189 500 224 493 300 472 365 438 424 361 439 346 462 282 484 224 497 153 490 70 489 57 498 -348 498 -348 498 -348 498 -348 498 -348 500 -380 -220 -354 -220 -354 -244 -237 -249 -171 -247 -93 -220 76 -209 131 -185 205 -171 244 -154 284 -99 390 -58 443 -20 475 0 490 77 498 113 492 179 458 233 409 281 343 316 303 338 256 371 191 386 142 396 82 400 53 400 53 426 -106 424 -171 422 -218 414 -290 410 -307 392 -373 389 -386 389 -386 388 -401 376 -443 500 -439 500 -445 -346 -394 -346 -394 -365 -282 -368 -206 -368 -107 -344 56 -324 141 -316 185 -290 246 -270 289 -221 379 -169 459 -158 472 -116 491 -53 500 -2 491 53 459 123 390 164 335 195 293 220 244 235 196 272 113 280 69 286 18 286 18 292 -73 292 -172 288 -236 282 -295 280 -324 273 -358 273 -358 260 -396 252 -428 243 -457 359 -466 359 -466 500 -449 500 -451 -18 104 -4 75 5 103 26 157 8 34 27 83 10 26 23 55 51 90 27 41 16 17 24 15 80 11 35 -7 76 -21 65 -34 59 -77 15 -15 23 -64 22 -58 13 -71 -7 -83 -1 -13 9 -405 0 0 0 0 0 0 0 0 2 -32 -720 26 0 0 -24 117 -5 66 2 78 27 169 11 55 24 74 14 39 17 40 55 106 41 53 38 32 
0 0 0 0 0 1 0 0 0 0 0 0 
-108 -264 -108 -264 -118 -155 -123 -35 -119 2 -105 124 -92 177 -76 264 -47 333 -25 377 12 431 43 460 78 484 109 493 157 500 237 480 288 455 323 435 359 393 398 355 428 313 466 240 490 155 493 120 498 46 490 -28 485 -75 485 -75 292 -148 292 -148 481 -253 481 -253 481 -253 481 -253 486 -273 500 -335 500 -335 498 -337 -356 -339 -366 -205 -366 -75 -363 -39 -357 64 -351 116 -312 242 -300 280 -240 370 -235 384 -189 432 -137 465 -102 483 -54 498 37 463 79 439 111 415 165 359 193 333 224 289 270 214 295 132 299 116 329 44 343 -33 348 -110 349 -152 500 -189 493 -198 349 -205 349 -205 349 -225 347 -245 339 -295 331 -322 470 -322 -234 -309 -240 -202 -240 -69 -239 -28 -221 84 -209 142 -185 240 -154 309 -132 358 -102 398 -44 449 -9 472 23 485 73 498 169 474 213 452 247 425 288 383 329 347 362 302 404 227 440 146 449 118 465 53 475 -17 500 -187 500 -187 488 -218 487 -231 487 -231 484 -247 476 -293 470 -320 0 0 -10 109 -5 120 4 37 14 122 13 53 16 87 29 69 22 44 37 54 31 29 35 24 31 9 48 7 80 -20 51 -25 35 -20 36 -42 39 -38 30 -42 38 -73 24 -85 3 -35 5 -74 -8 -74 -5 -47 0 0 -193 -73 0 0 189 -105 0 0 0 0 0 0 5 -20 14 -62 0 0 -2 -2 -854 -2 -10 134 0 130 3 36 6 103 6 52 
0 0 0 0 0 1 0 0 0 0 0 0 
27 -211 -307 -165 -307 -165 -320 -81 -327 -8 -327 77 -314 146 -271 244 -260 271 -181 366 -176 372 -112 426 -34 479 18 489 98 495 148 500 209 497 253 495 325 474 386 403 410 355 432 274 499 163 495 150 495 150 489 96 489 75 489 75 489 56 490 -31 492 -48 492 -121 495 -186 494 -217 494 -217 494 -217 -89 -168 -89 -168 -108 -81 -117 12 -115 79 -105 209 -67 286 -67 286 -30 366 -14 380 63 465 84 469 155 498 206 498 249 496 309 481 343 479 392 421 414 392 442 318 458 224 467 156 467 156 467 156 412 79 403 57 401 48 401 48 392 -24 391 -45 388 -125 388 -187 499 -349 -263 -140 -254 -72 -248 23 -250 110 -258 187 -187 283 -187 283 -130 373 -132 381 -92 428 -13 475 34 494 87 498 144 492 196 486 200 486 256 439 329 328 326 315 320 262 320 262 320 262 492 -89 492 -89 492 -89 492 -89 498 -194 500 -232 500 -281 498 -330 -334 46 0 0 -13 84 -7 73 0 85 13 69 43 98 11 27 79 95 5 6 64 54 78 53 52 10 80 6 50 5 61 -3 44 -2 72 -21 61 -71 24 -48 22 -81 67 -111 -4 -13 0 0 -6 -54 0 -21 0 0 0 -19 1 -87 2 -17 0 -73 3 -65 -1 -31 0 0 0 0 -583 49 0 0 -19 87 -9 93 2 67 10 130 38 77 0 0 37 80 16 14 77 85 21 4 71 29 51 0 43 -2 60 -15 
0 0 0 0 0 1 0 0 0 0 0 0 
-256 -209 -256 -209 -262 -122 -262 -50 -245 59 -225 114 -206 181 -173 245 -137 302 -121 319 -49 405 3 458 3 458 60 488 115 498 180 498 225 492 299 456 331 418 376 348 411 283 444 221 477 135 483 99 493 25 498 -46 500 -107 498 -183 495 -270 492 -315 -102 -246 -102 -246 -115 -185 -124 -142 -129 -100 -136 -34 -129 38 -119 114 -101 170 -83 234 -49 293 -32 325 27 406 54 438 60 448 103 482 140 495 172 500 232 491 294 470 335 440 365 385 416 308 434 270 470 176 479 121 488 59 495 -8 499 -82 496 -151 495 -234 491 -282 492 -304 -398 -285 -398 -285 -398 -285 -411 -226 -419 -178 -424 -132 -426 -54 -425 14 -415 94 -398 157 -372 224 -340 287 -321 314 -259 392 -215 448 -198 465 -167 484 -129 492 -74 498 -18 496 39 482 77 440 116 375 159 297 176 247 210 159 224 102 229 58 236 -37 237 -94 236 -161 231 -245 224 -293 221 -312 500 -308 500 -308 0 0 -6 87 0 72 17 109 20 55 19 67 33 64 36 57 16 17 72 86 52 53 0 0 57 30 55 10 65 0 45 -6 74 -36 32 -38 45 -70 35 -65 33 -62 33 -86 6 -36 10 -74 5 -71 2 -61 -2 -76 -3 -87 -3 -45 -594 69 0 0 -13 61 -9 43 -5 42 -7 66 7 72 10 76 18 56 18 64 34 59 17 32 59 81 27 32 6 10 43 34 37 13 32 5 60 -9 62 -21 41 -30 30 -55 
0 0 0 0 0 1 0 0 0 0 0 0 
-307 -219 -294 -217 -266 -204 -248 -194 -232 -141 -228 -71 -225 75 -225 128 -227 196 -162 286 -114 394 -39 466 -38 468 18 495 64 500 132 497 184 493 263 464 344 398 362 375 385 345 409 295 472 202 473 189 473 59 499 -84 489 -164 480 -234 480 -253 480 -253 480 -253 -126 -94 -126 -94 -129 124 -127 174 -121 248 -99 301 -37 420 -1 457 7 462 78 494 122 498 174 494 240 478 287 455 346 397 392 351 404 331 442 245 462 183 466 149 491 -2 500 -124 492 -250 487 -298 486 -314 -316 -121 -317 -100 -324 88 -316 165 -265 274 -261 289 -180 417 -116 471 -115 475 -54 494 20 498 81 498 156 496 255 467 324 406 365 379 397 333 408 312 469 205 469 205 492 81 500 -27 498 -155 496 -211 13 2 28 13 18 10 16 53 4 70 3 146 0 53 -2 68 65 90 48 108 75 72 1 2 56 27 46 5 68 -3 52 -4 79 -29 81 -66 18 -23 23 -30 24 -50 63 -93 1 -13 0 -130 26 -143 -10 -80 -9 -70 0 -19 0 0 0 0 -606 159 0 0 -3 218 2 50 6 74 22 53 62 119 36 37 8 5 71 32 44 4 52 -4 66 -16 47 -23 59 -58 46 -46 12 -20 38 -86 20 -62 4 -34 25 -151 9 -122 -8 -126 -5 -48 -1 -16 -802 193 -1 21 -7 188 8 77 51 109 4 15 81 128 64 54 1 4 61 19 74 4 61 0 75 -2 99 -29 69 -61 
0 0 0 0 0 1 0 0 0 0 0 0 
-411 -238 -411 -238 -414 -183 -414 -50 -410 19 -399 109 -369 228 -334 308 -288 380 -265 433 -236 469 -178 494 -156 498 121 471 141 473 168 473 249 458 358 374 395 329 416 279 442 236 465 162 471 101 488 21 496 -46 499 -107 490 -247 482 -291 480 -340 478 -355 477 -361 477 -361 -97 -237 -98 -205 -93 -90 -81 10 -72 67 -25 205 -6 252 47 344 82 378 97 394 140 436 172 455 67 485 86 485 41 500 239 470 328 357 367 317 385 283 420 226 450 132 454 109 486 16 493 -79 497 -111 500 -252 474 -308 458 -371 456 -384 456 -384 -241 -197 -203 -71 -195 -4 -184 67 -124 210 -97 264 -30 350 9 382 24 401 94 457 134 476 155 500 320 401 337 380 382 315 408 268 457 184 465 149 481 56 488 2 499 -56 481 -226 478 -256 468 -321 0 0 -3 55 0 133 4 69 11 90 30 119 35 80 46 72 23 53 29 36 58 25 22 4 277 -27 20 2 27 0 81 -15 109 -84 37 -45 21 -50 26 -43 23 -74 6 -61 17 -80 8 -67 3 -61 -9 -140 -8 -44 -2 -49 -2 -15 -1 -6 0 0 -574 124 -1 32 5 115 12 100 9 57 47 138 19 47 53 92 35 34 15 16 43 42 32 19 -105 30 19 0 -45 15 198 -30 89 -113 39 -40 18 -34 35 -57 30 -94 4 -23 32 -93 7 -95 4 -32 3 -141 -26 -56 -16 -63 -2 -13 0 0 -697 187 38 126 8 67 
0 0 0 0 0 1 0 0 0 0 0 0 
-56 -330 -317 -366 -329 -348 -349 -278 -353 -217 -355 -122 -350 -22 -358 38 -362 52 -362 67 -353 201 -325 307 -317 332 -272 414 -239 457 -203 500 98 445 98 445 107 450 129 452 202 445 258 418 298 386 337 355 380 291 410 253 436 190 459 147 475 76 491 4 496 -36 499 -176 494 -316 483 -389 483 -389 89 -341 72 -326 44 -262 33 -202 23 -125 18 -51 19 -17 19 -17 21 4 44 155 74 219 106 272 174 332 220 360 252 379 8 473 3 479 3 479 11 492 86 498 199 460 252 430 268 417 361 332 381 317 421 262 459 215 482 159 490 117 495 78 499 -66 490 -234 457 -349 457 -349 -217 66 -217 66 -217 66 -165 250 -161 274 -156 301 -99 389 -28 445 -27 453 37 498 37 498 37 498 37 498 151 496 220 464 277 426 290 413 366 338 397 299 424 250 486 156 489 141 493 107 494 66 499 -102 499 -246 499 -344 -261 -36 -12 18 -20 70 -4 61 -2 95 5 100 -8 60 -4 14 0 15 9 134 28 106 8 25 45 82 33 43 36 43 301 -55 0 0 9 5 22 2 73 -7 56 -27 40 -32 39 -31 43 -64 30 -38 26 -63 23 -43 16 -71 16 -72 5 -40 3 -140 -5 -140 -11 -73 0 0 -394 48 -17 15 -28 64 -11 60 -10 77 -5 74 1 34 0 0 2 21 23 151 30 64 32 53 68 60 46 28 32 19 -244 94 -5 6 0 0 8 13 75 6 
0 0 0 0 0 1 0 0 0 0 0 0 
-158 -308 -158 -225 -158 -160 -140 -16 -120 44 -92 162 -67 223 -8 343 9 358 120 485 350 500 350 500 395 455 440 381 456 337 466 301 491 227 498 113 500 54 490 -88 486 -105 461 -189 445 -253 435 -295 417 -356 -88 -324 -88 -324 -88 -247 -90 -177 -77 -44 -71 8 -48 139 -30 201 17 324 28 343 86 444 -32 495 -9 500 -9 500 349 497 370 487 440 425 454 394 471 353 486 290 495 237 500 127 500 63 495 -93 493 -110 492 -146 474 -245 467 -283 456 -341 454 -355 -363 -308 -363 -308 -367 -228 -367 -142 -360 -23 -353 54 -329 159 -313 228 -252 377 -248 385 -187 482 121 450 139 465 166 484 166 484 245 496 280 498 331 496 364 492 294 492 294 492 327 442 380 371 394 318 398 291 402 230 411 119 412 33 406 -123 404 -138 403 -174 380 -276 367 -312 355 -362 354 -375 499 -358 499 -358 0 83 0 65 18 144 20 60 28 118 25 61 59 120 17 15 111 127 230 15 0 0 45 -45 45 -74 16 -44 10 -36 25 -74 7 -114 2 -59 -10 -142 -4 -17 -25 -84 -16 -64 -10 -42 -18 -61 -505 32 0 0 0 77 -2 70 13 133 6 52 23 131 18 62 47 123 11 19 58 101 -118 51 23 5 0 0 358 -3 21 -10 70 -62 14 -31 17 -41 15 -63 9 -53 5 -110 0 -64 -5 -156 -2 -17 -1 -36 -18 -99 -7 -38 -11 -58 -2 -14 -817 47 0 0 -4 80 0 86 
0 0 0 0 0 1 0 0 0 0 0 0 
-157 -228 -157 -228 -157 -207 -157 -196 -157 -186 -157 -161 -158 -37 -157 62 -137 202 -113 265 -96 328 -83 384 -83 384 -83 384 -91 497 -91 497 -91 497 202 414 213 418 254 428 289 435 356 430 411 422 456 418 499 412 226 500 246 487 285 443 297 374 306 282 376 175 371 165 374 56 493 18 493 18 493 18 -66 -170 -66 -170 -66 -170 -66 -170 -76 -50 -74 37 -50 201 -40 225 -24 304 3 358 18 391 -90 498 -90 498 -90 498 420 428 424 417 437 378 462 284 477 190 477 190 500 0 500 498 -305 -257 -305 -232 -305 -208 -305 -189 -305 -170 -304 -21 -304 55 -296 226 -253 298 -250 339 -248 356 -248 356 29 383 71 417 89 426 105 428 389 428 310 498 310 498 308 479 319 339 335 270 342 238 359 68 500 -40 500 -40 0 0 0 21 0 11 0 10 0 25 -1 124 1 99 20 140 24 63 17 63 13 56 0 0 0 0 -8 113 0 0 0 0 293 -83 11 4 41 10 35 7 67 -5 55 -8 45 -4 43 -6 -273 88 20 -13 39 -44 12 -69 9 -92 70 -107 -5 -10 3 -109 119 -38 0 0 0 0 -559 -188 0 0 0 0 0 0 -10 120 2 87 24 164 10 24 16 79 27 54 15 33 -108 107 0 0 0 0 510 -70 4 -11 13 -39 25 -94 15 -94 0 0 23 -190 0 498 -805 -755 0 25 0 24 0 19 0 19 1 149 0 76 8 171 43 72 
0 0 0 0 0 1 0 0 0 0 0 0 
-313 -289 -313 -289 -313 -270 -315 -103 -313 -25 -309 61 -295 164 -265 215 -250 272 -212 345 -191 400 -143 459 -112 483 -86 497 -55 500 -38 500 -38 500 142 487 200 455 213 436 213 436 213 436 153 352 182 301 202 202 211 156 227 109 245 8 248 -103 248 -177 245 -278 243 -337 364 -362 364 -367 499 -345 499 -345 -37 -280 -38 -261 -46 -138 -49 -4 -42 44 -18 142 -11 165 25 261 54 340 86 391 110 434 142 465 163 478 195 491 212 493 85 500 85 500 76 495 380 423 380 423 383 412 415 365 433 312 472 202 475 191 485 117 491 17 494 -102 496 -155 496 -251 499 -317 500 500 500 500 485 495 -194 -286 -195 -267 -201 -122 -199 -14 -192 38 -175 141 -153 205 -132 261 -93 336 -63 389 -34 430 9 479 49 496 49 496 49 496 212 498 242 498 330 468 248 411 248 411 248 411 248 411 302 291 334 184 343 141 352 98 363 2 367 -113 368 -197 367 -274 364 -342 499 -329 499 -340 0 0 0 19 -2 167 2 78 4 86 14 103 30 51 15 57 38 73 21 55 48 59 31 24 26 14 31 3 17 0 0 0 180 -13 58 -32 13 -19 0 0 0 0 -60 -84 29 -51 20 -99 9 -46 16 -47 18 -101 3 -111 0 -74 -3 -101 -2 -59 121 -25 0 -5 135 22 0 0 -536 65 -1 19 -8 123 -3 134 7 48 24 98 7 23 36 96 29 79 32 51 24 43 32 31 
0 0 0 0 0 1 0 0 0 0 0 0 
-361 -252 -361 -252 -366 -157 -365 -75 -361 16 -355 79 -330 170 -306 260 -277 334 -231 428 -197 472 -142 493 -108 495 48 495 75 495 -18 500 213 474 251 439 281 397 308 338 328 268 352 205 358 161 370 69 372 -8 372 -96 372 -180 373 -300 373 -315 500 -300 -241 -240 -241 -240 -241 -164 -230 -63 -223 14 -217 50 -203 143 -167 257 -147 310 -96 405 -55 462 7 493 36 500 141 495 180 500 115 500 121 493 132 459 148 419 205 310 207 280 212 244 221 175 251 71 252 10 251 -94 248 -172 230 -318 500 -299 -83 -210 -90 -124 -90 -69 -78 23 -70 82 -56 162 -31 259 -3 339 35 413 65 462 108 489 141 495 218 500 308 487 375 457 390 445 441 354 450 312 460 284 483 217 495 122 497 25 498 -14 500 -145 500 -265 0 0 -5 95 1 82 4 91 6 63 25 91 24 90 29 74 46 94 34 44 55 21 34 2 156 0 27 0 -93 5 231 -26 38 -35 30 -42 27 -59 20 -70 24 -63 6 -44 12 -92 2 -77 0 -88 0 -84 1 -120 0 -15 127 15 -741 60 0 0 0 76 11 101 7 77 6 36 14 93 36 114 20 53 51 95 41 57 62 31 29 7 105 -5 39 5 -65 0 6 -7 11 -34 16 -40 57 -109 2 -30 5 -36 9 -69 30 -104 1 -61 -1 -104 -3 -78 -18 -146 270 19 -583 89 -7 86 0 55 12 92 8 59 14 80 25 97 28 80 
0 0 0 0 0 1 0 0 0 0 0 0 
-294 -290 -294 -290 -311 -226 -332 -147 -332 -147 -343 -57 -343 -57 -350 28 -348 46 -315 270 -306 296 -270 367 -254 397 -196 448 -152 476 -125 490 -78 498 -41 492 -20 483 34 454 100 419 144 378 165 358 212 305 235 261 278 153 286 92 290 41 294 -39 290 -162 271 -285 263 -320 263 -320 500 -439 500 -439 -23 -259 -23 -259 -42 -187 -51 -158 -51 -158 -81 7 -83 21 -84 60 -88 170 -69 262 -42 341 -15 394 7 425 59 478 85 487 120 500 163 497 197 483 227 478 254 456 327 391 362 358 395 317 431 257 458 192 488 69 493 12 499 -81 499 -149 494 -257 482 -348 442 -432 442 -432 -162 -194 -162 -194 -124 -127 -220 6 -220 6 -221 28 -145 229 -140 279 -85 402 -85 409 -28 474 27 493 32 500 132 493 155 487 158 487 225 445 288 402 350 352 354 346 422 266 427 246 500 90 498 60 498 -2 498 -116 500 -222 440 -337 440 -344 0 0 -17 64 -21 79 0 0 -11 90 0 0 -7 85 2 18 33 224 9 26 36 71 16 30 58 51 44 28 27 14 47 8 37 -6 21 -9 54 -29 66 -35 44 -41 21 -20 47 -53 23 -44 43 -108 8 -61 4 -51 4 -80 -4 -123 -19 -123 -8 -35 0 0 237 -119 0 0 -523 180 0 0 -19 72 -9 29 0 0 -30 165 -2 14 -1 39 -4 110 19 92 27 79 27 53 22 31 52 53 26 9 35 13 43 -3 34 -14 30 -5 
0 0 0 0 0 1 0 0 0 0 0 0 
-32 -166 -314 -224 -315 -197 -315 -107 -313 -20 -303 98 -295 150 -264 238 -236 312 -213 361 -175 411 -157 429 -135 456 -106 478 -46 498 21 467 57 440 91 393 126 350 149 310 185 224 195 182 208 89 213 33 218 -56 219 -112 220 -229 220 -269 368 -271 368 -271 500 -314 500 -314 -191 -196 -191 -176 -190 -90 -184 -9 -174 110 -156 176 -137 242 -102 323 -80 368 -42 420 -27 443 6 470 31 484 82 500 136 486 189 452 230 407 260 366 290 325 313 262 328 192 350 106 364 24 365 -18 365 -88 365 -196 368 -269 500 -300 500 -312 -32 -170 -32 -146 -32 -66 -27 35 -10 166 -2 192 15 263 47 339 77 392 120 447 126 456 141 467 174 490 209 498 293 476 347 430 377 392 406 350 423 323 449 237 457 203 484 104 489 48 492 13 497 -66 500 -172 500 -292 -282 -58 -1 27 0 90 2 87 10 118 8 52 31 88 28 74 23 49 38 50 18 18 22 27 29 22 60 20 67 -31 36 -27 34 -47 35 -43 23 -40 36 -86 10 -42 13 -93 5 -56 5 -89 1 -56 1 -117 0 -40 148 -2 0 0 132 -43 0 0 -691 118 0 20 1 86 6 81 10 119 18 66 19 66 35 81 22 45 38 52 15 23 33 27 25 14 51 16 54 -14 53 -34 41 -45 30 -41 30 -41 23 -63 15 -70 22 -86 14 -82 1 -42 0 -70 0 -108 3 -73 132 -31 0 -12 -532 142 0 24 
0 0 0 0 0 1 0 0 0 0 0 0 
