-138 463 -138 463 -133 427 -133 404 -122 295 -122 281 -122 281 -158 295 -161 284 -171 263 -177 154 -172 97 -139 50 -69 100 0 145 18 168 84 243 128 297 171 343 227 413 245 429 245 429 232 236 232 236 237 240 278 281 278 281 295 300 301 306 327 325 327 325 369 338 500 500 500 500 500 500 500 500 500 500 482 329 471 236 466 109 466 77 466 0 455 -47 455 -145 449 -159 449 -159 -307 318 -307 318 -299 280 -284 193 -276 146 -275 129 -273 89 -272 69 -270 -4 -262 -120 -259 -182 -240 -218 -148 -164 -91 -111 -62 -77 -19 -40 39 24 76 66 137 135 157 158 212 220 360 329 304 498 304 498 304 498 304 498 324 496 324 496 344 496 
0 0 0 0 1 0 
500 499 -153 438 -144 274 -140 154 -137 33 -134 -36 -128 -190 -126 -250 -121 -338 -87 -320 -71 -296 -6 -160 39 -63 72 -27 47 6 88 111 160 250 191 314 242 389 260 429 293 477 324 498 366 425 381 259 381 259 386 45 385 -75 384 -241 384 -296 386 -416 500 -386 -202 500 -202 500 -205 334 -209 257 -206 170 -200 91 -198 17 -192 -63 -189 -163 -174 -242 -144 -234 -102 -185 -57 -129 -4 -55 28 -8 130 93 181 180 259 268 292 317 334 357 353 380 387 417 429 440 471 374 484 265 488 234 488 123 491 31 485 -68 485 -131 483 -148 500 -289 492 -291 492 -291 -274 460 -284 239 -284 171 -278 40 -278 -40 -266 -160 -264 -302 -258 -389 -234 -444 -221 -444 
0 0 0 0 1 0 
499 498 -48 372 -57 199 -62 157 -58 53 -58 -97 -61 -145 -55 -219 -58 -289 -57 -303 -54 -321 -5 -319 76 -226 82 -217 89 -173 152 -108 180 -60 233 71 262 157 300 212 339 273 344 280 385 344 403 377 466 467 500 490 490 500 467 467 467 467 428 298 441 236 441 236 477 -16 477 -16 472 -48 473 -76 473 -76 469 -101 462 -212 465 -259 463 -296 469 -377 -203 357 -203 357 -209 175 -211 125 -211 30 -209 -120 -206 -175 -204 -279 -204 -334 -200 -376 -186 -440 -142 -407 -105 -357 -98 -345 -55 -281 -29 -225 26 -142 69 -56 114 42 146 99 207 187 211 215 221 255 272 350 307 405 458 490 459 490 470 500 498 500 500 497 382 383 382 383 378 263 
0 0 0 0 1 0 
-85 390 -85 390 -85 390 -129 274 -138 239 -148 170 -163 90 -163 90 -318 -60 -318 -60 -321 -101 -326 -231 -326 -231 -326 -231 -326 -311 -320 -347 -213 -384 -216 -384 -163 -399 -110 -371 -69 -295 -27 -248 -14 -235 40 -142 101 -60 164 30 164 30 212 97 251 155 251 155 260 170 282 192 317 220 317 220 379 339 385 308 388 302 410 498 401 352 403 267 401 146 401 146 404 32 425 -345 419 -382 417 -429 499 -282 496 -341 -173 219 -173 219 -210 53 -210 40 -225 -20 -250 -147 -257 -186 -270 -300 -270 -300 -271 -336 -270 -405 -270 -405 -216 -275 -215 -354 -215 -378 -235 -358 -37 -154 26 -67 47 -20 52 15 109 94 176 172 238 262 238 262 287 331 287 331 358 401 
0 0 0 0 1 0 
-82 498 -82 498 -106 393 -115 264 -123 166 -125 124 -140 17 -129 -75 -121 -136 -116 -190 -115 -205 -78 -312 -18 -256 -2 -215 66 -97 71 -88 41 -259 60 -222 85 -158 127 -90 166 56 174 73 248 224 251 251 262 303 293 369 293 369 301 388 309 403 317 413 353 430 369 425 382 396 393 364 405 317 420 281 422 239 430 183 434 83 434 -19 435 -122 434 -227 439 -320 441 -403 499 -268 499 -268 499 -268 -159 155 -159 155 -169 45 -173 -104 -181 -181 -184 -196 -184 -299 -185 -329 -179 -382 -167 -432 -224 -229 -197 -277 -35 -436 -35 -436 -35 -436 -20 -410 12 -8 18 32 63 122 70 146 133 281 138 299 198 421 204 460 211 500 211 500 364 480 470 489 
0 0 0 0 1 0 
-126 438 -126 438 -126 330 -124 195 -128 93 -136 -84 -140 -228 -140 -307 -139 -412 -136 -406 -210 -140 -205 -184 -69 -409 -69 -409 -69 -409 -52 -385 100 -64 171 108 216 201 223 213 255 292 287 368 327 456 347 488 368 500 405 435 429 298 449 204 461 96 471 -38 478 -160 482 -239 499 -418 433 -216 429 -374 -63 442 -63 442 -71 365 -81 263 -95 188 -108 61 -110 -24 -114 -126 -116 -207 -116 -236 -116 -236 -107 -298 -81 -298 -29 -230 -29 -230 2 -128 118 73 199 207 239 278 241 292 276 331 297 398 339 433 376 493 393 500 414 455 435 389 464 261 470 192 476 88 480 6 480 -28 499 -245 491 -283 480 -411 478 -424 478 -424 -162 471 -159 353 -165 276 
0 0 0 0 1 0 
-158 16 -160 -61 -160 -211 -160 -302 -160 -362 -94 -286 -29 -201 53 -41 51 -41 59 -22 59 -22 147 89 168 137 168 137 197 208 272 279 395 456 460 497 465 500 487 495 393 350 393 350 492 151 437 2 437 2 437 2 481 -291 486 -311 497 -426 499 -428 499 -428 499 -222 -60 185 -60 75 -61 -42 -63 -141 -63 -202 -1 -136 63 -49 133 75 137 91 128 101 120 101 208 225 208 225 208 225 267 345 346 440 469 498 475 484 396 14 500 249 500 249 431 -7 441 -35 450 -129 453 -150 455 -174 208 467 500 498 -134 374 -150 360 -166 300 -174 258 -179 256 -184 202 -192 93 -192 -11 -192 -93 -89 6 -89 6 -4 138 -5 175 0 204 0 204 
0 0 0 0 1 0 
2 500 2 500 500 73 -145 464 -145 464 -145 400 -146 259 -145 135 -143 -2 -143 -25 -140 -80 -140 -80 -140 -129 -140 -153 -137 -298 -137 -319 -137 -340 -137 -387 -137 -405 -122 -441 -96 -420 -27 -332 29 -257 112 -132 120 -119 182 -31 182 -31 263 366 263 366 459 345 459 345 459 345 482 470 490 498 499 441 496 345 492 285 492 181 489 23 489 23 489 23 489 -2 495 -62 483 -192 483 -192 469 -233 -101 471 -44 147 -45 76 -47 60 -47 60 -47 60 -41 -56 -41 -56 -41 -56 -47 -226 -98 -176 -98 -176 -101 -178 -102 -180 -102 -186 -71 -167 -25 -115 74 0 112 67 131 97 131 97 248 -28 298 117 298 117 310 121 482 500 477 478 477 478 455 256 
0 0 0 0 1 0 
-145 267 -145 267 -145 267 -194 26 -207 -21 -211 -132 -211 -156 -212 -243 -213 -280 -215 -380 -211 -391 -4 -433 -4 -433 13 -399 13 -399 94 15 94 103 94 103 164 238 164 238 218 317 290 441 318 460 331 500 447 468 491 470 497 476 499 478 499 481 493 484 495 473 486 455 423 259 423 259 419 230 419 230 415 142 412 76 408 -66 407 -84 404 -291 -153 498 -153 498 -181 426 -215 276 -216 246 -220 133 -220 111 -224 46 -224 -2 -223 -125 -223 -213 -223 -227 -218 -292 -218 -295 -199 -331 -180 -329 -88 -225 -81 -213 -59 -193 1 -92 1 -92 33 -29 169 -104 169 -104 192 -79 243 14 247 43 306 111 364 261 420 305 425 314 384 205 384 205 386 208 
0 0 0 0 1 0 
-281 499 -281 499 -278 416 -278 351 -273 208 -270 122 -266 62 -266 62 -238 -90 -221 -167 -221 -167 -214 -214 -214 -214 -214 -214 -216 -229 -216 -227 -161 -124 -128 -62 -128 -62 -128 -62 238 83 238 83 201 154 201 154 216 158 230 178 230 178 246 223 250 259 419 381 330 379 330 379 442 429 459 446 393 474 393 474 482 446 487 403 493 266 499 225 494 141 497 57 394 -120 394 -120 394 -145 393 -182 393 -253 394 -300 399 -377 404 -422 404 -422 482 -386 482 -392 480 -401 -147 464 -142 363 -140 303 -133 131 -131 94 -130 30 -10 -34 -5 -66 -50 -232 -50 -232 -50 -232 -50 -232 20 -221 18 -236 67 -178 100 -135 114 -103 142 -64 70 -32 139 58 139 58 
0 0 0 0 1 0 
260 44 499 500 -137 -423 -167 -462 197 -75 197 -75 62 -21 178 163 313 248 239 379 251 403 290 481 290 481 467 498 466 377 467 299 473 150 492 -21 500 -347 498 -372 497 -433 497 -437 -232 331 -232 331 -232 331 -240 164 -240 107 -240 11 -240 -116 -239 -219 -240 -239 -237 -315 -227 -401 -227 -401 -137 -426 -165 -463 32 -420 -127 -399 32 -420 136 -162 124 -146 124 -146 197 -100 311 123 174 155 177 171 358 324 358 324 358 324 280 399 411 417 363 468 363 468 350 495 349 500 349 500 352 481 356 326 349 216 347 168 339 -9 492 -50 489 -61 494 -196 482 -235 491 -267 500 -337 302 -328 300 -385 299 -442 299 -442 497 -440 -168 420 -168 420 -162 391 
0 0 0 0 1 0 
-39 492 -169 498 -170 469 -170 397 -174 317 -176 236 -177 158 -176 59 -180 6 -178 -69 -196 -183 -192 -221 -184 -260 -104 -122 -98 -112 -36 -14 25 90 81 194 86 207 120 257 147 304 147 304 201 372 246 403 262 405 262 405 281 264 281 226 279 97 276 50 271 -63 269 -84 266 -145 262 -224 261 -262 257 -342 241 -418 403 -435 403 -435 500 -395 500 -395 83 497 -40 500 -41 465 -43 353 -44 312 -45 206 -45 134 -45 27 -45 -34 -45 -93 -50 -195 -50 -234 -48 -259 20 -144 81 -95 125 -2 152 85 217 193 244 212 267 265 267 265 332 334 333 353 372 380 391 389 494 355 491 308 490 212 500 85 402 8 402 8 402 -10 398 -129 397 -263 
0 0 0 0 1 0 
-115 498 -115 498 -97 407 -96 299 -94 246 -94 157 -92 110 -92 27 -88 -55 -99 -95 -105 -174 -101 -254 -111 -312 -115 -335 -111 -363 -111 -363 -104 -365 -60 -333 -19 -248 35 -176 35 -176 50 -104 104 -14 158 76 160 110 165 148 222 237 278 329 322 386 332 401 433 384 424 380 411 356 407 339 398 250 397 138 396 -61 396 -212 396 -299 392 -384 388 -447 388 -447 259 -428 259 -428 499 -447 29 498 29 498 30 399 31 298 34 261 36 161 36 118 35 30 31 -53 22 -92 19 -170 20 -250 15 -291 13 -319 16 -352 19 -356 25 -358 52 -334 125 -209 146 -172 146 -172 167 -105 218 -12 261 82 273 114 279 146 327 241 390 352 411 382 433 399 
0 0 0 0 1 0 
499 500 -223 498 -223 498 -226 396 -228 327 -228 218 -223 130 -214 45 -167 -90 -132 -128 -153 -149 -168 -171 -52 -228 -50 -330 -49 -375 -4 -289 -2 -273 66 -116 66 -116 66 -116 8 -19 190 163 194 197 194 197 257 285 257 285 314 432 314 432 368 413 372 365 370 90 368 -9 366 -106 365 -199 364 -334 364 -334 358 -434 499 -434 499 -434 90 498 71 418 59 330 58 261 64 121 77 4 97 -218 109 -349 112 -377 174 -301 199 -232 -4 -137 -4 -137 329 -2 125 140 125 140 456 268 499 339 253 410 253 410 275 415 316 308 329 42 332 -57 335 -149 338 -244 339 -334 339 -382 342 -444 -126 500 -126 500 -125 413 -122 339 -121 234 -124 138 -126 74 
0 0 0 0 1 0 
499 499 -108 497 -108 382 -110 297 -106 230 -106 117 -106 71 -106 0 -104 -99 -104 -158 -104 -202 -103 -306 -102 -336 -100 -347 -96 -352 -50 -299 24 -218 24 -186 32 -147 55 -112 91 -6 153 103 162 135 217 191 222 251 282 357 282 357 282 357 282 357 299 382 322 423 404 499 404 499 404 499 404 499 404 499 474 444 474 444 474 444 474 444 471 228 472 76 471 -25 499 -239 483 -258 483 -258 471 -375 -279 495 -279 495 -279 376 -271 298 -265 229 -262 136 -256 88 -258 6 -262 -75 -256 -153 -254 -205 -249 -303 -247 -335 -246 -352 -243 -354 -200 -294 -176 -235 -119 -136 -116 -119 -108 -95 -58 10 -35 51 3 142 3 142 93 303 93 303 106 326 119 354 
0 0 0 0 1 0 
