499 295 499 295 463 345 444 352 388 345 339 338 267 352 173 429 122 464 104 464 66 485 -11 500 -54 492 -102 500 -164 500 -181 500 -188 500 -205 485 -209 478 500 420 466 415 428 399 385 382 337 365 247 390 129 453 90 453 81 453 28 470 -71 500 -110 478 -169 478 -221 478 -260 495 -271 495 -274 491 500 441 462 424 423 410 312 420 186 444 155 424 121 414 44 427 -66 447 -105 430 -186 427 -254 461 -303 491 -315 498 0 0 -36 50 -19 7 -56 -7 -49 -7 -72 14 -94 77 -51 35 -18 0 -38 21 -77 15 -43 -8 -48 8 -62 0 -17 0 -7 0 -17 -15 -4 -7 709 -58 -34 -5 -38 -16 -43 -17 -48 -17 -90 25 -118 63 -39 0 -9 0 -53 17 -99 30 -39 -22 -59 0 -52 0 -39 17 -11 0 -3 -4 774 -50 -38 -17 -39 -14 -111 10 -126 24 -31 -20 -34 -10 -77 13 -110 20 -39 -17 -81 -3 -68 34 -49 30 -12 7 0 0 0 0 0 0 0 0 0 0 0 0 0 0 0 0 0 0 0 0 0 0 0 0 0 0 0 0 0 0 0 0 0 0 0 0 0 0 0 0 0 0 0 0 0 0 0 0 0 0 0 0 0 0 0 0 0 0 0 0 0 0 0 0 0 0 0 0 0 0 0 0 0 0 0 0 0 0 0 0 0 0 0 0 0 0 0 0 0 0 0 0 0 0 0 0 0 0 0 0 0 0 
1 0 0 0 0 0 0 0 0 0 0 0 
499 416 499 416 459 385 438 378 397 385 348 403 304 409 284 416 214 440 169 453 116 472 61 484 8 496 -46 496 -103 490 -124 496 -167 496 -185 496 -185 496 500 446 476 443 440 443 389 446 326 448 273 454 250 451 142 457 118 460 42 474 -24 482 -101 482 -159 485 -220 488 -245 488 -291 497 -322 500 500 467 475 467 438 455 394 467 336 471 285 483 264 475 190 463 150 471 90 467 29 475 -31 483 -99 491 -160 475 -190 500 -223 500 0 0 -40 -31 -21 -7 -41 7 -49 18 -44 6 -20 7 -70 24 -45 13 -53 19 -55 12 -53 12 -54 0 -57 -6 -21 6 -43 0 -18 0 0 0 685 -50 -24 -3 -36 0 -51 3 -63 2 -53 6 -23 -3 -108 6 -24 3 -76 14 -66 8 -77 0 -58 3 -61 3 -25 0 -46 9 -31 3 822 -33 -25 0 -37 -12 -44 12 -58 4 -51 12 -21 -8 -74 -12 -40 8 -60 -4 -61 8 -60 8 -68 8 -61 -16 -30 25 -33 0 0 0 0 0 0 0 0 0 0 0 0 0 0 0 0 0 0 0 0 0 0 0 0 0 0 0 0 0 0 0 0 0 0 0 0 0 0 0 0 0 0 0 0 0 0 0 0 0 0 0 0 0 0 0 0 0 0 0 0 0 0 0 0 0 0 0 0 0 0 0 0 0 0 0 0 0 0 0 0 0 0 0 0 0 0 0 0 0 0 0 0 0 0 0 
1 0 0 0 0 0 0 0 0 0 0 0 
499 389 499 389 411 456 393 469 339 476 283 489 232 496 175 489 118 496 62 496 19 496 -52 496 -67 489 -118 476 -180 469 -234 449 -260 463 -260 463 -260 463 -260 463 500 224 387 282 379 282 305 282 250 293 213 293 135 282 73 282 14 278 -42 282 -104 278 -128 271 -194 264 -273 246 -333 242 -348 257 -458 500 500 461 392 476 362 454 289 476 225 476 168 483 109 487 39 487 -29 490 -106 487 -163 487 -230 483 -294 494 -361 490 -417 494 -449 498 0 0 -88 67 -18 13 -54 7 -56 13 -51 7 -57 -7 -57 7 -56 0 -43 0 -71 0 -15 -7 -51 -13 -62 -7 -54 -20 -26 14 0 0 0 0 0 0 760 -239 -113 58 -8 0 -74 0 -55 11 -37 0 -78 -11 -62 0 -59 -4 -56 4 -62 -4 -24 -7 -66 -7 -79 -18 -60 -4 -15 15 -110 243 958 -39 -108 15 -30 -22 -73 22 -64 0 -57 7 -59 4 -70 0 -68 3 -77 -3 -57 0 -67 -4 -64 11 -67 -4 -56 4 -32 4 0 0 0 0 0 0 0 0 0 0 0 0 0 0 0 0 0 0 0 0 0 0 0 0 0 0 0 0 0 0 0 0 0 0 0 0 0 0 0 0 0 0 0 0 0 0 0 0 0 0 0 0 0 0 0 0 0 0 0 0 0 0 0 0 0 0 0 0 0 0 0 0 0 0 0 0 0 0 0 0 0 0 0 0 0 0 0 0 0 0 
1 0 0 0 0 0 0 0 0 0 0 0 
499 432 445 417 481 451 410 470 410 470 410 470 380 492 299 500 -90 425 -110 425 -128 429 -226 425 -272 492 -272 492 499 488 499 488 315 397 327 404 499 488 499 488 473 474 398 470 296 455 174 477 161 485 79 500 79 500 94 492 -141 411 -141 411 80 492 76 488 2 470 -262 411 -334 411 -349 419 -354 415 499 500 499 500 323 459 378 481 378 481 153 372 153 372 109 390 43 401 43 401 3 405 -57 412 -112 416 -120 416 -93 459 18 485 14 485 -134 470 -134 470 -164 474 -148 474 -139 474 -145 467 -146 467 -149 459 -54 -15 36 34 -71 19 0 0 0 0 -30 22 -81 8 -389 -75 -20 0 -18 4 -98 -4 -46 67 0 0 771 -4 0 0 -184 -91 12 7 172 84 0 0 -26 -14 -75 -4 -102 -15 -122 22 -13 8 -82 15 0 0 15 -8 -235 -81 0 0 221 81 -4 -4 -74 -18 -264 -59 -72 0 -15 8 -5 -4 853 85 0 0 -176 -41 55 22 0 0 -225 -109 0 0 -44 18 -66 11 0 0 -40 4 -60 7 -55 4 -8 0 27 43 111 26 -4 0 -148 -15 0 0 -30 4 16 0 9 0 -6 -7 -1 0 -3 -8 0 0 0 0 0 0 0 0 0 0 0 0 0 0 0 0 0 0 0 0 0 0 0 0 0 0 0 0 0 0 0 0 0 0 0 0 0 0 0 0 0 0 0 0 0 0 0 0 0 0 0 0 0 0 
1 0 0 0 0 0 0 0 0 0 0 0 
499 497 499 497 371 488 284 474 213 465 179 461 137 447 72 438 18 433 -42 429 -112 429 -146 424 -174 424 -229 424 -298 429 -358 438 -419 442 -443 438 -330 429 -347 433 -375 429 -209 465 -209 465 500 474 342 497 268 474 226 465 185 456 147 452 91 442 47 433 -14 424 -51 420 -83 415 -123 424 -160 415 -224 420 -264 429 -315 433 -351 433 -232 479 -241 474 -254 465 500 479 443 493 392 497 342 484 308 474 254 465 197 461 159 461 104 461 57 461 17 447 -10 461 -54 470 -123 474 -175 484 -224 474 0 0 -128 -9 -87 -14 -71 -9 -34 -4 -42 -14 -65 -9 -54 -5 -60 -4 -70 0 -34 -5 -28 0 -55 0 -69 5 -60 9 -61 4 -24 -4 113 -9 -17 4 -28 -4 166 36 0 0 709 9 -158 23 -74 -23 -42 -9 -41 -9 -38 -4 -56 -10 -44 -9 -61 -9 -37 -4 -32 -5 -40 9 -37 -9 -64 5 -40 9 -51 4 -36 0 119 46 -9 -5 -13 -9 754 14 -57 14 -51 4 -50 -13 -34 -10 -54 -9 -57 -4 -38 0 -55 0 -47 0 -40 -14 -27 14 -44 9 -69 4 -52 10 -49 -10 0 0 0 0 0 0 0 0 0 0 0 0 0 0 0 0 0 0 0 0 0 0 0 0 0 0 0 0 0 0 0 0 0 0 0 0 0 0 0 0 0 0 0 0 0 0 0 0 0 0 0 0 0 0 0 0 0 0 0 0 0 0 0 0 0 0 
1 0 0 0 0 0 0 0 0 0 0 0 
500 475 500 475 431 454 411 459 372 454 329 491 311 475 264 459 212 459 179 459 151 449 106 459 66 465 39 443 -13 449 -58 459 -111 475 -155 491 -174 497 -174 497 499 389 499 389 378 442 350 447 303 463 261 457 235 468 159 463 114 452 68 442 33 442 -26 426 -67 421 -119 415 -169 415 -234 426 -303 442 -359 463 -396 500 -401 500 499 418 398 453 392 463 360 467 301 472 251 487 227 492 160 482 93 467 69 463 40 467 -32 443 -33 448 -78 463 -149 463 -204 477 -275 497 0 0 -69 -21 -20 5 -39 -5 -43 37 -18 -16 -47 -16 -52 0 -33 0 -28 -10 -45 10 -40 6 -27 -22 -52 6 -45 10 -53 16 -44 16 -19 6 0 0 673 -108 0 0 -121 53 -28 5 -47 16 -42 -6 -26 11 -76 -5 -45 -11 -46 -10 -35 0 -59 -16 -41 -5 -52 -6 -50 0 -65 11 -69 16 -56 21 -37 37 -5 0 900 -82 -101 35 -6 10 -32 4 -59 5 -50 15 -24 5 -67 -10 -67 -15 -24 -4 -29 4 -72 -24 -1 5 -45 15 -71 0 -55 14 -71 20 0 0 0 0 0 0 0 0 0 0 0 0 0 0 0 0 0 0 0 0 0 0 0 0 0 0 0 0 0 0 0 0 0 0 0 0 0 0 0 0 0 0 0 0 0 0 0 0 0 0 0 0 0 0 0 0 0 0 0 0 0 0 0 0 0 0 0 0 0 0 0 0 0 0 
1 0 0 0 0 0 0 0 0 0 0 0 
499 500 457 492 384 488 306 476 295 476 227 472 184 472 87 472 63 472 -6 472 -82 476 -158 472 -221 465 -289 457 -310 453 -365 449 -432 441 499 500 435 488 380 480 313 473 313 473 255 465 186 465 117 465 92 465 16 465 -34 465 -95 461 -132 458 -208 446 -211 446 -269 438 -320 431 499 438 499 438 444 496 418 500 344 492 344 492 297 492 236 482 193 485 156 489 102 489 47 485 -4 478 -46 464 -96 456 -107 460 -156 453 -193 446 -204 449 -42 -8 -73 -4 -78 -12 -11 0 -68 -4 -43 0 -97 0 -24 0 -69 0 -76 4 -76 -4 -63 -7 -68 -8 -21 -4 -55 -4 -67 -8 931 59 -64 -12 -55 -8 -67 -7 0 0 -58 -8 -69 0 -69 0 -25 0 -76 0 -50 0 -61 -4 -37 -3 -76 -12 -3 0 -58 -8 -51 -7 819 7 0 0 -55 58 -26 4 -74 -8 0 0 -47 0 -61 -10 -43 3 -37 4 -54 0 -55 -4 -51 -7 -42 -14 -50 -8 -11 4 -49 -7 -37 -7 -11 3 0 0 0 0 0 0 0 0 0 0 0 0 0 0 0 0 0 0 0 0 0 0 0 0 0 0 0 0 0 0 0 0 0 0 0 0 0 0 0 0 0 0 0 0 0 0 0 0 0 0 0 0 0 0 0 0 0 0 0 0 0 0 0 0 0 0 0 0 0 0 0 0 0 0 0 0 0 0 0 0 0 0 0 0 0 0 0 0 0 0 
1 0 0 0 0 0 0 0 0 0 0 0 
500 317 338 218 321 240 239 326 217 343 164 381 108 407 36 446 6 463 -96 484 -129 493 -192 497 -283 493 -315 489 -381 480 -431 480 -169 437 -169 437 500 195 363 258 332 298 271 362 228 386 193 414 146 438 92 462 47 474 -26 494 -77 494 -114 498 -213 494 -218 494 -267 486 -322 474 500 262 486 275 401 349 381 371 334 388 277 419 230 449 193 462 115 489 89 493 30 497 -43 489 -78 471 -121 475 -167 471 -162 -99 -17 22 -82 86 -22 17 -53 38 -56 26 -72 39 -30 17 -102 21 -33 9 -63 4 -91 -4 -32 -4 -66 -9 -50 0 262 -43 0 0 669 -242 -137 63 -31 40 -61 64 -43 24 -35 28 -47 24 -54 24 -45 12 -73 20 -51 0 -37 4 -99 -4 -5 0 -49 -8 -55 -12 822 -212 -14 13 -85 74 -20 22 -47 17 -57 31 -47 30 -37 13 -78 27 -26 4 -59 4 -73 -8 -35 -18 -43 4 -46 -4 0 0 0 0 0 0 0 0 0 0 0 0 0 0 0 0 0 0 0 0 0 0 0 0 0 0 0 0 0 0 0 0 0 0 0 0 0 0 0 0 0 0 0 0 0 0 0 0 0 0 0 0 0 0 0 0 0 0 0 0 0 0 0 0 0 0 0 0 0 0 0 0 0 0 0 0 0 0 0 0 0 0 0 0 0 0 0 0 0 0 0 0 0 0 0 0 0 0 0 0 0 0 0 0 0 0 
1 0 0 0 0 0 0 0 0 0 0 0 
499 500 425 471 351 462 264 457 192 462 128 471 95 476 -13 485 -62 485 -133 485 -220 476 -275 471 -307 467 -343 462 500 500 421 459 386 454 293 450 242 454 186 459 139 463 56 472 1 472 -41 472 -122 463 -168 459 -200 454 499 455 499 455 456 475 406 483 351 479 286 483 231 491 185 500 128 495 82 500 27 487 -22 495 -64 487 -98 487 -117 479 -74 -29 -74 -9 -87 -5 -72 5 -64 9 -33 5 -108 9 -49 0 -71 0 -87 -9 -55 -5 -32 -4 -36 -5 843 38 -79 -41 -35 -5 -93 -4 -51 4 -56 5 -47 4 -83 9 -55 0 -42 0 -81 -9 -46 -4 -32 -5 699 1 0 0 -43 20 -50 8 -55 -4 -65 4 -55 8 -46 9 -57 -5 -46 5 -55 -13 -49 8 -42 -8 -34 0 -19 -8 0 0 0 0 0 0 0 0 0 0 0 0 0 0 0 0 0 0 0 0 0 0 0 0 0 0 0 0 0 0 0 0 0 0 0 0 0 0 0 0 0 0 0 0 0 0 0 0 0 0 0 0 0 0 0 0 0 0 0 0 0 0 0 0 0 0 0 0 0 0 0 0 0 0 0 0 0 0 0 0 0 0 0 0 0 0 0 0 0 0 0 0 0 0 0 0 0 0 0 0 0 0 0 0 0 0 0 0 0 0 0 0 0 0 0 0 0 0 0 0 0 0 0 0 0 0 0 0 0 0 0 0 0 0 
1 0 0 0 0 0 0 0 0 0 0 0 
499 390 237 385 237 385 166 395 81 395 37 400 -17 400 -83 404 -128 409 -185 419 -276 428 -284 433 -340 433 -393 442 -453 461 -460 471 -425 500 -261 447 -261 447 499 448 485 448 385 457 344 457 248 452 185 457 130 462 38 471 1 481 -87 490 -87 490 -160 490 -225 495 -303 500 -191 433 -225 438 499 446 499 446 413 477 348 461 297 461 221 467 174 467 108 477 40 482 -5 477 -48 477 -80 482 -146 487 -195 497 -262 -5 0 0 -71 10 -85 0 -44 5 -54 0 -66 4 -45 5 -57 10 -91 9 -8 5 -56 0 -53 9 -60 19 -7 10 35 29 164 -53 0 0 760 1 -14 0 -100 9 -41 0 -96 -5 -63 5 -55 5 -92 9 -37 10 -88 9 0 0 -73 0 -65 5 -78 5 112 -67 -34 5 724 8 0 0 -86 31 -65 -16 -51 0 -76 6 -47 0 -66 10 -68 5 -45 -5 -43 0 -32 5 -66 5 -49 10 0 0 0 0 0 0 0 0 0 0 0 0 0 0 0 0 0 0 0 0 0 0 0 0 0 0 0 0 0 0 0 0 0 0 0 0 0 0 0 0 0 0 0 0 0 0 0 0 0 0 0 0 0 0 0 0 0 0 0 0 0 0 0 0 0 0 0 0 0 0 0 0 0 0 0 0 0 0 0 0 0 0 0 0 0 0 0 0 0 0 0 0 0 0 0 0 0 0 0 0 0 0 0 0 0 0 
1 0 0 0 0 0 0 0 0 0 0 0 
500 500 465 479 372 437 298 417 196 402 143 393 37 381 -3 378 -39 375 -94 369 -151 366 -226 357 -318 349 -346 343 -420 331 -448 331 -448 331 500 498 500 498 480 495 395 477 356 471 269 454 230 445 161 445 128 433 103 436 58 424 15 421 -43 409 -105 394 -123 397 -162 385 -197 388 -203 394 499 498 499 498 461 466 403 433 337 415 259 395 208 386 121 377 73 371 50 368 -1 362 -53 359 -120 353 -185 345 -226 333 -283 321 -315 324 -335 333 -155 392 -155 392 -35 -21 -93 -42 -74 -20 -102 -15 -53 -9 -106 -12 -40 -3 -36 -3 -55 -6 -57 -3 -75 -9 -92 -8 -28 -6 -74 -12 -28 0 0 0 948 167 0 0 -20 -3 -85 -18 -39 -6 -87 -17 -39 -9 -69 0 -33 -12 -25 3 -45 -12 -43 -3 -58 -12 -62 -15 -18 3 -39 -12 -35 3 -6 6 702 104 0 0 -38 -32 -58 -33 -66 -18 -78 -20 -51 -9 -87 -9 -48 -6 -23 -3 -51 -6 -52 -3 -67 -6 -65 -8 -41 -12 -57 -12 -32 3 -20 9 180 59 0 0 0 0 0 0 0 0 0 0 0 0 0 0 0 0 0 0 0 0 0 0 0 0 0 0 0 0 0 0 0 0 0 0 0 0 0 0 0 0 0 0 0 0 0 0 0 0 0 0 0 0 0 0 0 0 0 0 0 0 0 0 0 0 0 0 0 0 0 0 0 0 0 0 0 0 0 0 0 0 0 0 0 0 
1 0 0 0 0 0 0 0 0 0 0 0 
499 61 240 53 240 53 186 111 140 139 62 209 39 238 -1 259 -52 296 -89 316 -128 329 -171 349 -254 370 -309 399 -346 423 -408 440 -280 497 -280 497 -172 423 -172 423 500 131 484 131 392 197 346 226 261 279 259 288 194 320 129 358 81 386 -21 411 -48 423 -79 440 -185 473 -196 485 -255 497 -138 423 -138 423 499 106 499 106 419 203 377 225 329 252 307 261 245 305 176 353 128 389 99 389 78 398 -16 429 -94 464 -119 477 -163 500 -259 -8 0 0 -54 58 -46 28 -78 70 -23 29 -40 21 -51 37 -37 20 -39 13 -43 20 -83 21 -55 29 -37 24 -62 17 128 57 0 0 108 -74 0 0 672 -292 -16 0 -92 66 -46 29 -85 53 -2 9 -65 32 -65 38 -48 28 -102 25 -27 12 -31 17 -106 33 -11 12 -59 12 117 -74 0 0 637 -317 0 0 -80 97 -42 22 -48 27 -22 9 -62 44 -69 48 -48 36 -29 0 -21 9 -94 31 -78 35 -25 13 -44 23 0 0 0 0 0 0 0 0 0 0 0 0 0 0 0 0 0 0 0 0 0 0 0 0 0 0 0 0 0 0 0 0 0 0 0 0 0 0 0 0 0 0 0 0 0 0 0 0 0 0 0 0 0 0 0 0 0 0 0 0 0 0 0 0 0 0 0 0 0 0 0 0 0 0 0 0 0 0 0 0 0 0 0 0 0 0 0 0 0 0 0 0 0 0 
1 0 0 0 0 0 0 0 0 0 0 0 
498 440 413 448 345 456 245 468 228 472 116 488 54 492 -33 500 -143 500 -224 496 -286 488 -338 484 -428 464 -440 464 499 452 377 444 315 452 264 460 185 480 162 484 98 492 53 496 -13 500 -94 500 -156 496 -192 492 -242 484 -292 472 -309 476 499 444 499 444 404 451 345 458 312 469 240 480 210 487 161 494 128 494 81 498 -5 498 -34 498 -78 491 -118 476 -158 473 -180 469 -180 469 -85 8 -68 8 -100 12 -17 4 -112 16 -62 4 -87 8 -110 0 -81 -4 -62 -8 -52 -4 -90 -20 -12 0 939 -12 -122 -8 -62 8 -51 8 -79 20 -23 4 -64 8 -45 4 -66 4 -81 0 -62 -4 -36 -4 -50 -8 -50 -12 -17 4 808 -32 0 0 -95 7 -59 7 -33 11 -72 11 -30 7 -49 7 -33 0 -47 4 -86 0 -29 0 -44 -7 -40 -15 -40 -3 -22 -4 0 0 0 0 0 0 0 0 0 0 0 0 0 0 0 0 0 0 0 0 0 0 0 0 0 0 0 0 0 0 0 0 0 0 0 0 0 0 0 0 0 0 0 0 0 0 0 0 0 0 0 0 0 0 0 0 0 0 0 0 0 0 0 0 0 0 0 0 0 0 0 0 0 0 0 0 0 0 0 0 0 0 0 0 0 0 0 0 0 0 0 0 0 0 0 0 0 0 0 0 0 0 0 0 0 0 0 0 0 0 0 0 0 0 0 0 0 0 0 0 
1 0 0 0 0 0 0 0 0 0 0 0 
499 66 499 66 454 127 406 178 357 214 270 260 219 280 126 306 37 336 -42 352 -121 357 -197 377 -258 392 -301 403 -416 418 -451 433 -352 500 499 189 469 225 433 251 346 297 336 317 281 343 145 389 87 420 34 441 -50 461 -110 471 -181 482 -185 487 -291 492 -363 497 -233 400 500 221 487 238 439 267 380 312 350 323 273 363 224 380 129 420 87 431 11 437 -45 448 -100 465 -115 465 -197 500 -246 500 0 0 -45 61 -48 51 -49 36 -87 46 -51 20 -93 26 -89 30 -79 16 -79 5 -76 20 -61 15 -43 11 -115 15 -35 15 99 67 851 -311 -30 36 -36 26 -87 46 -10 20 -55 26 -136 46 -58 31 -53 21 -84 20 -60 10 -71 11 -4 5 -106 5 -72 5 130 -97 733 -179 -13 17 -48 29 -59 45 -30 11 -77 40 -49 17 -95 40 -42 11 -76 6 -56 11 -55 17 -15 0 -82 35 -49 0 0 0 0 0 0 0 0 0 0 0 0 0 0 0 0 0 0 0 0 0 0 0 0 0 0 0 0 0 0 0 0 0 0 0 0 0 0 0 0 0 0 0 0 0 0 0 0 0 0 0 0 0 0 0 0 0 0 0 0 0 0 0 0 0 0 0 0 0 0 0 0 0 0 0 0 0 0 0 0 0 0 0 0 0 0 0 0 0 0 0 0 0 0 0 0 0 0 0 0 0 0 0 0 0 0 0 0 0 0 0 
1 0 0 0 0 0 0 0 0 0 0 0 
500 498 408 472 355 457 290 437 280 434 228 420 157 408 127 402 67 402 27 402 -52 400 -117 400 -189 402 -251 402 -291 402 499 500 387 457 332 443 255 426 218 417 182 411 100 400 55 400 -12 400 -58 397 -156 394 -229 394 -317 394 -391 389 -439 389 -448 389 499 500 499 500 418 491 372 480 316 463 306 460 259 448 201 446 173 443 129 446 82 446 25 443 -30 443 -90 448 -141 437 -162 434 -162 434 -464 389 -464 389 -92 -26 -53 -15 -65 -20 -10 -3 -52 -14 -71 -12 -30 -6 -60 0 -40 0 -79 -2 -65 0 -72 2 -62 0 -40 0 790 98 -112 -43 -55 -14 -77 -17 -37 -9 -36 -6 -82 -11 -45 0 -67 0 -46 -3 -98 -3 -73 0 -88 0 -74 -5 -48 0 -9 0 947 111 0 0 -81 -9 -46 -11 -56 -17 -10 -3 -47 -12 -58 -2 -28 -3 -44 3 -47 0 -57 -3 -55 0 -60 5 -51 -11 -21 -3 0 0 -302 -45 0 0 0 0 0 0 0 0 0 0 0 0 0 0 0 0 0 0 0 0 0 0 0 0 0 0 0 0 0 0 0 0 0 0 0 0 0 0 0 0 0 0 0 0 0 0 0 0 0 0 0 0 0 0 0 0 0 0 0 0 0 0 0 0 0 0 0 0 0 0 0 0 0 0 0 0 0 0 0 0 0 0 0 0 0 0 0 0 0 0 0 0 0 0 0 0 0 0 0 0 0 0 0 0 
1 0 0 0 0 0 0 0 0 0 0 0 
