-163 500 -163 500 -160 305 -160 287 -157 120 -153 80 -150 -40 -145 -129 -125 -196 -117 -241 -105 -270 -28 -198 -16 -171 51 -82 132 71 137 91 180 136 216 223 274 290 280 305 337 381 355 406 398 419 419 314 403 227 385 151 375 60 366 -24 357 -140 347 -276 343 -314 342 -388 499 -446 499 -446 499 -446 -81 498 -81 297 -81 280 -73 98 -73 52 -61 -91 -61 -139 -58 -203 -53 -258 -49 -292 21 -227 30 -218 88 -100 141 19 192 98 197 110 236 201 275 290 281 306 320 369 339 402 373 422 388 347 386 218 386 122 384 14 380 -74 349 -170 336 -290 332 -347 326 -426 499 -467 499 -470 499 -470 70 498 68 307 66 256 76 81 82 -13 86 -98 88 -182 92 -269 94 -305 99 -329 160 -294 205 -201 214 -168 261 -29 273 8 318 108 362 220 362 220 403 310 438 392 450 430 486 471 500 354 497 196 492 100 486 -8 476 -100 460 -204 454 -324 461 -392 469 -457 0 0 3 -195 0 -18 3 -167 4 -40 3 -120 5 -89 20 -67 8 -45 12 -29 77 72 12 27 67 89 81 153 5 20 43 45 36 87 58 67 6 15 57 76 18 25 43 13 21 -105 -16 -87 -18 -76 -10 -91 -9 -84 -9 -116 -10 -136 -4 -38 -1 -74 157 -58 0 0 0 0 -580 944 0 -201 0 -17 8 -182 0 -46 12 -143 0 -48 3 -64 5 -55 4 -34 70 65 9 9 58 118 53 119 51 79 5 12 
0 0 0 0 0 0 0 0 0 0 0 1 
-159 500 -146 339 -146 281 -144 172 -143 69 -138 -20 -137 -106 -137 -148 -137 -213 -134 -288 -132 -311 -28 -255 10 -181 33 -162 67 -102 141 18 162 37 229 172 285 251 319 300 352 365 422 437 466 469 475 486 488 490 499 390 494 251 482 109 484 13 444 -97 440 -127 431 -251 428 -302 425 -327 -46 500 -46 500 -42 348 -36 260 -35 158 -34 65 -35 -26 -31 -92 -33 -175 -31 -236 -31 -304 -30 -331 62 -270 117 -173 130 -151 147 -114 207 4 223 34 268 173 318 268 369 339 376 363 428 439 464 473 476 485 488 487 496 417 499 312 492 151 488 63 447 -78 450 -126 447 -239 446 -317 446 -360 446 -360 446 -360 -343 500 -343 500 -334 366 -330 288 -326 209 -322 116 -305 34 -304 -49 -295 -133 -291 -213 -294 -273 -288 -306 -221 -234 -158 -146 -146 -120 -122 -94 -34 40 -30 58 34 170 86 256 152 340 157 355 210 426 228 456 259 471 276 469 285 379 281 267 271 142 249 64 244 28 227 -125 221 -202 217 -278 211 -316 211 -316 211 -316 499 -377 499 -377 13 -161 0 -58 2 -109 1 -103 5 -89 1 -86 0 -42 0 -65 3 -75 2 -23 104 56 38 74 23 19 34 60 74 120 21 19 67 135 56 79 34 49 33 65 70 72 44 32 9 17 13 4 11 -100 -5 -139 -12 -142 2 -96 -40 -110 -4 -30 -9 -124 -3 -51 -3 -25 -471 827 0 0 4 -152 6 -88 1 -102 1 -93 -1 -91 
0 0 0 0 0 0 0 0 0 0 0 1 
-138 499 -134 398 -129 299 -129 241 -128 152 -126 69 -123 -101 -125 -156 -125 -218 -34 -175 -1 -126 46 -59 80 6 137 87 205 191 219 218 330 361 358 398 407 442 425 451 468 470 486 453 498 338 500 221 498 78 500 -13 498 -78 496 -218 495 -281 492 -352 487 -421 -41 499 -41 499 -41 412 -42 305 -39 228 -34 135 -30 58 -32 -116 -29 -172 -34 -235 60 -160 89 -106 115 -60 146 2 191 87 253 218 260 233 341 354 363 398 407 446 424 461 457 478 470 461 483 298 488 165 485 77 488 -55 488 -143 482 -223 485 -300 488 -347 494 -434 500 -453 -336 498 -336 498 -329 384 -320 292 -313 235 -313 180 -311 99 -312 -80 -312 -129 -314 -193 -245 -138 -208 -87 -182 -40 -137 29 -105 95 -33 210 -25 222 50 335 89 382 136 426 154 447 181 460 209 422 218 278 217 167 215 80 214 -46 213 -104 213 -195 209 -273 205 -331 199 -384 196 -403 500 -460 500 -460 4 -101 5 -99 0 -58 1 -89 2 -83 3 -170 -2 -55 0 -62 91 43 33 49 47 67 34 65 57 81 68 104 14 27 111 143 28 37 49 44 18 9 43 19 18 -17 12 -115 2 -117 -2 -143 2 -91 -2 -65 -2 -140 -1 -63 -3 -71 -5 -69 -528 920 0 0 0 -87 -1 -107 3 -77 5 -93 4 -77 -2 -174 3 -56 -5 -63 94 75 29 54 26 46 31 62 45 85 62 131 7 15 81 121 22 44 44 48 17 15 
0 0 0 0 0 0 0 0 0 0 0 1 
-95 461 -94 326 -96 206 -91 61 -79 -58 -73 -221 -55 -415 -49 -438 -39 -461 4 -436 37 -372 94 -262 135 -173 157 -125 187 -58 247 56 259 79 288 142 342 250 370 295 395 346 414 377 433 413 473 484 483 500 490 436 491 288 493 150 491 40 491 -114 491 -214 493 -313 499 -410 -249 482 -243 293 -239 167 -238 100 -214 -140 -209 -231 -207 -386 -207 -421 -205 -448 -153 -416 -118 -366 -56 -246 -3 -140 8 -113 41 -49 97 68 111 88 137 152 193 258 223 305 247 352 268 379 300 443 334 482 346 500 359 428 362 290 359 140 359 41 359 -113 356 -211 356 -300 356 -394 499 -463 499 -463 -369 473 -369 473 -371 300 -369 184 -367 96 -364 -60 -356 -189 -351 -341 -351 -371 -344 -415 -300 -387 -257 -318 -199 -203 -146 -101 -136 -76 -104 -25 -45 85 -31 113 9 180 55 260 81 309 109 351 127 381 170 450 190 480 202 498 225 445 222 300 216 214 216 71 214 -20 210 -168 206 -249 202 -325 355 -420 355 -420 499 -466 499 -466 1 -135 -2 -120 5 -145 12 -119 6 -163 18 -194 6 -23 10 -23 43 25 33 64 57 110 41 89 22 48 30 67 60 114 12 23 29 63 54 108 28 45 25 51 19 31 19 36 40 71 10 16 7 -64 1 -148 2 -138 -2 -110 0 -154 0 -100 2 -99 6 -97 -748 892 6 -189 4 -126 1 -67 24 -240 5 -91 2 -155 0 -35 2 -27 52 32 35 50 62 120 
0 0 0 0 0 0 0 0 0 0 0 1 
-259 451 -259 451 -256 342 -251 277 -244 194 -240 89 -239 54 -237 -61 -235 -115 -232 -192 -225 -270 -164 -231 -126 -183 -95 -137 -41 -67 51 48 60 61 100 113 176 211 195 229 261 299 343 388 379 423 403 454 447 480 478 500 499 425 499 312 488 192 481 87 480 2 474 -74 466 -172 457 -251 433 -344 422 -384 422 -397 422 -397 422 -397 -181 471 -181 471 -173 299 -170 257 -160 132 -163 66 -155 -4 -152 -103 -151 -165 -147 -245 -144 -311 -94 -266 -68 -214 -46 -181 -7 -96 62 33 71 51 103 101 159 200 168 224 216 304 279 396 300 431 323 457 350 492 377 500 391 431 393 316 395 186 389 80 385 -4 377 -94 360 -198 355 -254 345 -384 341 -419 499 -433 -46 453 -35 285 -33 241 -26 121 -28 58 -20 -29 -18 -109 -12 -197 -11 -253 -5 -314 43 -270 75 -214 97 -165 135 -97 202 36 202 36 239 100 272 163 312 251 346 307 378 360 421 434 439 458 460 485 488 500 499 417 499 282 495 126 491 39 484 -43 476 -121 469 -187 464 -295 462 -378 466 -417 0 0 3 -109 5 -65 7 -83 4 -105 1 -35 2 -115 2 -54 3 -77 7 -78 61 39 38 48 31 46 54 70 92 115 9 13 40 52 76 98 19 18 66 70 82 89 36 35 24 31 44 26 31 20 21 -75 0 -113 -11 -120 -7 -105 -1 -85 -6 -76 -8 -98 -9 -79 -24 -93 -11 -40 0 -13 0 0 0 0 -603 868 
0 0 0 0 0 0 0 0 0 0 0 1 
-146 498 -150 354 -154 227 -154 139 -154 24 -154 -46 -154 -144 -154 -266 -157 -330 -154 -356 -130 -342 -81 -278 -57 -256 -24 -205 17 -158 57 -83 107 -14 150 36 212 119 230 154 296 229 311 276 311 276 360 344 379 381 437 432 450 454 490 410 499 185 476 149 494 9 499 -124 470 -237 463 -330 454 -422 -63 500 -63 500 -64 408 -67 274 -68 178 -69 9 -69 -71 -67 -138 -64 -252 -56 -326 -52 -356 -29 -344 15 -279 34 -257 69 -207 103 -160 136 -99 188 -22 229 49 264 103 280 141 331 230 351 269 351 269 395 336 432 393 466 428 474 445 485 418 485 277 483 146 490 59 500 -49 488 -272 485 -324 500 -430 350 -420 350 -420 -63 401 -340 500 -340 500 -345 401 -347 290 -351 194 -354 66 -354 2 -353 -111 -351 -191 -349 -274 -345 -325 -320 -310 -284 -272 -270 -247 -242 -203 -206 -156 -171 -107 -126 -31 -85 20 -21 113 -14 129 15 180 45 232 64 258 109 321 141 361 186 401 207 424 225 419 229 279 224 151 226 62 225 -22 224 -194 219 -296 213 -354 500 -437 500 -437 500 -437 -4 -144 -4 -127 0 -88 0 -115 0 -70 0 -98 0 -122 -3 -64 3 -26 24 14 49 64 24 22 33 51 41 47 40 75 50 69 43 50 62 83 18 35 66 75 15 47 0 0 49 68 19 37 58 51 13 22 40 -44 9 -225 -23 -36 18 -140 5 -133 -29 -113 -7 -93 -9 -92 -517 922 0 0 -1 -92 
0 0 0 0 0 0 0 0 0 0 0 1 
-340 500 -346 318 -347 158 -344 96 -343 -18 -344 -66 -344 -188 -343 -273 -337 -349 -331 -386 -291 -452 -90 -367 -25 -323 40 -221 40 -195 103 -113 163 47 236 143 231 169 303 280 301 294 369 405 367 422 307 485 304 485 310 466 499 323 496 306 494 292 496 273 494 250 492 94 489 -47 490 -110 486 -228 462 -408 384 -455 -114 500 -114 500 -131 345 -132 203 -132 98 -131 -16 -131 -56 -131 -156 -131 -266 -131 -327 -117 -380 -101 -404 -60 -401 -11 -362 51 -268 120 -142 120 -142 198 9 252 114 257 130 297 224 329 322 362 380 372 411 402 455 414 455 459 348 459 348 474 289 475 273 480 231 484 189 489 102 493 -30 495 -121 499 -235 495 -299 343 -408 276 -455 276 -455 -210 498 -211 332 -214 154 -216 76 -218 -6 -218 -78 -220 -191 -220 -258 -220 -339 -223 -374 -167 -443 -170 -406 -164 -371 -94 -237 -82 -212 -27 -129 61 43 115 140 121 159 168 254 180 281 237 387 246 411 443 480 439 475 499 304 357 290 357 290 357 290 357 290 369 99 376 -55 381 -143 384 -254 394 -321 -6 -182 -1 -160 3 -62 1 -114 -1 -48 0 -122 1 -85 6 -76 6 -37 40 -66 201 85 65 44 65 102 0 26 63 82 60 160 73 96 -5 26 72 111 -2 14 68 111 -2 17 -60 63 -3 0 6 -19 189 -143 -3 -17 -2 -14 2 -19 -2 -23 -2 -156 -3 -141 1 -63 -4 -118 -24 -180 -78 -47 -498 955 0 0 
0 0 0 0 0 0 0 0 0 0 0 1 
44 428 52 340 57 237 64 156 71 62 77 8 82 -119 82 -175 83 -201 144 -117 174 -57 203 -6 231 53 275 130 299 175 342 252 383 327 404 357 444 423 458 458 466 477 499 498 469 -376 469 -376 467 -419 -140 402 -125 269 -121 216 -114 98 -105 4 -100 -52 -93 -183 -93 -237 -93 -271 -20 -157 -6 -132 61 -12 81 21 110 71 145 134 177 189 224 273 254 320 276 364 314 412 330 442 379 486 499 482 499 482 415 498 345 496 342 492 332 440 331 383 328 301 325 197 321 77 320 54 321 -35 321 -50 323 -197 325 -286 325 -286 324 -355 320 -435 467 -421 -309 473 -309 473 -303 347 -300 292 -288 174 -266 63 -265 16 -263 -126 -263 -195 -262 -240 -194 -98 -189 -86 -151 -14 -129 42 -82 138 -77 151 -42 216 2 294 30 349 55 391 74 450 100 482 116 488 276 486 281 490 281 490 328 498 445 496 404 486 391 469 413 402 390 345 416 277 415 160 421 56 376 -2 422 -48 424 -58 429 -168 452 -286 452 -286 493 -343 498 -421 498 -421 499 -435 8 -88 5 -103 7 -81 7 -94 6 -54 5 -127 0 -56 1 -26 61 84 30 60 29 51 28 59 44 77 24 45 43 77 41 75 21 30 40 66 14 35 8 19 33 21 -30 -874 0 0 -2 -43 -607 821 15 -133 4 -53 7 -118 9 -94 5 -56 7 -131 0 -54 0 -34 73 114 14 25 67 120 20 33 29 50 35 63 
0 0 0 0 0 0 0 0 0 0 0 1 
500 456 -24 498 -24 498 -24 498 4 421 17 320 9 245 -2 135 -7 82 -7 60 -12 -65 -12 -225 -9 -345 9 -431 56 -476 70 -486 290 -481 292 -481 482 500 482 500 482 500 496 437 498 350 498 227 486 120 482 65 479 7 472 -109 465 -253 467 -353 462 -392 482 -442 496 -463 343 500 359 190 359 190 362 165 365 126 386 -94 386 -245 390 -311 390 -405 479 -470 498 -477 -524 42 0 0 0 0 28 -77 13 -101 -8 -75 -11 -110 -5 -53 0 -22 -5 -125 0 -160 3 -120 18 -86 47 -45 14 -10 220 5 2 0 190 981 0 0 0 0 14 -63 2 -87 0 -123 -12 -107 -4 -55 -3 -58 -7 -116 -7 -144 2 -100 -5 -39 20 -50 14 -21 -153 963 16 -310 0 0 3 -25 3 -39 21 -220 0 -151 4 -66 0 -94 89 -65 19 -7 0 0 0 0 0 0 0 0 0 0 0 0 0 0 0 0 0 0 0 0 0 0 0 0 0 0 0 0 0 0 0 0 0 0 0 0 0 0 0 0 0 0 0 0 0 0 0 0 0 0 0 0 0 0 0 0 0 0 0 0 0 0 0 0 0 0 0 0 0 0 0 0 0 0 0 0 0 0 0 0 0 0 0 0 0 0 0 0 0 0 0 0 0 0 0 0 0 0 0 0 0 0 0 0 0 0 0 0 0 0 0 0 0 0 0 0 0 0 0 0 0 0 0 0 0 0 
0 0 0 0 0 0 0 0 0 0 0 1 
-23 -494 56 -305 83 -260 118 -170 198 29 259 180 289 255 341 361 367 422 413 486 421 500 483 382 491 305 484 125 500 26 458 -186 449 -313 453 -406 456 -449 90 -481 90 -481 153 -371 190 -240 213 -195 262 -42 311 121 341 232 378 325 394 405 428 478 440 498 492 399 498 320 500 161 498 42 255 -28 243 -76 478 -192 464 -345 455 -422 448 -447 229 -447 -5 -488 -5 -488 39 -358 50 -277 105 -171 169 -5 196 129 229 245 272 329 285 398 330 472 342 498 390 393 399 337 403 168 402 73 500 -150 500 -171 342 -153 343 -308 342 -403 338 -451 338 -451 244 -451 244 -451 79 189 27 45 35 90 80 199 61 151 30 75 52 106 26 61 46 64 8 14 62 -118 8 -77 -7 -180 16 -99 -42 -212 -9 -127 4 -93 3 -43 -366 -32 0 0 63 110 37 131 23 45 49 153 49 163 30 111 37 93 16 80 34 73 12 20 52 -99 6 -79 2 -159 -2 -119 -243 -70 -12 -48 235 -116 -14 -153 -9 -77 -7 -25 -219 0 -234 -41 0 0 44 130 11 81 55 106 64 166 27 134 33 116 43 84 13 69 45 74 12 26 48 -105 9 -56 4 -169 -1 -95 98 -223 0 -21 -158 18 1 -155 -1 -95 -4 -48 0 0 -94 0 0 0 0 0 0 0 0 0 0 0 0 0 0 0 0 0 0 0 0 0 0 0 0 0 0 0 0 0 0 0 0 0 0 0 0 0 
0 0 0 0 0 0 0 0 0 0 0 1 
-194 457 -194 457 -158 339 -151 283 -142 132 -134 41 -133 -4 -127 -76 -120 -161 -113 -233 -82 -326 -84 -359 -82 -392 -41 -318 -23 -287 7 -228 32 -176 68 -111 116 -15 172 69 210 141 228 165 276 254 325 305 357 363 393 405 433 468 473 498 498 433 500 346 494 191 485 58 483 -19 476 -130 469 -222 460 -263 -67 441 -63 326 -57 238 -48 97 -36 -2 -31 -41 -21 -123 -12 -181 -4 -264 -3 -317 -1 -370 0 -386 57 -311 69 -284 88 -236 119 -178 147 -112 197 -17 236 72 271 145 280 165 331 258 358 313 395 368 419 415 460 476 478 498 497 450 499 359 494 205 491 70 490 8 487 -125 487 -203 485 -253 27 429 37 320 42 234 57 111 66 13 70 -28 74 -94 80 -155 84 -230 88 -282 91 -337 93 -357 147 -265 147 -265 169 -217 197 -140 222 -70 233 -39 295 107 295 107 332 199 358 254 395 337 419 388 442 432 463 484 473 500 493 475 496 412 494 236 497 151 497 67 493 -50 494 -155 500 -217 0 0 36 -118 7 -56 9 -151 8 -91 1 -45 6 -72 7 -85 7 -72 31 -93 -2 -33 2 -33 41 74 18 31 30 59 25 52 36 65 48 96 56 84 38 72 18 24 48 89 49 51 32 58 36 42 40 63 40 30 25 -65 2 -87 -6 -155 -9 -133 -2 -77 -7 -111 -7 -92 -9 -41 -527 704 4 -115 6 -88 9 -141 12 -99 5 -39 10 -82 9 -58 8 -83 
0 0 0 0 0 0 0 0 0 0 0 1 
498 500 -86 500 -241 451 -241 451 -233 298 -228 197 -221 54 -211 -17 -206 -114 -202 -164 -192 -230 -178 -289 -131 -287 -85 -232 -17 -133 -6 -122 -6 -122 221 35 286 70 286 70 298 131 202 188 221 225 260 267 327 350 344 366 398 427 436 467 456 489 499 442 461 313 436 241 386 149 379 122 356 32 356 32 449 -74 448 -236 449 -287 272 -357 272 -357 10 454 13 424 20 303 26 171 33 46 34 10 42 -107 45 -149 55 -270 62 -307 98 -318 127 -272 165 -219 203 -147 258 -41 -15 -8 -15 -8 1 19 180 164 248 243 270 274 312 327 348 367 364 397 440 457 444 487 453 498 500 457 443 307 376 184 376 149 376 149 375 52 485 -180 466 -292 457 -353 -53 453 -190 500 -190 475 -190 328 -192 228 -179 85 -164 10 -142 -131 -143 -153 -141 -195 -137 -250 -103 -254 -71 -201 -20 -125 -19 -114 39 35 164 -41 206 10 206 10 222 78 274 160 281 171 315 228 375 302 382 322 424 368 444 394 466 423 500 361 469 236 452 160 418 74 412 46 377 -76 375 -89 99 -135 87 -239 85 -304 -584 0 -155 -49 0 0 8 -153 5 -101 7 -143 10 -71 5 -97 4 -50 10 -66 14 -59 47 2 46 55 68 99 11 11 0 0 227 157 65 35 0 0 12 61 -96 57 19 37 39 42 67 83 17 16 54 61 38 40 20 22 43 -47 -38 -129 -25 -72 -50 -92 -7 -27 -23 -90 0 0 
0 0 0 0 0 0 0 0 0 0 0 1 
500 500 500 500 -279 498 -279 498 -265 369 -258 290 -252 238 -241 144 -241 144 -196 -38 -196 -75 -199 -126 -199 -141 -198 -210 -193 -309 -192 -359 -132 -273 -120 -245 -73 -169 -4 -73 -4 -66 37 19 75 83 82 105 111 154 193 262 202 270 247 346 282 402 330 464 339 479 366 346 361 253 355 161 352 86 349 -58 351 -120 352 -240 342 -309 499 -337 499 -337 43 499 54 363 63 284 70 202 80 88 88 41 -85 -6 -85 -6 -82 -50 -82 -50 -67 -257 -60 -321 -59 -370 5 -290 20 -262 47 -207 82 -145 113 -85 178 28 181 37 207 77 249 158 285 209 310 257 372 345 414 400 441 442 443 447 499 400 497 237 493 151 493 112 476 -88 476 -103 487 -218 466 -314 -179 498 -174 369 -166 301 -153 224 -145 134 -245 -28 13 39 18 4 22 -43 23 -79 27 -173 34 -268 39 -323 95 -232 108 -208 142 -129 172 -61 185 -32 239 74 250 96 267 129 296 186 336 270 349 294 399 380 432 435 455 470 465 485 496 400 499 290 495 200 493 131 489 -21 489 -81 488 -193 486 -265 0 0 -779 -2 0 0 14 -129 7 -79 6 -52 11 -94 0 0 45 -182 0 -37 -3 -51 0 -15 1 -69 5 -99 1 -50 60 86 12 28 47 76 69 96 0 7 41 85 38 64 7 22 29 49 82 108 9 8 45 76 35 56 48 62 9 15 27 -133 -5 -93 -6 -92 -3 -75 -3 -144 2 -62 1 -120 
0 0 0 0 0 0 0 0 0 0 0 1 
-138 498 -138 476 -138 422 -138 395 -138 288 -138 205 -136 103 -133 11 -132 -42 -130 -135 -127 -230 -125 -284 -116 -343 -108 -381 -108 -381 -94 -406 -88 -408 -83 -408 -68 -395 -68 -395 150 -250 150 -250 150 -250 300 -63 300 -63 164 6 230 146 248 178 275 225 315 302 315 302 315 302 385 415 385 415 409 433 424 442 444 392 444 392 485 178 491 119 493 49 499 -101 496 -148 494 -227 494 -311 491 -367 491 -437 491 -437 -36 400 -36 400 -36 400 -44 260 -52 77 -52 36 -54 -48 -56 -122 -60 -224 -61 -279 -62 -320 -70 -375 9 -433 9 -433 9 -433 69 -289 69 -289 54 -281 -6 -142 -6 -142 -6 -142 184 50 178 86 232 224 320 260 312 301 305 330 372 424 372 424 372 424 440 498 440 498 433 472 499 178 499 178 497 154 489 -113 491 -132 495 -269 492 -354 492 -421 13 500 13 477 14 433 14 373 14 307 14 211 14 87 16 -4 16 -64 16 -151 20 -254 26 -307 28 -350 35 -399 35 -399 39 -410 41 -410 45 -408 92 -369 108 -334 160 -245 165 -227 176 -194 222 -96 222 -96 246 -20 279 61 310 144 326 197 360 291 360 291 378 325 396 357 405 373 420 385 431 389 471 259 471 259 486 155 492 71 495 -6 498 -162 499 -208 497 -270 492 -362 483 -417 481 -444 0 -22 0 -54 0 -27 0 -107 0 -83 2 -102 3 -92 1 -53 2 -93 3 -95 2 -54 9 -59 8 -38 0 0 
0 0 0 0 0 0 0 0 0 0 0 1 
-224 498 -224 498 -199 338 -192 297 -192 226 -186 109 -179 -27 -175 -162 -175 -205 -175 -265 -174 -327 -175 -377 -122 -302 -93 -240 -81 -212 -30 -91 40 48 40 48 74 121 128 217 135 228 174 288 192 315 224 352 270 409 304 448 322 450 342 375 346 274 346 144 346 52 351 -91 351 -91 355 -217 355 -370 355 -411 500 -434 500 -434 -71 498 -66 307 -64 267 -61 207 -52 57 -47 -64 -41 -212 -41 -212 -40 -310 -40 -365 -37 -405 23 -322 52 -252 61 -226 115 -105 168 0 176 16 222 107 267 195 278 217 323 298 339 322 369 365 410 420 450 458 464 463 481 393 484 288 484 174 486 62 486 11 486 11 500 -274 497 -396 497 -431 35 500 48 315 50 277 51 236 56 74 66 -59 71 -203 71 -203 72 -282 73 -337 74 -366 140 -251 159 -193 177 -141 226 -21 276 102 284 114 324 193 353 253 382 322 402 346 415 380 447 423 475 464 499 483 499 483 488 344 488 251 488 110 487 16 487 16 0 0 25 -160 7 -41 0 -71 6 -117 7 -136 4 -135 0 -43 0 -60 1 -62 -1 -50 53 75 29 62 12 28 51 121 70 139 0 0 34 73 54 96 7 11 39 60 18 27 32 37 46 57 34 39 18 2 20 -75 4 -101 0 -130 0 -92 5 -143 0 0 4 -126 0 -153 0 -41 145 -23 0 0 -571 932 5 -191 2 -40 3 -60 9 -150 5 -121 6 -148 0 0 1 -98 
0 0 0 0 0 0 0 0 0 0 0 1 
