351 -344 363 -226 374 -150 380 -115 398 -27 418 39 438 118 452 180 483 305 485 358 498 462 498 500 400 -324 400 -324 415 -226 423 -146 424 -117 430 -26 440 35 467 128 476 184 486 286 492 348 499 435 495 457 488 495 486 500 17 -353 17 -353 28 -243 32 -173 35 -120 43 -50 55 13 80 103 91 162 102 265 105 338 109 430 109 472 109 498 109 498 500 487 500 490 12 118 11 76 6 35 18 88 20 66 20 79 14 62 31 125 2 53 13 104 0 38 -98 -824 0 0 15 98 8 80 1 29 6 91 10 61 27 93 9 56 10 102 6 62 7 87 -4 22 -7 38 -2 5 -469 -853 0 0 11 110 4 70 3 53 8 70 12 63 25 90 11 59 11 103 3 73 4 92 0 42 0 26 0 0 391 -11 0 3 0 0 0 0 0 0 0 0 0 0 0 0 0 0 0 0 0 0 0 0 0 0 0 0 0 0 0 0 0 0 0 0 0 0 0 0 0 0 0 0 0 0 0 0 0 0 0 0 0 0 0 0 0 0 0 0 0 0 0 0 0 0 0 0 0 0 0 0 0 0 0 0 0 0 0 0 0 0 0 0 0 0 0 0 0 0 0 0 0 0 0 0 0 0 0 0 0 0 0 0 0 0 0 0 0 0 0 0 0 0 0 0 0 0 0 0 0 0 0 0 0 0 0 0 0 0 
0 0 1 0 0 0 0 0 0 0 0 0 
455 -293 455 -293 455 -293 455 -293 455 -293 455 -293 455 -293 458 -211 460 -175 465 -138 471 -91 473 -57 474 -24 478 26 485 111 489 187 492 249 491 298 500 398 500 476 500 498 257 -405 261 -383 262 -353 264 -334 264 -316 264 -310 264 -310 264 -301 264 -301 268 -210 270 -184 271 -136 273 -106 273 -58 275 -19 275 6 279 108 282 180 284 236 289 292 304 386 298 483 296 498 499 490 473 -377 473 -377 454 -338 466 -310 466 -310 470 -292 473 -275 476 -260 476 -260 478 -247 482 -203 482 -169 485 -140 485 -78 487 -62 487 -39 485 19 490 101 494 169 496 229 497 286 499 366 494 429 488 464 484 481 479 498 0 0 0 0 0 0 0 0 0 0 0 0 3 82 2 36 5 37 6 47 2 34 1 33 4 50 7 85 4 76 3 62 -1 49 9 100 0 78 0 22 -243 -903 4 22 1 30 2 19 0 18 0 6 0 0 0 9 0 0 4 91 2 26 1 48 2 30 0 48 2 39 0 25 4 102 3 72 2 56 5 56 15 94 -6 97 -2 15 203 -8 -26 -867 0 0 -19 39 12 28 0 0 4 18 3 17 3 15 0 0 2 13 4 44 0 34 3 29 0 62 2 16 0 23 -2 58 5 82 4 68 2 60 1 57 2 80 -5 63 -6 35 -4 17 -5 17 0 0 0 0 0 0 0 0 0 0 0 0 0 0 0 0 0 0 
0 0 1 0 0 0 0 0 0 0 0 0 
247 -331 247 -331 -13 -344 -13 -344 -20 -259 -20 -212 -18 -116 -16 -45 -16 -15 -13 41 -11 90 2 155 9 170 20 235 38 346 41 378 45 441 45 478 275 493 275 493 500 500 500 500 490 -305 247 -331 243 -311 236 -240 229 -199 224 -103 227 -38 222 -6 236 54 236 101 245 162 247 177 254 233 266 337 268 374 270 419 272 469 500 497 500 500 456 -301 458 -272 458 -208 458 -166 458 -68 463 2 461 35 465 88 467 144 474 190 474 226 483 279 494 388 498 423 492 458 478 498 0 0 -260 -13 0 0 -7 85 0 47 2 96 2 71 0 30 3 56 2 49 13 65 7 15 11 65 18 111 3 32 4 63 0 37 230 15 0 0 225 7 0 0 -10 -805 -243 -26 -4 20 -7 71 -7 41 -5 96 3 65 -5 32 14 60 0 47 9 61 2 15 7 56 12 104 2 37 2 45 2 50 228 28 0 3 -44 -801 2 29 0 64 0 42 0 98 5 70 -2 33 4 53 2 56 7 46 0 36 9 53 11 109 4 35 -6 35 -14 40 0 0 0 0 0 0 0 0 0 0 0 0 0 0 0 0 0 0 0 0 0 0 0 0 0 0 0 0 0 0 0 0 0 0 0 0 0 0 0 0 0 0 0 0 0 0 0 0 0 0 0 0 0 0 0 0 0 0 0 0 0 0 0 0 0 0 0 0 0 0 0 0 0 0 
0 0 1 0 0 0 0 0 0 0 0 0 
191 -344 191 -344 182 -265 181 -153 179 -120 181 -67 184 15 185 70 188 142 196 195 195 245 201 346 208 394 211 458 212 493 359 495 359 495 499 500 499 500 352 -324 352 -324 348 -252 339 -149 339 -89 338 -54 341 32 338 83 345 151 347 210 348 243 355 350 356 392 359 453 359 495 499 500 499 500 492 -302 493 -280 492 -239 488 -116 485 -57 485 -21 488 65 488 125 492 186 492 234 495 278 499 368 497 412 495 449 486 500 0 0 -9 79 -1 112 -2 33 2 53 3 82 1 55 3 72 8 53 -1 50 6 101 7 48 3 64 1 35 147 2 0 0 140 5 0 0 -147 -824 0 0 -4 72 -9 103 0 60 -1 35 3 86 -3 51 7 68 2 59 1 33 7 107 1 42 3 61 0 42 140 5 0 0 -7 -802 1 22 -1 41 -4 123 -3 59 0 36 3 86 0 60 4 61 0 48 3 44 4 90 -2 44 -2 37 -9 51 0 0 0 0 0 0 0 0 0 0 0 0 0 0 0 0 0 0 0 0 0 0 0 0 0 0 0 0 0 0 0 0 0 0 0 0 0 0 0 0 0 0 0 0 0 0 0 0 0 0 0 0 0 0 0 0 0 0 0 0 0 0 0 0 0 0 0 0 0 0 0 0 0 0 0 0 0 0 0 0 0 0 0 0 0 0 0 0 0 0 0 0 0 0 0 0 0 0 
0 0 1 0 0 0 0 0 0 0 0 0 
413 -313 416 -282 420 -273 442 -161 450 -100 450 -65 450 -21 453 56 457 109 472 186 494 224 498 327 494 364 490 427 490 500 413 -297 431 -261 436 -243 468 -155 471 -101 473 -67 473 -29 473 45 473 99 478 171 484 207 486 299 489 333 486 385 492 459 500 500 500 500 459 -283 459 -283 471 -234 477 -203 481 -145 485 -93 485 -37 485 -17 489 58 491 116 495 183 495 223 499 305 495 341 497 392 493 464 487 500 487 500 487 500 487 500 3 31 4 9 22 112 8 61 0 35 0 44 3 77 4 53 15 77 22 38 4 103 -4 37 -4 63 0 73 -77 -797 18 36 5 18 32 88 3 54 2 34 0 38 0 74 0 54 5 72 6 36 2 92 3 34 -3 52 6 74 8 41 0 0 -41 -783 0 0 12 49 6 31 4 58 4 52 0 56 0 20 4 75 2 58 4 67 0 40 4 82 -4 36 2 51 -4 72 -6 36 0 0 0 0 0 0 0 0 0 0 0 0 0 0 0 0 0 0 0 0 0 0 0 0 0 0 0 0 0 0 0 0 0 0 0 0 0 0 0 0 0 0 0 0 0 0 0 0 0 0 0 0 0 0 0 0 0 0 0 0 0 0 0 0 0 0 0 0 0 0 0 0 0 0 0 0 0 0 0 0 0 0 0 0 0 0 0 0 0 0 0 0 0 0 0 0 0 0 0 0 
0 0 1 0 0 0 0 0 0 0 0 0 
487 -331 487 -331 497 -214 500 -149 500 -96 500 -58 494 -4 492 33 487 85 479 125 479 161 472 234 464 295 454 389 454 463 454 485 454 498 454 498 487 -287 489 -170 500 -95 495 -44 491 -8 489 42 489 79 487 132 489 168 487 203 485 276 485 331 481 424 478 495 478 500 497 -293 497 -167 499 -104 497 -44 492 -13 485 48 482 81 475 139 472 177 467 212 457 282 454 340 447 433 447 473 450 498 0 0 10 117 3 65 0 53 0 38 -6 54 -2 37 -5 52 -8 40 0 36 -7 73 -8 61 -10 94 0 74 0 22 0 13 0 0 33 -785 2 117 11 75 -5 51 -4 36 -2 50 0 37 -2 53 2 36 -2 35 -2 73 0 55 -4 93 -3 71 0 5 19 -793 0 126 2 63 -2 60 -5 31 -7 61 -3 33 -7 58 -3 38 -5 35 -10 70 -3 58 -7 93 0 40 3 25 0 0 0 0 0 0 0 0 0 0 0 0 0 0 0 0 0 0 0 0 0 0 0 0 0 0 0 0 0 0 0 0 0 0 0 0 0 0 0 0 0 0 0 0 0 0 0 0 0 0 0 0 0 0 0 0 0 0 0 0 0 0 0 0 0 0 0 0 0 0 0 0 0 0 0 0 0 0 0 0 0 0 0 0 0 0 0 0 0 0 0 0 0 0 0 0 0 0 0 0 0 0 0 0 0 0 0 0 0 0 
0 0 1 0 0 0 0 0 0 0 0 0 
500 -282 500 -177 495 -126 495 -50 495 43 495 111 495 194 495 271 500 361 500 437 495 494 495 498 482 -377 485 -281 488 -171 488 -136 485 -47 485 41 485 108 488 195 494 271 500 357 497 446 497 483 494 494 494 498 494 498 483 -346 483 -346 494 -239 496 -146 498 -92 498 0 496 73 494 137 494 221 494 301 494 383 485 450 455 484 440 500 440 500 440 500 241 493 241 493 0 105 -5 51 0 76 0 93 0 68 0 83 0 77 5 90 0 76 -5 57 0 4 -13 -875 3 96 3 110 0 35 -3 89 0 88 0 67 3 87 6 76 6 86 -3 89 0 37 -3 11 0 4 0 0 -11 -844 0 0 11 107 2 93 2 54 0 92 -2 73 -2 64 0 84 0 80 0 82 -9 67 -30 34 -15 16 0 0 0 0 -199 -7 0 0 0 0 0 0 0 0 0 0 0 0 0 0 0 0 0 0 0 0 0 0 0 0 0 0 0 0 0 0 0 0 0 0 0 0 0 0 0 0 0 0 0 0 0 0 0 0 0 0 0 0 0 0 0 0 0 0 0 0 0 0 0 0 0 0 0 0 0 0 0 0 0 0 0 0 0 0 0 0 0 0 0 0 0 0 0 0 0 0 0 0 0 0 0 0 0 0 0 0 0 0 0 0 0 0 0 0 0 0 0 0 0 0 0 0 0 0 0 0 0 0 0 0 
0 0 1 0 0 0 0 0 0 0 0 0 
230 -354 230 -354 251 -275 246 -248 241 -237 233 -204 223 -136 211 -67 208 -20 200 80 197 150 192 224 185 291 178 352 160 426 157 455 157 455 152 499 500 493 500 493 499 -282 499 -259 497 -232 494 -194 488 -144 471 -79 465 -13 457 38 446 139 443 176 436 250 434 318 428 408 426 435 426 465 426 465 429 498 479 -178 479 -178 479 -178 497 -50 499 -4 497 50 495 151 493 191 493 264 491 341 487 396 425 488 417 499 0 0 21 79 -5 27 -5 11 -8 33 -10 68 -12 69 -3 47 -8 100 -3 70 -5 74 -7 67 -7 61 -18 74 -3 29 0 0 -5 44 348 -6 0 0 -1 -775 0 23 -2 27 -3 38 -6 50 -17 65 -6 66 -8 51 -11 101 -3 37 -7 74 -2 68 -6 90 -2 27 0 30 0 0 3 33 50 -676 0 0 0 0 18 128 2 46 -2 54 -2 101 -2 40 0 73 -2 77 -4 55 -62 92 -8 11 0 0 0 0 0 0 0 0 0 0 0 0 0 0 0 0 0 0 0 0 0 0 0 0 0 0 0 0 0 0 0 0 0 0 0 0 0 0 0 0 0 0 0 0 0 0 0 0 0 0 0 0 0 0 0 0 0 0 0 0 0 0 0 0 0 0 0 0 0 0 0 0 0 0 0 0 0 0 0 0 0 0 0 0 0 0 0 0 0 0 0 0 0 0 0 0 0 0 0 0 0 0 
0 0 1 0 0 0 0 0 0 0 0 0 
490 -24 490 -24 490 -24 500 55 496 167 500 256 493 328 490 434 493 498 154 -347 157 -313 161 -304 164 -258 167 -204 167 -130 167 -93 167 -73 164 -54 161 26 157 104 154 204 154 282 151 386 157 500 499 484 499 484 478 -265 478 -265 469 -241 467 -232 460 -178 453 -143 450 -67 490 15 495 30 495 45 500 115 500 193 495 286 488 356 474 454 464 493 -30 500 -30 500 -30 500 -30 500 0 0 0 0 10 79 -4 112 4 89 -7 72 -3 106 3 64 -339 -845 3 34 4 9 3 46 3 54 0 74 0 37 0 20 -3 19 -3 80 -4 78 -3 100 0 78 -3 104 6 114 342 -16 0 0 -21 -749 0 0 -9 24 -2 9 -7 54 -7 35 -3 76 40 82 5 15 0 15 5 70 0 78 -5 93 -7 70 -14 98 -10 39 -494 7 0 0 0 0 0 0 0 0 0 0 0 0 0 0 0 0 0 0 0 0 0 0 0 0 0 0 0 0 0 0 0 0 0 0 0 0 0 0 0 0 0 0 0 0 0 0 0 0 0 0 0 0 0 0 0 0 0 0 0 0 0 0 0 0 0 0 0 0 0 0 0 0 0 0 0 0 0 0 0 0 0 0 0 0 0 0 0 0 0 0 0 0 0 0 0 0 0 0 0 0 0 0 0 0 0 0 0 0 0 0 0 0 0 0 0 0 0 0 0 0 0 0 0 0 
0 0 1 0 0 0 0 0 0 0 0 0 
205 -489 197 -465 196 -458 191 -415 184 -286 184 -176 188 -145 186 -110 186 -8 183 97 183 141 181 176 179 282 178 380 171 432 160 500 499 445 499 452 340 -480 340 -480 332 -418 332 -403 329 -357 329 -239 329 -161 329 -118 332 -62 332 21 330 105 330 161 330 198 330 303 329 398 329 456 330 493 156 495 154 500 499 465 499 465 489 -470 491 -424 492 -412 491 -361 492 -229 496 -146 499 -109 499 -69 491 62 494 113 489 171 489 213 486 327 484 419 484 461 486 498 -8 24 -1 7 -5 43 -7 129 0 110 4 31 -2 35 0 102 -3 105 0 44 -2 35 -2 106 -1 98 -7 52 -11 68 339 -55 0 7 -159 -932 0 0 -8 62 0 15 -3 46 0 118 0 78 0 43 3 56 0 83 -2 84 0 56 0 37 0 105 -1 95 0 58 1 37 -174 2 -2 5 345 -35 0 0 -10 -935 2 46 1 12 -1 51 1 132 4 83 3 37 0 40 -8 131 3 51 -5 58 0 42 -3 114 -2 92 0 42 2 37 0 0 0 0 0 0 0 0 0 0 0 0 0 0 0 0 0 0 0 0 0 0 0 0 0 0 0 0 0 0 0 0 0 0 0 0 0 0 0 0 0 0 0 0 0 0 0 0 0 0 0 0 0 0 0 0 0 0 0 0 0 0 0 0 0 0 0 0 0 0 0 0 0 0 0 0 0 0 0 0 0 0 
0 0 1 0 0 0 0 0 0 0 0 0 
499 -248 496 -183 492 -124 478 -54 457 41 432 137 421 239 411 307 407 405 407 498 498 -335 498 -240 496 -158 493 -121 488 -51 475 45 470 127 462 222 459 303 462 402 464 500 163 493 163 493 496 -256 496 -256 500 -161 498 -86 494 -53 482 10 470 103 462 206 458 275 454 353 442 439 428 489 235 500 235 500 -3 65 -4 59 -14 70 -21 95 -25 96 -11 102 -10 68 -4 98 0 93 91 -833 0 95 -2 82 -3 37 -5 70 -13 96 -5 82 -8 95 -3 81 3 99 2 98 -301 -7 0 0 333 -749 0 0 4 95 -2 75 -4 33 -12 63 -12 93 -8 103 -4 69 -4 78 -12 86 -14 50 -193 11 0 0 0 0 0 0 0 0 0 0 0 0 0 0 0 0 0 0 0 0 0 0 0 0 0 0 0 0 0 0 0 0 0 0 0 0 0 0 0 0 0 0 0 0 0 0 0 0 0 0 0 0 0 0 0 0 0 0 0 0 0 0 0 0 0 0 0 0 0 0 0 0 0 0 0 0 0 0 0 0 0 0 0 0 0 0 0 0 0 0 0 0 0 0 0 0 0 0 0 0 0 0 0 0 0 0 0 0 0 0 0 0 0 0 0 0 0 0 0 0 0 0 0 0 0 0 0 0 0 0 0 0 0 0 0 0 0 0 0 0 0 0 0 0 0 0 0 0 0 0 0 0 0 0 0 0 
0 0 1 0 0 0 0 0 0 0 0 0 
487 -222 487 -158 487 -64 491 77 496 176 499 267 498 337 498 337 499 465 492 498 492 498 479 -335 470 -241 470 -167 470 -91 476 44 480 143 483 228 489 299 489 299 488 420 492 456 500 498 500 498 203 -378 203 -378 180 -291 174 -223 175 -140 181 0 187 98 190 181 193 258 193 277 192 387 189 470 187 498 187 498 500 483 500 483 0 64 0 94 4 141 5 99 3 91 -1 70 0 0 1 128 -7 33 0 0 -13 -833 -9 94 0 74 0 76 6 135 4 99 3 85 6 71 0 0 -1 121 4 36 8 42 0 0 -297 -876 0 0 -23 87 -6 68 1 83 6 140 6 98 3 83 3 77 0 19 -1 110 -3 83 -2 28 0 0 313 -15 0 0 0 0 0 0 0 0 0 0 0 0 0 0 0 0 0 0 0 0 0 0 0 0 0 0 0 0 0 0 0 0 0 0 0 0 0 0 0 0 0 0 0 0 0 0 0 0 0 0 0 0 0 0 0 0 0 0 0 0 0 0 0 0 0 0 0 0 0 0 0 0 0 0 0 0 0 0 0 0 0 0 0 0 0 0 0 0 0 0 0 0 0 0 0 0 0 0 0 0 0 0 0 0 0 0 0 0 0 0 0 0 0 0 0 0 0 0 0 0 0 0 0 0 0 0 0 0 0 0 0 0 0 0 0 0 0 0 0 0 0 0 0 0 
0 0 1 0 0 0 0 0 0 0 0 0 
470 -390 483 -336 496 -235 490 -123 490 -20 487 31 483 103 490 213 496 338 500 421 493 499 468 -367 479 -313 486 -233 486 -123 489 -19 491 32 489 101 491 205 494 321 496 397 496 483 498 498 498 498 476 -315 476 -315 485 -252 495 -179 493 -73 495 25 499 75 497 144 499 248 499 354 493 427 480 483 478 488 478 488 295 498 295 498 13 54 13 101 -6 112 0 103 -3 51 -4 72 7 110 6 125 4 83 -7 78 -25 -866 11 54 7 80 0 110 3 104 2 51 -2 69 2 104 3 116 2 76 0 86 2 15 0 0 -22 -813 0 0 9 63 10 73 -2 106 2 98 4 50 -2 69 2 104 0 106 -6 73 -13 56 -2 5 0 0 -183 10 0 0 0 0 0 0 0 0 0 0 0 0 0 0 0 0 0 0 0 0 0 0 0 0 0 0 0 0 0 0 0 0 0 0 0 0 0 0 0 0 0 0 0 0 0 0 0 0 0 0 0 0 0 0 0 0 0 0 0 0 0 0 0 0 0 0 0 0 0 0 0 0 0 0 0 0 0 0 0 0 0 0 0 0 0 0 0 0 0 0 0 0 0 0 0 0 0 0 0 0 0 0 0 0 0 0 0 0 0 0 0 0 0 0 0 0 0 0 0 0 0 0 0 0 0 0 0 0 0 0 0 0 0 0 0 0 0 0 0 0 0 0 0 0 
0 0 1 0 0 0 0 0 0 0 0 0 
498 -427 498 -427 498 -427 466 -349 455 -315 440 -232 427 -149 423 -78 419 -11 419 83 416 147 419 163 421 228 421 247 423 282 421 368 425 413 431 498 431 498 499 -372 499 -372 494 -331 488 -301 469 -173 455 -84 454 -35 452 53 452 117 452 204 452 219 454 293 454 293 455 329 460 441 465 500 499 -273 499 -273 491 -176 489 -82 487 -26 487 67 487 154 489 198 489 239 489 283 489 283 491 343 491 440 489 498 0 0 0 0 -32 78 -11 34 -15 83 -13 83 -4 71 -4 67 0 94 -3 64 3 16 2 65 0 19 2 35 -2 86 4 45 6 85 0 0 68 -870 0 0 -5 41 -6 30 -19 128 -14 89 -1 49 -2 88 0 64 0 87 0 15 2 74 0 0 1 36 5 112 5 59 34 -773 0 0 -8 97 -2 94 -2 56 0 93 0 87 2 44 0 41 0 44 0 0 2 60 0 97 -2 58 0 0 0 0 0 0 0 0 0 0 0 0 0 0 0 0 0 0 0 0 0 0 0 0 0 0 0 0 0 0 0 0 0 0 0 0 0 0 0 0 0 0 0 0 0 0 0 0 0 0 0 0 0 0 0 0 0 0 0 0 0 0 0 0 0 0 0 0 0 0 0 0 0 0 0 0 0 0 0 0 0 0 0 0 0 0 0 0 0 0 0 0 0 0 0 0 0 0 0 0 0 0 0 0 0 0 
0 0 1 0 0 0 0 0 0 0 0 0 
259 -422 34 -437 32 -417 26 -320 19 -222 13 -132 6 -51 2 12 4 99 8 186 13 251 21 350 30 426 32 478 286 500 286 500 500 476 500 476 498 -382 240 -421 238 -400 232 -297 228 -195 223 -110 219 -58 217 10 219 117 226 202 230 250 245 369 257 439 268 500 475 480 475 480 498 -378 494 -353 486 -247 475 -153 469 -63 462 -11 458 65 466 177 466 254 471 319 477 430 479 472 477 500 -225 -15 -2 20 -6 97 -7 98 -6 90 -7 81 -4 63 2 87 4 87 5 65 8 99 9 76 2 52 254 22 0 0 214 -24 0 0 -2 -858 -258 -39 -2 21 -6 103 -4 102 -5 85 -4 52 -2 68 2 107 7 85 4 48 15 119 12 70 11 61 207 -20 0 0 23 -858 -4 25 -8 106 -11 94 -6 90 -7 52 -4 76 8 112 0 77 5 65 6 111 2 42 -2 28 0 0 0 0 0 0 0 0 0 0 0 0 0 0 0 0 0 0 0 0 0 0 0 0 0 0 0 0 0 0 0 0 0 0 0 0 0 0 0 0 0 0 0 0 0 0 0 0 0 0 0 0 0 0 0 0 0 0 0 0 0 0 0 0 0 0 0 0 0 0 0 0 0 0 0 0 0 0 0 0 0 0 0 0 0 0 0 0 0 0 0 0 0 0 0 0 0 0 0 0 0 0 0 0 0 0 0 0 0 0 0 0 0 0 
0 0 1 0 0 0 0 0 0 0 0 0 
