-117 500 -275 313 -248 296 -210 280 -186 268 -116 260 -65 264 9 256 89 272 111 264 168 264 231 276 253 280 331 292 377 304 389 308 410 308 431 308 431 308 469 313 477 317 489 317 499 317 -286 106 -233 498 -219 486 -172 455 -143 434 -90 431 -34 419 24 419 84 419 93 425 190 422 249 428 265 434 329 446 372 455 383 462 406 465 436 446 436 446 466 468 469 468 475 468 499 474 499 474 -147 485 -147 485 -109 461 -60 449 -14 441 43 437 113 437 165 445 193 437 277 449 295 453 320 453 395 473 442 477 442 477 459 485 482 481 490 481 499 497 499 497 0 0 0 0 0 0 0 0 0 0 0 0 0 0 0 0 
0 1 0 0 0 0 
-241 491 -167 463 -106 418 -35 374 -27 363 46 284 75 296 92 273 207 284 218 268 301 335 333 335 382 385 422 418 443 435 484 497 486 497 496 491 499 491 -240 498 -240 498 -175 474 -103 444 -47 390 -31 393 55 360 75 357 121 342 184 342 245 351 292 351 339 402 369 423 410 441 446 453 468 462 471 465 492 483 499 492 499 492 -135 500 -67 462 -23 424 31 386 42 378 114 336 133 323 156 310 259 310 275 306 358 344 389 357 442 386 480 403 499 390 499 390 0 0 0 0 0 0 0 0 0 0 0 0 0 0 0 0 0 0 0 0 0 0 0 0 0 0 0 0 0 0 0 0 0 0 0 0 0 0 
0 1 0 0 0 0 
-262 407 -250 407 -222 400 -141 389 -90 378 -59 374 -28 367 3 363 34 360 99 360 132 363 163 367 193 370 224 374 275 381 305 389 337 400 364 407 409 425 454 458 483 483 499 498 -232 -83 -194 -79 -183 -79 -150 -79 -97 -90 -47 -111 -17 -119 10 -122 40 -129 72 -133 132 -129 162 -126 194 -115 224 -108 253 -97 302 -86 329 -75 358 -61 384 -54 422 -39 460 -21 492 -3 499 7 469 498 -262 442 -262 442 -222 450 -211 450 -184 447 -127 432 -88 424 -59 416 -30 411 -2 406 27 401 86 401 118 404 149 406 186 409 217 409 255 414 286 416 312 421 339 427 376 437 418 455 473 480 484 488 497 498 499 498 0 0 0 0 0 0 
0 1 0 0 0 0 
-141 356 -200 80 -200 80 -172 77 -126 74 -114 74 -103 71 -103 71 -94 71 -85 68 -64 77 -40 71 -31 71 25 80 41 86 84 92 121 102 148 102 182 114 239 133 252 133 305 136 356 130 370 136 419 170 423 173 430 176 432 179 435 179 440 182 499 498 499 498 -144 361 -144 361 -56 221 -66 398 -66 398 -66 398 -12 249 -13 280 -13 280 71 233 71 233 71 233 155 230 169 242 211 252 230 267 259 264 293 283 332 286 349 286 416 295 441 302 475 308 500 330 500 330 497 398 496 426 491 467 490 498 -71 221 -34 227 -34 227 -34 227 -26 358 -13 364 -13 364 62 398 74 414 108 429 141 451 162 457 195 457 237 464 
0 1 0 0 0 0 
-308 186 -308 186 -273 212 -264 216 -260 220 -245 223 -235 227 -168 216 -110 227 -91 212 -5 500 34 496 59 496 16 223 89 223 128 235 185 238 251 242 324 227 372 220 426 231 482 268 487 261 491 250 499 205 -307 481 -292 484 -277 492 -267 495 -258 495 -237 498 -218 498 -171 492 -106 456 -83 462 -87 25 -56 39 -48 33 25 470 102 464 128 473 172 478 254 481 325 473 370 476 401 473 450 467 450 467 450 467 483 459 500 445 -151 500 -151 500 -151 500 -151 500 -151 500 -65 482 -31 467 -21 464 79 474 155 478 196 496 250 496 327 482 367 485 432 474 470 471 499 456 0 0 0 0 0 0 0 0 0 0 0 0 0 0 
0 1 0 0 0 0 
-364 310 -304 345 -268 375 -196 425 -156 460 -130 470 -35 500 -9 495 26 490 115 465 138 460 150 455 171 440 223 440 236 425 287 400 304 385 347 360 396 335 434 310 466 300 492 290 500 290 -322 427 -322 427 -256 448 -224 454 -157 465 -127 480 -73 465 -9 477 14 498 63 486 164 451 179 459 211 445 224 448 246 448 266 442 314 439 332 439 373 433 408 424 447 418 488 412 500 409 500 409 476 -32 483 -32 -269 403 -205 431 -174 439 -119 463 -83 475 -61 483 32 495 66 500 91 500 176 479 200 479 200 479 249 467 268 459 283 447 324 431 339 407 380 395 433 379 456 375 499 379 0 0 0 0 0 0 0 0 0 0 
0 1 0 0 0 0 
497 498 -375 452 -375 452 -328 458 -277 470 -277 470 -269 464 -247 458 -236 470 -223 464 -211 464 -147 470 -100 458 -55 464 -3 452 -3 452 60 464 135 500 143 494 199 494 263 482 314 494 364 476 384 470 409 476 454 464 454 464 494 428 500 422 -248 266 -228 266 -180 263 -221 435 -221 435 -221 435 -221 435 -221 435 -196 456 -107 483 -56 479 -18 476 1 483 35 469 114 486 180 493 187 496 235 496 307 493 352 496 425 493 439 500 463 493 499 489 -362 457 -322 470 -322 470 -201 274 -175 274 -140 281 -131 278 -131 278 -122 281 -66 281 -8 278 30 274 48 278 80 274 139 268 213 271 220 271 273 268 328 268 385 274 442 274 448 285 
0 1 0 0 0 0 
-314 385 -286 400 -267 403 -236 414 -193 437 -175 451 -113 459 -97 462 -60 459 6 500 57 496 112 492 172 485 225 496 281 459 308 462 339 462 425 444 441 437 494 433 499 429 -315 497 -414 167 -386 188 -345 221 -326 230 -289 255 -267 259 -213 288 -177 309 -161 301 -67 322 -48 317 47 330 72 309 161 322 184 301 209 305 273 305 334 297 348 280 389 263 447 267 463 255 479 242 500 238 -415 -15 -412 403 -393 415 -375 427 -350 433 -293 448 -275 457 -215 472 -207 478 -157 478 -102 487 -48 496 15 500 60 490 120 493 175 484 204 472 228 475 309 460 325 460 365 457 393 460 442 466 461 466 484 463 500 33 500 33 0 0 0 0 
0 1 0 0 0 0 
498 498 498 498 -256 407 -243 415 -222 426 -159 454 -116 462 -116 462 -121 233 -121 233 -121 233 -121 233 -121 233 -121 233 5 225 54 312 53 268 85 284 92 272 133 498 175 229 222 245 267 237 301 252 332 221 465 454 465 454 478 438 483 426 499 415 -235 227 -353 401 -339 405 -283 433 -228 449 -191 471 -156 474 -156 474 -125 481 -103 484 -74 477 -52 484 -44 487 127 303 134 287 134 287 192 306 192 306 192 306 213 496 213 496 286 500 298 496 357 484 394 490 404 481 437 471 447 465 455 462 455 462 464 458 473 37 485 28 499 15 499 15 -365 -12 -349 -6 -311 6 -254 28 -203 40 -203 40 -82 266 -82 266 -82 266 -4 288 
0 1 0 0 0 0 
-323 306 -258 310 -235 315 -189 331 -126 348 -65 378 -40 390 20 428 50 436 101 457 150 478 206 487 246 478 323 495 369 495 411 495 450 500 462 500 495 491 500 495 -296 395 -296 395 -234 392 -198 387 -157 401 -113 415 -40 440 -19 449 39 457 53 466 105 480 157 483 231 497 252 500 339 494 384 494 413 500 460 491 469 497 500 497 500 497 496 166 496 166 -203 348 -156 348 -119 359 -87 365 -29 385 28 419 59 439 93 442 102 453 172 473 209 476 283 479 303 483 380 496 409 496 450 500 483 496 496 496 500 489 0 0 0 0 0 0 0 0 0 0 0 0 0 0 0 0 0 0 0 0 0 0 0 0 0 0 
0 1 0 0 0 0 
500 500 -284 108 -284 108 -240 117 -180 120 -108 126 -34 120 30 123 126 105 150 108 202 99 250 93 324 93 315 481 327 481 351 500 426 493 499 84 -207 483 -207 483 -207 483 -172 500 -119 500 -55 493 0 500 65 493 167 483 176 483 228 480 292 463 334 446 286 153 316 153 369 146 421 146 425 146 429 143 500 423 473 146 473 146 -367 477 -367 477 -367 477 -333 494 -277 500 -238 497 -162 494 -126 494 -53 494 4 486 55 480 102 472 167 458 174 455 320 281 343 276 400 270 439 265 443 265 448 267 413 386 500 262 500 262 500 262 0 0 0 0 0 0 0 0 0 0 0 0 0 0 0 0 0 0 0 0 0 0 
0 1 0 0 0 0 
-273 497 -273 497 -251 342 -186 348 -146 359 -77 353 -37 359 19 359 104 320 158 325 218 309 257 325 326 309 343 287 343 287 406 259 441 248 458 237 458 237 500 243 -327 446 -327 446 -223 485 -194 496 -154 489 -94 499 -41 499 15 492 82 489 135 478 202 475 236 475 317 464 356 460 365 460 409 450 438 446 470 443 470 443 491 450 495 -21 499 -17 -224 450 -186 450 -108 469 -71 478 -8 497 30 492 77 478 164 436 215 455 273 450 307 436 375 417 389 403 389 403 446 380 487 375 499 347 0 0 0 0 0 0 0 0 0 0 0 0 0 0 0 0 0 0 0 0 0 0 0 0 0 0 0 0 0 0 0 0 
0 1 0 0 0 0 
-350 325 -350 325 -304 386 -264 416 -226 439 -198 462 -150 492 -120 500 -90 500 -59 500 -29 484 2 469 30 462 61 446 97 416 111 393 157 318 180 272 209 242 232 219 280 181 322 159 334 151 377 136 392 121 435 98 465 83 469 83 494 68 500 60 -356 418 -307 449 -265 464 -236 475 -206 483 -144 498 -113 498 -81 498 -48 490 -20 486 14 475 45 471 71 460 102 452 119 441 168 396 198 377 223 358 248 350 290 335 335 320 345 316 390 309 402 301 445 290 471 283 475 279 499 267 -264 473 -223 481 -193 486 -161 491 -83 498 -55 496 -25 493 5 488 33 481 63 473 95 468 125 461 156 451 200 441 247 421 271 408 296 396 
0 1 0 0 0 0 
-361 458 -319 439 -294 434 -239 434 -191 444 -108 449 -56 444 -5 458 5 458 66 478 151 483 200 492 229 492 259 497 306 497 341 487 362 483 408 473 435 473 435 473 468 458 499 444 -191 457 -197 477 -104 416 -69 433 -13 436 51 436 120 443 111 470 167 470 261 484 291 494 320 498 383 494 406 494 430 491 439 498 500 488 500 488 -344 487 -344 487 -300 475 -273 469 -211 466 -174 466 -110 462 -46 466 -6 466 4 469 68 475 163 481 212 487 229 500 267 493 295 500 342 487 358 490 401 484 409 484 409 484 461 484 494 481 499 481 499 481 0 0 0 0 0 0 0 0 0 0 0 0 0 0 0 0 0 0 0 0 
0 1 0 0 0 0 
-291 492 -291 492 -241 488 -174 473 -53 466 74 463 116 466 162 476 255 470 306 482 376 476 438 492 457 498 500 488 500 488 500 488 -310 220 -263 194 -193 180 -86 173 30 166 87 166 153 194 192 187 281 209 321 194 363 198 403 216 500 498 -203 469 -141 462 -104 462 10 458 120 447 201 447 222 458 304 454 362 469 408 469 476 498 499 498 0 0 0 0 0 0 0 0 0 0 0 0 0 0 0 0 0 0 0 0 0 0 0 0 0 0 0 0 0 0 0 0 0 0 0 0 0 0 0 0 0 0 0 0 0 0 0 0 0 0 0 0 0 0 0 0 0 0 0 0 0 0 0 0 0 0 0 0 
0 1 0 0 0 0 
